0.00000000099999999999 0.33574536355580897329 0.11165155268401848188 0.00000000099999999999 0.55260308176017247650 
0.02582234646545865375 0.00000000099999999998 0.97417765053454130619 0.00000000099999999998 0.00000000099999999998 
0.00004973350123975393 0.00000000100000000000 0.83812472723965669719 0.02641821827150383703 0.13540731998759969468 
0.00916923210650710287 0.00000000099999999998 0.92691798811400372138 0.00000000099999999998 0.06391277777948924099 
0.00000000099999999998 0.00000000099999999998 0.89664401567980422936 0.00000000099999999998 0.10335598132019585549 
0.00000000099999999997 0.00000000099999999997 0.99999999599999989108 0.00000000099999999997 0.00000000099999999997 
0.02819054453559051432 0.00000000099999999993 0.00000000099999999993 0.97180945246440941787 0.00000000099999999993 
0.00000000099999999992 0.00000000099999999992 0.00000000099999999992 0.00000000099999999992 0.99999999600000000211 
0.00000000099999999995 0.00000000099999999995 0.94136093540799292700 0.00000000099999999995 0.05863906159200702600 
0.00000000099999999992 0.00000000099999999992 0.00000000099999999992 0.99999999599999989108 0.00000000099999999992 
0.00000000099999999995 0.00000000099999999995 0.00000000099999999995 0.99999999600000000211 0.00000000099999999995 
0.00000000099999999996 0.00000000099999999996 0.00000000099999999996 0.99999999600000000211 0.00000000099999999996 
0.99999999600000011313 0.00000000099999999991 0.00000000099999999991 0.00000000099999999991 0.00000000099999999991 
0.15915656195317168242 0.16322317898770191680 0.12323767286412824762 0.55438258519499816757 0.00000000100000000000 
0.42407317497883262325 0.41218050644032377949 0.00000000099999999999 0.00000000099999999999 0.16374631658084368158 
0.00000000099999999994 0.00000000099999999994 0.00000000099999999994 0.99999999600000000211 0.00000000099999999994 
0.21115630074176847120 0.22860195415042039446 0.00286743190719172944 0.45615332649297118950 0.10122098670764827222 
0.19545242421445893632 0.24104079272234563147 0.02233560311261047898 0.00000000100000000000 0.54117117895058497457 
0.00000000099999999983 0.99999999600000000211 0.00000000099999999983 0.00000000099999999983 0.00000000099999999983 
0.50585065325228195654 0.49414455246542798861 0.00000000099999999998 0.00000479228229018495 0.00000000099999999998 
0.99999999600000000211 0.00000000099999999984 0.00000000099999999984 0.00000000099999999984 0.00000000099999999984 
0.02109041291398708329 0.00000000099999999995 0.00000000099999999995 0.97890958408601280727 0.00000000099999999995 
0.00000000099999999989 0.99999999600000000211 0.00000000099999999989 0.00000000099999999989 0.00000000099999999989 
0.05051842076536168513 0.00000000099999999998 0.84341724263717166021 0.00000000099999999998 0.10606433459746682224 
0.02517264435065500600 0.00000000099999999995 0.00000000099999999995 0.97482735264934494701 0.00000000099999999995 
0.00008624146065338278 0.00000000099999999996 0.00000000099999999996 0.99991375553934647158 0.00000000099999999996 
0.99999999600000011313 0.00000000099999999995 0.00000000099999999995 0.00000000099999999995 0.00000000099999999995 
0.02638940548610664572 0.00720484436630427789 0.94747073595824060632 0.00000000099999999999 0.01893501318934848535 
0.00000000099999999997 0.00000000099999999997 0.93610940603211101330 0.00000000099999999997 0.06389059096788883563 
0.00000000539518538687 0.00000000099999999999 0.00000000099999999999 0.99999999160481456428 0.00000000099999999999 
0.00000000100000000000 0.02635692512131927040 0.00000000100000000000 0.88969249174086872944 0.08395058113781203590 
0.03565229977526703647 0.03058869589511906822 0.00000000099999999997 0.93375900232961395186 0.00000000099999999997 
0.06958238068344185789 0.00000000099999999999 0.91410352496971525316 0.00002755577560964225 0.01628653757123314089 
0.00000000099999999999 0.71305257238431341005 0.00107477055443306918 0.00000000099999999999 0.28587265506125353332 
0.01293717870757167022 0.01610940663505293705 0.85122067984170801669 0.00000000100000000000 0.11973273381566752749 
0.00000000099999999996 0.00000000099999999996 0.00000000099999999996 0.99999999599999989108 0.00000000099999999996 
0.00000000099999999990 0.99999999600000011313 0.00000000099999999990 0.00000000099999999990 0.00000000099999999990 
0.00000000100000000000 0.71109638004694952773 0.03125766941359003903 0.01958420433487194010 0.23806174520458858734 
0.00000000099999999996 0.00000000099999999996 0.00000000099999999996 0.99999999599999989108 0.00000000099999999996 
0.00000000099999999994 0.00082007502508100885 0.00000000099999999994 0.99917992197491911632 0.00000000099999999994 
0.04237148904852258702 0.00000000099999999996 0.00000000099999999996 0.95762850795147747007 0.00000000099999999996 
0.00000000099999999994 0.00000000099999999994 0.00000000099999999994 0.00000000099999999994 0.99999999599999989108 
0.00204900273351222694 0.00000000100000000000 0.07390660444526729600 0.08764570835785645553 0.83639868346336398996 
0.99999999600000011313 0.00000000099999999994 0.00000000099999999994 0.00000000099999999994 0.00000000099999999994 
0.48208068498389317069 0.00000000099999999998 0.51052123765167589653 0.00000000099999999998 0.00739807536443103618 
0.00000000099999999992 0.00000000099999999992 0.00000000099999999992 0.00000000099999999992 0.99999999599999989108 
0.01227980909656084009 0.00000000099999999998 0.00000000099999999998 0.98772018790343907302 0.00000000099999999998 
0.00000000099999999992 0.00000000099999999992 0.00000000099999999992 0.00000000099999999992 0.99999999600000000211 
0.00000000099999999994 0.00000000099999999994 0.00000000099999999994 0.00000000099999999994 0.99999999599999989108 
0.00000000099999999992 0.00000000099999999992 0.00000000099999999992 0.00000000099999999992 0.99999999599999989108 
0.00817643963923922815 0.00000000099999999999 0.86625480443832958422 0.00000000099999999999 0.12556875392243116440 
0.00000000099999999989 0.00000000099999999989 0.00000000099999999989 0.00000000099999999989 0.99999999600000000211 
0.00000000099999999992 0.00000000099999999992 0.00458440452519493294 0.00000000099999999992 0.99541559247480515538 
0.47605811114326479494 0.00970118017602924695 0.00000000099999999995 0.51424070668070587242 0.00000000099999999995 
0.01739626962399705087 0.01149602674754442513 0.80714139292033404427 0.00000000100000000000 0.16396630970812442474 
0.00000000099999999998 0.00000000099999999998 0.40516310486390483270 0.00000000099999999998 0.59483689213609525215 
0.00000000099999999995 0.00000000099999999995 0.00000000099999999995 0.00000000099999999995 0.99999999600000000211 
0.00000000099999999997 0.00000000099999999997 0.99999999600000000211 0.00000000099999999997 0.00000000099999999997 
0.00000000099999999994 0.00000000099999999994 0.00031682840548948499 0.00000000099999999994 0.99968316859451056278 
0.00000000099999999995 0.00000000099999999995 0.99999999599999989108 0.00000000099999999995 0.00000000099999999995 
0.00000000099999999996 0.00000000099999999996 0.97273406784163318761 0.00000000099999999996 0.02726592915836664743 
0.00000000099999999996 0.00000000099999999996 0.04097587610610524400 0.00000000099999999996 0.95902412089389466043 
0.00000000099999999993 0.00000000099999999993 0.00000000099999999993 0.00000000099999999993 0.99999999600000000211 
0.00000000099999999999 0.92729060256123374550 0.00000000099999999999 0.07270860795979194879 0.00000078747897443791 
0.00000000099999999996 0.00000000099999999996 0.97112418357015550807 0.00000000099999999996 0.02887581342984459065 
0.00000000099999999998 0.01233200233157125299 0.00001539251942552458 0.00000000099999999998 0.98765260314900316096 
0.00000000099999999991 0.99999999600000000211 0.00000000099999999991 0.00000000099999999991 0.00000000099999999991 
0.00000000099999999997 0.00901705040520380842 0.00000000099999999997 0.99098294659479602142 0.00000000099999999997 
0.00000000099999999997 0.00000000099999999997 0.99999999599999989108 0.00000000099999999997 0.00000000099999999997 
0.00000000099999999995 0.99999999600000011313 0.00000000099999999995 0.00000000099999999995 0.00000000099999999995 
0.02641369553924383454 0.97358630146075619827 0.00000000099999999993 0.00000000099999999993 0.00000000099999999993 
0.00000000099999999997 0.95952265675134218448 0.00000000099999999997 0.04047734024865794894 0.00000000099999999997 
0.99999999600000011313 0.00000000099999999994 0.00000000099999999994 0.00000000099999999994 0.00000000099999999994 
0.61131756500442679947 0.38868243199557322987 0.00000000099999999995 0.00000000099999999995 0.00000000099999999995 
0.54409505773550548291 0.29195582006192710711 0.00000047433999426046 0.01859198059597682098 0.14535666726659640657 
0.99999999600000011313 0.00000000099999999994 0.00000000099999999994 0.00000000099999999994 0.00000000099999999994 
0.00000000099999999994 0.00000000099999999994 0.00000000099999999994 0.99999999599999989108 0.00000000099999999994 
0.00000000099999999991 0.99999999600000011313 0.00000000099999999991 0.00000000099999999991 0.00000000099999999991 
0.63386583528352180572 0.36613416171647822361 0.00000000099999999993 0.00000000099999999993 0.00000000099999999993 
0.59933714333137722008 0.40066285366862280926 0.00000000099999999994 0.00000000099999999994 0.00000000099999999994 
0.04114415042231348713 0.88195066370851693538 0.00000000099999999999 0.07690518386916959936 0.00000000099999999999 
0.54938904240677932656 0.08670608094166307178 0.20377104314901678395 0.16013346729101746169 0.00000036621152343507 
0.00000000100000000000 0.07076048001034015988 0.13565673058865290734 0.79226582776486120796 0.00131696063614577890 
0.99999999600000011313 0.00000000099999999994 0.00000000099999999994 0.00000000099999999994 0.00000000099999999994 
0.00000000099999999997 0.98517046801485830265 0.00000000099999999997 0.01482952898514169372 0.00000000099999999997 
0.00000000099999999993 0.00000000099999999993 0.00000000099999999993 0.99999999600000000211 0.00000000099999999993 
0.03620754151141006988 0.02932391696076089294 0.00000000099999999998 0.93446853952782893415 0.00000000099999999998 
0.99999999600000000211 0.00000000099999999993 0.00000000099999999993 0.00000000099999999993 0.00000000099999999993 
0.00639145924925548035 0.00644246320284255769 0.00000000099999999997 0.98716607554790192225 0.00000000099999999997 
0.61352327968788988866 0.38647671731211008517 0.00000000099999999995 0.00000000099999999995 0.00000000099999999995 
0.96121971802507522042 0.00000000099999999999 0.00000000099999999999 0.00000000099999999999 0.03878027897492492687 
0.00000000099999999995 0.92335902113764523058 0.00000000099999999995 0.07664097586235489590 0.00000000099999999995 
0.98765874969876499279 0.00000000099999999998 0.00000000099999999998 0.01234124730123492379 0.00000000099999999998 
0.01940981616956930986 0.04660262123871771606 0.00000000099999999996 0.93398756059171295085 0.00000000099999999996 
0.00000000099999999992 0.00000000099999999992 0.00000000099999999992 0.00000000099999999992 0.99999999599999989108 
0.00000000099999999986 0.00000000099999999986 0.00000000099999999986 0.00000000099999999986 0.99999999600000000211 
0.00000000099999999997 0.00000000099999999997 0.98089932065086937740 0.00000000099999999997 0.01910067634913055132 
0.00000000099999999995 0.00000000099999999995 0.98088942556005609408 0.00000000099999999995 0.01911057143994392832 
0.01905656218456969545 0.93542769697267580398 0.00001598168147848848 0.00354805028178838307 0.04195170887948750094 
0.08115234185733732897 0.00000000099999999998 0.86067626875445668588 0.00000000099999999998 0.05817138738820606253 
0.00000000099999999996 0.00000000099999999996 0.99999999600000000211 0.00000000099999999996 0.00000000099999999996 
0.00000000099999999999 0.85885105514165049900 0.00000000099999999999 0.02357068910488552965 0.11757825375346407648 
0.02845391684333800283 0.00000000100000000000 0.75691798805508958559 0.10944239279319710467 0.10518570130837526233 
0.00000000099999999990 0.00000000099999999990 0.00000000099999999990 0.00000000099999999990 0.99999999599999989108 
0.00002316044593120873 0.81343172622128134819 0.05366608399161867937 0.01446092163235478470 0.11841810770881400217 
0.02850924695976204265 0.06986697204697933650 0.00000000099999999995 0.90162377899325862884 0.00000000099999999995 
0.00000000099999999991 0.99999999600000000211 0.00000000099999999991 0.00000000099999999991 0.00000000099999999991 
0.99999999600000011313 0.00000000099999999992 0.00000000099999999992 0.00000000099999999992 0.00000000099999999992 
0.00003336021948484442 0.00000000099999999997 0.00000000099999999997 0.99996663678051511681 0.00000000099999999997 
0.00000000099999999997 0.00000000099999999997 0.99999999599999989108 0.00000000099999999997 0.00000000099999999997 
0.01888159694935394664 0.16548341346641981531 0.77700433494354126385 0.00000000100000000000 0.03863065364068489493 
0.00001718815892798814 0.00000000099999999999 0.96548988595698403969 0.00000000099999999999 0.03449292388408795040 
0.00000000099999999997 0.00000000099999999997 0.93278535159476050342 0.00000000099999999997 0.06721464540523942877 
0.00000000099999999999 0.00000000099999999999 0.94256304315463934618 0.00005502263404345524 0.05738193221131722421 
0.00000000099999999994 0.00000000099999999994 0.91964810533781415902 0.00000000099999999994 0.08035189166218571766 
0.01149571456014088049 0.01687480346108033435 0.00000000099999999997 0.97162947997877879835 0.00000000099999999997 
0.99999999600000011313 0.00000000099999999996 0.00000000099999999996 0.00000000099999999996 0.00000000099999999996 
0.00000189585172120969 0.00572471103230085595 0.00000000099999999996 0.99427339111597790033 0.00000000099999999996 
0.00000000099999999997 0.00000000099999999997 0.00000000099999999997 0.99999999599999989108 0.00000000099999999997 
0.99999999600000011313 0.00000000099999999991 0.00000000099999999991 0.00000000099999999991 0.00000000099999999991 
0.00000000099999999987 0.99999999600000000211 0.00000000099999999987 0.00000000099999999987 0.00000000099999999987 
0.00000000099999999991 0.99999999600000011313 0.00000000099999999991 0.00000000099999999991 0.00000000099999999991 
0.00000000099999999992 0.00000000099999999992 0.00000000099999999992 0.99999999599999989108 0.00000000099999999992 
0.00000000099999999994 0.00000000099999999994 0.00000000099999999994 0.99999999600000000211 0.00000000099999999994 
0.00000000099999999993 0.00000000099999999993 0.00000000099999999993 0.99999999599999989108 0.00000000099999999993 
0.00000000099999999992 0.99999999600000000211 0.00000000099999999992 0.00000000099999999992 0.00000000099999999992 
0.00000000099999999998 0.95966925420819504389 0.00000000099999999998 0.04033074279180488136 0.00000000099999999998 
0.00000000099999999994 0.00000000099999999994 0.00000000099999999994 0.99999999600000000211 0.00000000099999999994 
0.99999999600000011313 0.00000000099999999993 0.00000000099999999993 0.00000000099999999993 0.00000000099999999993 
0.06631571325668210448 0.05332076867675417803 0.00000000100000000000 0.88036351606656371160 0.00000000100000000000 
0.00000000099999999987 0.99999999600000000211 0.00000000099999999987 0.00000000099999999987 0.00000000099999999987 
0.00000000099999999993 0.00000000099999999993 0.00000000099999999993 0.99999999599999989108 0.00000000099999999993 
0.03514100842576969169 0.00000000099999999999 0.86730631248554079793 0.00000000099999999999 0.09755267708868953225 
0.14545355807372128965 0.83760485954615049309 0.00000000099999999995 0.01694158038012813852 0.00000000099999999995 
0.00000000099999999999 0.00000000099999999999 0.92040949869210897383 0.07959010145083585119 0.00000039785705510618 
0.00000000099999999989 0.99999999600000011313 0.00000000099999999989 0.00000000099999999989 0.00000000099999999989 
0.00000030282867426997 0.00000000099999999996 0.00000000099999999996 0.99999969417132572591 0.00000000099999999996 
0.00000000099999999993 0.00000000099999999993 0.00000000099999999993 0.99999999600000000211 0.00000000099999999993 
0.00000000099999999990 0.99999999600000011313 0.00000000099999999990 0.00000000099999999990 0.00000000099999999990 
0.00000000099999999993 0.00000000099999999993 0.00000000099999999993 0.99999999600000000211 0.00000000099999999993 
0.03819123014070358729 0.06383332466015133322 0.20800380471298052232 0.64239938879800451144 0.04757225168815991390 
0.00000000099999999992 0.99999999600000011313 0.00000000099999999992 0.00000000099999999992 0.00000000099999999992 
0.00000000099999999999 0.00000000099999999999 0.00000000099999999999 0.99999999599588551558 0.00000000100411446030 
0.00000000099999999997 0.00000000099999999997 0.14039768004646843713 0.00000000099999999997 0.85960231695353161996 
0.00000000099999999999 0.71642299775113504889 0.11570507594784615324 0.00000000099999999999 0.16787192430101896545 
0.00000000099999999994 0.00000000099999999994 0.99999999600000000211 0.00000000099999999994 0.00000000099999999994 
0.00000000099999999996 0.00000000099999999996 0.98951733566684529908 0.00000000099999999996 0.01048266133315463138 
0.00000000099999999997 0.00000000099999999997 0.99999999599999989108 0.00000000099999999997 0.00000000099999999997 
0.00000000099999999997 0.00000000099999999997 0.99941557696352678608 0.00000000099999999997 0.00058442003647319533 
0.00000000099999999999 0.00529756487900725180 0.97388081146528471255 0.00000000099999999999 0.02082162165570796558 
0.00000000100000000000 0.02357538499266450746 0.71844555420285505232 0.08015818773199838432 0.17782087207248215011 
0.00000000099999999995 0.00000000099999999995 0.99999999600000000211 0.00000000099999999995 0.00000000099999999995 
0.00000000099999999989 0.99999999600000011313 0.00000000099999999989 0.00000000099999999989 0.00000000099999999989 
0.00000000099999999999 0.00000000099999999999 0.95148817301283894476 0.00000000099999999999 0.04851182398716095273 
0.00000000099999999998 0.73291396638654193740 0.03293084241242354160 0.00000000099999999998 0.23415518920103461920 
0.00000000099999999997 0.00000000099999999997 0.96077156492571935686 0.00000000099999999997 0.03922843207428061002 
0.00000000099999999992 0.00000000099999999992 0.00000000099999999992 0.00000000099999999992 0.99999999599999989108 
0.00000000099999999993 0.00000000099999999993 0.00000000099999999993 0.99999999600000000211 0.00000000099999999993 
0.00000000099999999990 0.00000000099999999990 0.00000000099999999990 0.00000000099999999990 0.99999999600000000211 
0.00000000099999999992 0.00000000099999999992 0.00000000099999999992 0.00000000099999999992 0.99999999599999989108 
0.01258158137264397784 0.00000000100000000000 0.91644411368120837214 0.01279195533131254926 0.05818234861483501108 
0.02586616540423281041 0.00000000099999999998 0.89944017610703796972 0.00000000099999999998 0.07469365648872924868 
0.00000000099999999994 0.00000000099999999994 0.00000000099999999994 0.00000000099999999994 0.99999999599999989108 
0.00000000099999999992 0.00000000099999999992 0.00000000099999999992 0.00000000099999999992 0.99999999600000000211 
0.00000000099999999997 0.00000000099999999997 0.91811690045744298594 0.00000000099999999997 0.08188309654255705727 
0.00000000099999999993 0.00000000099999999993 0.00000000099999999993 0.99999999599999989108 0.00000000099999999993 
0.00000000099999999999 0.02153670207445073162 0.88875574371665910789 0.00000000099999999999 0.08970755220889022052 
0.00000000099999999991 0.00000000099999999991 0.00000000099999999991 0.00000000099999999991 0.99999999599999989108 
0.03178313571676978644 0.00000000099999999999 0.93763789118977203252 0.00000000099999999999 0.03057897109345810577 
0.00000000099999999998 0.00000000099999999998 0.94071347056701015710 0.00000000099999999998 0.05928652643298988612 
0.00000000099999999993 0.00000000099999999993 0.00000000099999999993 0.00000000099999999993 0.99999999599999989108 
0.00000000099999999993 0.00000000099999999993 0.00000000099999999993 0.99999999600000000211 0.00000000099999999993 
0.00000000099999999996 0.00000000099999999996 0.00000000099999999996 0.00000000099999999996 0.99999999599999989108 
0.00000000099999999999 0.00000010076057855427 0.97575562459029852036 0.00000000099999999999 0.02424427264912297486 
0.04040809960248502308 0.00000000100000000000 0.93250415827491595078 0.00000000100000000000 0.02708774012259896474 
0.00409815689779541217 0.00000000099999999997 0.95489439887124771822 0.00000000099999999997 0.04100744223095684898 
0.00000000099999999993 0.00000000099999999993 0.00000000099999999993 0.99999999600000000211 0.00000000099999999993 
0.14013796621475280157 0.00000000099999999998 0.80052561715252612551 0.00000000099999999998 0.05933641463272113642 
0.00056570506732344522 0.00000000099999999998 0.92769333877610316019 0.00000000099999999998 0.07174095415657354147 
0.00000000099999999995 0.00000000099999999995 0.99999999600000000211 0.00000000099999999995 0.00000000099999999995 
0.00000000099999999999 0.00000000099999999999 0.99999464940530602419 0.00000000099999999999 0.00000534759469397008 
0.01736105159559301475 0.00000000099999999999 0.13843975508169109601 0.02046118695223757972 0.82373800537047825454 
0.00000000099999999999 0.00000000099999999999 0.00000000099999999999 0.86554639117294218664 0.13445360582705762065 
0.06742328859197241342 0.00000000099999999999 0.92248333465085607941 0.00000000099999999999 0.01009337475717171292 
0.00000000099999999987 0.00000000099999999987 0.00000000099999999987 0.00000000099999999987 0.99999999600000000211 
0.00000000099999999999 0.00000000099999999999 0.00017666977923629012 0.00000000099999999999 0.99982332722076372455 
0.00000000099999999999 0.05005125253159435628 0.32762496523332895748 0.00000000099999999999 0.62232378023507661791 
0.06725759284375139313 0.00000000100000000000 0.17795089214328108085 0.39640524380928993109 0.35838627020367774811 
0.00000000099999999993 0.00000000099999999993 0.99999999599999989108 0.00000000099999999993 0.00000000099999999993 
0.00000009001744639541 0.08224025864779289929 0.41345191757999349980 0.40981255544236622201 0.09449517831240093757 
0.20485958800092038401 0.00000000099999999998 0.77043072969663084493 0.00000000099999999998 0.02470968030244883457 
0.00000000099999999999 0.00000000099999999999 0.99999999599999989108 0.00000000099999999999 0.00000000099999999999 
0.00167486990213232549 0.00000000099999999999 0.64154747054139782403 0.35677765755646995149 0.00000000099999999999 
0.00000000099999999999 0.00000000099999999999 0.63523271741341014174 0.02137665097821461052 0.34339062960837513083 
0.00000000100000000000 0.81367913827937288218 0.17343323832967502685 0.00000000302855079346 0.01288761936240141216 
0.99999999600000011313 0.00000000099999999991 0.00000000099999999991 0.00000000099999999991 0.00000000099999999991 
0.00000000099999999998 0.00000000099999999998 0.93591155399073688859 0.00000000099999999998 0.06408844300926301585 
0.00000000099999999993 0.00000000099999999993 0.00000000099999999993 0.00000000099999999993 0.99999999600000000211 
0.00000000099999999995 0.00000000099999999995 0.00000000099999999995 0.00000000099999999995 0.99999999599999989108 
0.00000000099999999992 0.00000000099999999992 0.00000000099999999992 0.00000000099999999992 0.99999999599999989108 
0.00000000099999999998 0.67548718930596685084 0.07677351743991125965 0.00000000099999999998 0.24773929125412194607 
0.00381722870426125628 0.00000000100000000000 0.97257057412235314864 0.00000000100000000000 0.02361219517338554105 
0.00000000099999999995 0.00000000099999999995 0.99613319644739417580 0.00000000099999999995 0.00386680055260579152 
0.00000000099999999998 0.00000000099999999998 0.05784133665899743315 0.00000000099999999998 0.94215866034100259618 
0.01221409428878257077 0.00000000099999999998 0.90391263220414819202 0.00000000099999999998 0.08387327150706935797 
0.00000000099999999991 0.00000000099999999991 0.00000000099999999991 0.00000000099999999991 0.99999999600000000211 
0.00000000099999999998 0.73026030079104464754 0.05085736171707522235 0.00000000099999999998 0.21888233549188007565 
0.00000000099999999993 0.00000000099999999993 0.00000000099999999993 0.00000000099999999993 0.99999999599999989108 
0.00000000099999999995 0.00000000099999999995 0.00000012584370562429 0.00000000099999999995 0.99999987115629440648 
0.00000000099999999998 0.70650391108496701786 0.05000037585753099034 0.00000000099999999998 0.24349571105750225652 
0.00000000099999999999 0.66962147937056792912 0.05058754725031799904 0.00000000099999999999 0.27979097137911418391 
0.00313716609693770986 0.00000000099999999998 0.99686283090306226917 0.00000000099999999998 0.00000000099999999998 
0.00000000099999999988 0.00000000099999999988 0.00000000099999999988 0.00000000099999999988 0.99999999599999989108 
0.02123250500082111969 0.00000000099999999999 0.93753695969714789804 0.00000000099999999999 0.04123053330203104577 
0.00000000099999999990 0.00000000099999999990 0.00000000099999999990 0.00000000099999999990 0.99999999599999989108 
