0.00007742764945610454 0.00000000099999999999 0.37323673834304021968 0.00000000099999999999 0.19416658903965788863 0.33044877573286568495 0.10207046723498015839 
0.00000000099999999997 0.00000000099999999997 0.00000000099999999997 0.02668971753641290190 0.09257936495940317922 0.00000000099999999997 0.88073091350418386547 
0.00000000099999999999 0.01840406686444209100 0.18440345768117416547 0.00000000099999999999 0.00000000099999999999 0.00829374955617623137 0.78889872289820750506 
0.00000000099999999998 0.00000000099999999998 0.04077676954250579466 0.00750226997408142554 0.06562705788974544652 0.00000000099999999998 0.88609389959366746670 
0.00000000099999999996 0.00000000099999999996 0.14246442579954804453 0.00000000099999999996 0.00000000529820554793 0.00000000099999999996 0.85753556490224636111 
0.00000000099999999996 0.00000000099999999996 0.00777648891140151049 0.00000000099999999996 0.00025060756542501055 0.00000000099999999996 0.99197289952317346806 
0.00000000099999999989 0.97219518195605569844 0.00000000099999999989 0.02780481304394438052 0.00000000099999999989 0.00000000099999999989 0.00000000099999999989 
0.00000000099999999989 0.00000000099999999989 0.59473927510360180548 0.00000000099999999989 0.40526071989639811388 0.00000000099999999989 0.00000000099999999989 
0.01446712296916436921 0.00000000099999999994 0.09351765715551474401 0.00000000099999999994 0.00000000099999999994 0.00000000099999999994 0.89201521587532095481 
0.00000000099999999988 0.99999999400000005867 0.00000000099999999988 0.00000000099999999988 0.00000000099999999988 0.00000000099999999988 0.00000000099999999988 
0.00000000099999999992 0.99999999400000005867 0.00000000099999999992 0.00000000099999999992 0.00000000099999999992 0.00000000099999999992 0.00000000099999999992 
0.00000000099999999994 0.99999999400000016969 0.00000000099999999994 0.00000000099999999994 0.00000000099999999994 0.00000000099999999994 0.00000000099999999994 
0.00000000099999999986 0.00000000099999999986 0.00000000099999999986 0.99999999399999994765 0.00000000099999999986 0.00000000099999999986 0.00000000099999999986 
0.00000000099999999999 0.54812358294060181674 0.00000000099999999999 0.15154628586488280706 0.03158900888215060432 0.16956272451721635108 0.09917839579514854675 
0.00000000099999999999 0.00000000099999999999 0.16990263893502108306 0.41805323445001613125 0.00000000099999999999 0.41204412261496287107 0.00000000099999999999 
0.00000000099999999990 0.99999999400000005867 0.00000000099999999990 0.00000000099999999990 0.00000000099999999990 0.00000000099999999990 0.00000000099999999990 
0.00000000099999999997 0.44280001220977432963 0.00000000099999999997 0.19812209396216093338 0.11791799994889093361 0.24115989087917361067 0.00000000099999999997 
0.00000000099999999999 0.00000000099999999999 0.33230212290657790142 0.19095220738077783862 0.20642532014383024874 0.23987004117217630705 0.03045030639663775726 
0.00000000099999999971 0.00000000099999999971 0.00000000099999999971 0.00000000099999999971 0.00000000099999999971 0.99999999399999994765 0.00000000099999999971 
0.00000000099999999997 0.00000000099999999997 0.00000000099999999997 0.50463251179899559773 0.00000000099999999997 0.49536748320100443266 0.00000000099999999997 
0.00000000099999999975 0.00000000099999999975 0.00000000099999999975 0.99999999400000005867 0.00000000099999999975 0.00000000099999999975 0.00000000099999999975 
0.00000000099999999992 0.97842681320385882504 0.00000000099999999992 0.02157318179614114637 0.00000000099999999992 0.00000000099999999992 0.00000000099999999992 
0.00000000099999999979 0.00000000099999999979 0.00000000099999999979 0.00000000099999999979 0.00000000099999999979 0.99999999400000005867 0.00000000099999999979 
0.00000000099999999998 0.00000000099999999998 0.15625340013459490529 0.04838896431956620642 0.00000000099999999998 0.00000000099999999998 0.79535763154583893897 
0.00000000099999999992 0.97366412377560240810 0.00000000099999999992 0.02633587122439754943 0.00000000099999999992 0.00000000099999999992 0.00000000099999999992 
0.00000000099999999993 0.99993072237060309781 0.00000000099999999993 0.00006927262939705239 0.00000000099999999993 0.00000000099999999993 0.00000000099999999993 
0.00000000099999999993 0.00000000099999999993 0.00000000099999999993 0.99999999399999994765 0.00000000099999999993 0.00000000099999999993 0.00000000099999999993 
0.00526572063633977405 0.00000000099999999999 0.00000000099999999999 0.03000655860502753416 0.08882374497771031163 0.00002965208473313792 0.87587432169618928413 
0.00000000099999999995 0.00000000099999999995 0.11546401365662062322 0.00000000099999999995 0.00000000099999999995 0.00000000099999999995 0.88453598134337929615 
0.00000000099999999998 0.99991490556008166823 0.00008508519972044838 0.00000000524019779436 0.00000000099999999998 0.00000000099999999998 0.00000000099999999998 
0.00000000189692473579 0.88505753957988986258 0.08220674317170370560 0.00000000100000000000 0.00118245850891577687 0.03155325484256606139 0.00000000100000000000 
0.01483526670041788835 0.93344089591001622175 0.00000000099999999995 0.03507375966809786472 0.00000000099999999995 0.01665007472146803197 0.00000000099999999995 
0.00000000099999999998 0.00000423692031862083 0.00000000099999999998 0.06947933756696819674 0.08114357897228920147 0.00000000099999999998 0.84937284354042397183 
0.99999999400000016969 0.00000000099999999980 0.00000000099999999980 0.00000000099999999980 0.00000000099999999980 0.00000000099999999980 0.00000000099999999980 
0.04037196021272548840 0.00000000099999999999 0.00014079898800109451 0.00015406461849668730 0.14215866675627455984 0.00000000099999999999 0.81717450742450226109 
0.00000000099999999994 0.99928963851485341774 0.00000000099999999994 0.00000000099999999994 0.00000000099999999994 0.00071035648514662295 0.00000000099999999994 
0.00000000099999999985 0.00000000099999999985 0.00000000099999999985 0.00000000099999999985 0.00000000099999999985 0.99999999400000005867 0.00000000099999999985 
0.99999999400000016969 0.00000000099999999967 0.00000000099999999967 0.00000000099999999967 0.00000000099999999967 0.00000000099999999967 0.00000000099999999967 
0.00000000099999999994 0.99999999400000005867 0.00000000099999999994 0.00000000099999999994 0.00000000099999999994 0.00000000099999999994 0.00000000099999999994 
0.00000000099999999991 0.99270134954467270649 0.00000000099999999991 0.00000000099999999991 0.00000000099999999991 0.00729864545532730395 0.00000000099999999991 
0.00000000099999999993 0.95847797682138580200 0.00000000099999999993 0.04152201817861440880 0.00000000099999999993 0.00000000099999999993 0.00000000099999999993 
0.00000000099999999988 0.00000000099999999988 0.99999999399999994765 0.00000000099999999988 0.00000000099999999988 0.00000000099999999988 0.00000000099999999988 
0.00542385241403388080 0.07829659773569473680 0.42562711203285641393 0.00000002055096504049 0.42488032799180652788 0.00000000100000000000 0.06577208827464339769 
0.00000000099999999991 0.00000000099999999991 0.00000000099999999991 0.99999999400000005867 0.00000000099999999991 0.00000000099999999991 0.00000000099999999991 
0.00000000099999999997 0.00000000099999999997 0.04222402235917997043 0.48183698755112702727 0.00000000099999999997 0.00000000099999999997 0.47593898608969309461 
0.00000000099999999990 0.00000000099999999990 0.81971065890569783097 0.00000000099999999990 0.18028933609430211615 0.00000000099999999990 0.00000000099999999990 
0.00851936150255292422 0.98048456798593264239 0.00000000099999999997 0.01099606651151456907 0.00000000099999999997 0.00000000099999999997 0.00000000099999999997 
0.00000000099999999986 0.00000000099999999986 0.99999999399999994765 0.00000000099999999986 0.00000000099999999986 0.00000000099999999986 0.00000000099999999986 
0.00000000099999999993 0.00000000099999999993 0.72392626154434713825 0.00000000099999999993 0.27607373345565289213 0.00000000099999999993 0.00000000099999999993 
0.00000000099999999987 0.00000000099999999987 0.99999999399999994765 0.00000000099999999987 0.00000000099999999987 0.00000000099999999987 0.00000000099999999987 
0.02587219878469048176 0.00000000099999999998 0.00000152815917877790 0.00000000099999999998 0.15423016423519073093 0.00000000099999999998 0.81989610582093996882 
0.00000000099999999986 0.00000000099999999986 0.69522517081584001009 0.00000000099999999986 0.30477482418415996479 0.00000000099999999986 0.00000000099999999986 
0.00000000099999999990 0.00000000099999999990 0.78585108383963131473 0.00000000099999999990 0.21402280774296097987 0.00000000099999999990 0.00012610441740759263 
0.00078138152949004897 0.51788191016229612185 0.00000000099999999993 0.48054201422920406195 0.00000000099999999993 0.00079469107900985328 0.00000000099999999993 
0.00000000099999999999 0.00000000099999999999 0.00000000099999999999 0.01020860634813527783 0.22990145603824743703 0.01281381225467662088 0.74707612235894083064 
0.00123951071815612168 0.00000000099999999998 0.40572933744892031305 0.00000000099999999998 0.21318241352433070501 0.00000000099999999998 0.37984873530859281088 
0.00000000099999999980 0.00000000099999999980 0.00000000099999999980 0.00000000099999999980 0.99999999399999994765 0.00000000099999999980 0.00000000099999999980 
0.00659776966467626180 0.00000000099999999996 0.04245842741609046761 0.00000000099999999996 0.00000000099999999996 0.00000000099999999996 0.95094379891923319637 
0.00000000099999999992 0.00000000099999999992 0.79154722411920663827 0.00000000099999999992 0.20845277088079336436 0.00000000099999999992 0.00000000099999999992 
0.00000000099999999994 0.00000000099999999994 0.00000000099999999994 0.00000000099999999994 0.02238224943530655806 0.00000000099999999994 0.97761774556469338560 
0.00000000099999999995 0.00000000099999999995 0.07778021890011965755 0.00000000099999999995 0.00000000099999999995 0.00000000099999999995 0.92221977609988037283 
0.00000000099999999981 0.00000000099999999981 0.00000000099999999981 0.00000000099999999981 0.99999999400000005867 0.00000000099999999981 0.00000000099999999981 
0.00000000099999999987 0.00000000099999999987 0.99999999399999994765 0.00000000099999999987 0.00000000099999999987 0.00000000099999999987 0.00000000099999999987 
0.00000000099999999998 0.07557343675879876765 0.00000025442688523253 0.00000000099999999998 0.00000000099999999998 0.92442630481431598000 0.00000000099999999998 
0.00000000099999999993 0.00000000099999999993 0.09532852888251443224 0.00000000099999999993 0.00000000099999999993 0.00000000099999999993 0.90467146611748561202 
0.01257971145058903173 0.00000000099999999998 0.58870094400983941085 0.00000000099999999998 0.39871850571405281771 0.00000083490275069781 0.00000000192276805343 
0.00000000099999999986 0.00000000099999999986 0.00000000099999999986 0.00000000099999999986 0.00000000099999999986 0.99999999400000005867 0.00000000099999999986 
0.00938264234942330980 0.99061734158354697311 0.00000000099999999996 0.00000000099999999996 0.00000000099999999996 0.00000001206702971409 0.00000000099999999996 
0.00000000099999999996 0.00000000099999999996 0.00000000099999999996 0.00000000099999999996 0.04903516732286436475 0.00000000099999999996 0.95096482767713563788 
0.00000000099999999991 0.00000000099999999991 0.00000000099999999991 0.00000000099999999991 0.00000000099999999991 0.99999999400000005867 0.00000000099999999991 
0.00000000099999999989 0.00000000099999999989 0.00000000099999999989 0.00121028776996893279 0.00000000099999999989 0.99878970723003102083 0.00000000099999999989 
0.00000000099999999995 0.02195344489629327822 0.00000000099999999995 0.00000000099999999995 0.00000000099999999995 0.97804655010370666890 0.00000000099999999995 
0.00000000099999999989 0.00000000099999999989 0.00000000099999999989 0.99999999399999994765 0.00000000099999999989 0.00000000099999999989 0.00000000099999999989 
0.00363310169282359289 0.00000000099999999994 0.00000000099999999994 0.61962272431858933519 0.00000000099999999994 0.37674416998858711869 0.00000000099999999994 
0.02347287073386362249 0.02419367896163950732 0.14146047763926922203 0.53581564680476811979 0.00000000100000000000 0.27505732386045944615 0.00000000100000000000 
0.00000000099999999992 0.00000000099999999992 0.00000000099999999992 0.99999999399999994765 0.00000000099999999992 0.00000000099999999992 0.00000000099999999992 
0.00000000099999999991 0.99999999400000016969 0.00000000099999999991 0.00000000099999999991 0.00000000099999999991 0.00000000099999999991 0.00000000099999999991 
0.00000000099999999985 0.00000000099999999985 0.00000000099999999985 0.00000000099999999985 0.00000000099999999985 0.99999999399999994765 0.00000000099999999985 
0.01788684769979475078 0.00000000099999999989 0.00000000099999999989 0.64189436287939705128 0.00000000099999999989 0.34021878542080818963 0.00000000099999999989 
0.02404549316004988418 0.00000000099999999992 0.00000000099999999992 0.60226674722817752361 0.00000000099999999992 0.37368775561177253186 0.00000000099999999992 
0.03731575344338650818 0.07262248754345324020 0.00000000099999999999 0.03780413005916583719 0.00000000099999999999 0.85225762595399434662 0.00000000099999999999 
0.00941884481926184673 0.15923551315218109625 0.00000000100000000000 0.54880905117661371584 0.03345427737688276559 0.07555874511720524211 0.17352356735785523512 
0.00247988690723773822 0.78779975688630166086 0.00000000100000000000 0.00000001060213564002 0.03179954544915505887 0.07208587256030636603 0.10583492659486366805 
0.00000000099999999991 0.00000000099999999991 0.00000000099999999991 0.99999999400000005867 0.00000000099999999991 0.00000000099999999991 0.00000000099999999991 
0.00943081521193766571 0.00000000193953657170 0.00000000099999999997 0.00000000099999999997 0.00000000099999999997 0.99056917884852579981 0.00000000099999999997 
0.00000000099999999989 0.99999999400000016969 0.00000000099999999989 0.00000000099999999989 0.00000000099999999989 0.00000000099999999989 0.00000000099999999989 
0.00000000099999999996 0.93032345487959278163 0.00000000099999999996 0.03447378522706835702 0.00000000099999999996 0.03520275589333898142 0.00000000099999999996 
0.00000000099999999989 0.00000000099999999989 0.00000000099999999989 0.99999999400000005867 0.00000000099999999989 0.00000000099999999989 0.00000000099999999989 
0.00000000099999999995 0.98338275702952337998 0.00000000099999999995 0.00361086563266056239 0.00000000099999999995 0.01300637333781616035 0.00000000099999999995 
0.01003885694522063492 0.00000000099999999992 0.00000000099999999992 0.62212050571742105731 0.00000000099999999992 0.36784063333735833590 0.00000000099999999992 
0.00000000099999999997 0.00000000099999999997 0.00000000099999999997 0.95055298665184828621 0.04944700834815173029 0.00000000099999999997 0.00000000099999999997 
0.00000000099999999991 0.06809560752776161463 0.00000000099999999991 0.00000000099999999991 0.00000000099999999991 0.93190438747223824922 0.00000000099999999991 
0.00000000099999999996 0.01269263239943999727 0.00000000099999999996 0.96427692916268548107 0.02303043443787461744 0.00000000099999999996 0.00000000099999999996 
0.00000000099999999994 0.93250485493981194463 0.00000000099999999994 0.01906729127701916812 0.00000000099999999994 0.04842784978316891364 0.00000000099999999994 
0.00000000099999999988 0.00000000099999999988 0.99999999399999994765 0.00000000099999999988 0.00000000099999999988 0.00000000099999999988 0.00000000099999999988 
0.00000000099999999980 0.00000000099999999980 0.99999999400000005867 0.00000000099999999980 0.00000000099999999980 0.00000000099999999980 0.00000000099999999980 
0.02872665540616906737 0.00000000099999999996 0.00000003358660761528 0.00000000099999999996 0.05630407934562356442 0.00000000099999999996 0.91496922866159979826 
0.00000000099999999994 0.00000000099999999994 0.07410591153309882551 0.00000000099999999994 0.00000000099999999994 0.00000000099999999994 0.92589408346690127427 
0.04631702863553592564 0.00000302053265502118 0.00000000100000000000 0.00588219815121743868 0.03722346337120788218 0.91057410774032010448 0.00000018056906374422 
0.00000000099999999996 0.00000000099999999996 0.13124039823562230755 0.07935047092933050772 0.00000000099999999996 0.00000000099999999996 0.78940912683504727010 
0.00000000099999999996 0.00000000099999999996 0.00000000099999999996 0.00000000099999999996 0.05017564626073001133 0.00000000099999999996 0.94982434873927001906 
0.00000000099999999998 0.00006348654975451144 0.00000000099999999998 0.00000000099999999998 0.13640080929493855755 0.86353570015530700665 0.00000000099999999998 
0.02017408230242355438 0.10400329533636290535 0.00000000099999999999 0.02178217608820777473 0.14822473291082469138 0.00000000099999999999 0.70581571136218101969 
0.00000000099999999972 0.00000000099999999972 0.00000000099999999972 0.00000000099999999972 0.99999999400000005867 0.00000000099999999972 0.00000000099999999972 
0.00000000099999999998 0.00000000099999999998 0.00000000099999999998 0.00000000099999999998 0.18139550902026310708 0.81860448597973689555 0.00000000099999999998 
0.00000000099999999990 0.89262897536024310430 0.00000000099999999990 0.02213297943772923188 0.00000000099999999990 0.08523804120202781165 0.00000000099999999990 
0.00000000099999999986 0.00000000099999999986 0.00000000099999999986 0.00000000099999999986 0.00000000099999999986 0.99999999400000005867 0.00000000099999999986 
0.00000000099999999988 0.00000000099999999988 0.00000000099999999988 0.99999999400000005867 0.00000000099999999988 0.00000000099999999988 0.00000000099999999988 
0.00000000099999999995 0.99999569092250706337 0.00000000099999999995 0.00000430407749306884 0.00000000099999999995 0.00000000099999999995 0.00000000099999999995 
0.00000000099999999996 0.00000000099999999996 0.00000000201521796493 0.00000000099999999996 0.03634762981582305430 0.00000000099999999996 0.96365236416895894145 
0.00000000448790559746 0.00000000100000000000 0.00609956696323026015 0.00895530519692038993 0.07536095708305506902 0.16953869918188824162 0.74004546608700050303 
0.00000000099999999997 0.00000000099999999997 0.00000000099999999997 0.00000000099999999997 0.08325129370877580592 0.00000000099999999997 0.91674870129122421059 
0.00000000099999999996 0.00000000099999999996 0.11522426156710571798 0.00000000099999999996 0.00000000099999999996 0.00000000099999999996 0.88477573343289428465 
0.00000000099999999998 0.00017863185309275527 0.10567304656898823811 0.00000000099999999998 0.00000000099999999998 0.00000000099999999998 0.89414831757791901623 
0.00000000099999999992 0.00000000099999999992 0.00000004185735430776 0.00000000099999999992 0.12832212026946893113 0.00000000099999999992 0.87167783387317687716 
0.00000000099999999994 0.96699280098885953549 0.00000000099999999994 0.00744154257162480282 0.00000000099999999994 0.02556565243951574445 0.00000000099999999994 
0.00000000099999999994 0.00000000099999999994 0.00000000099999999994 0.99999999400000005867 0.00000000099999999994 0.00000000099999999994 0.00000000099999999994 
0.00000000099999999994 0.98590585277824926980 0.00000000099999999994 0.00000057379600572840 0.00000000099999999994 0.01409356942574492046 0.00000000099999999994 
0.00000000099999999996 0.99999999400000005867 0.00000000099999999996 0.00000000099999999996 0.00000000099999999996 0.00000000099999999996 0.00000000099999999996 
0.00000000099999999986 0.00000000099999999986 0.00000000099999999986 0.99999999399999994765 0.00000000099999999986 0.00000000099999999986 0.00000000099999999986 
0.00000000099999999979 0.00000000099999999979 0.00000000099999999979 0.00000000099999999979 0.00000000099999999979 0.99999999400000005867 0.00000000099999999979 
0.00000000099999999986 0.00000000099999999986 0.00000000099999999986 0.00000000099999999986 0.00000000099999999986 0.99999999399999994765 0.00000000099999999986 
0.00000000099999999988 0.99999999400000016969 0.00000000099999999988 0.00000000099999999988 0.00000000099999999988 0.00000000099999999988 0.00000000099999999988 
0.00000000099999999991 0.99999999400000005867 0.00000000099999999991 0.00000000099999999991 0.00000000099999999991 0.00000000099999999991 0.00000000099999999991 
0.00000000099999999989 0.99999999400000016969 0.00000000099999999989 0.00000000099999999989 0.00000000099999999989 0.00000000099999999989 0.00000000099999999989 
0.00000000099999999988 0.00000000099999999988 0.00000000099999999988 0.00000000099999999988 0.00000000099999999988 0.99999999400000005867 0.00000000099999999988 
0.00000000099999999996 0.03829166904216237816 0.00000000099999999996 0.00000000099999999996 0.00000000099999999996 0.96170832595783761754 0.00000000099999999996 
0.00000000099999999990 0.99999999400000016969 0.00000000099999999990 0.00000000099999999990 0.00000000099999999990 0.00000000099999999990 0.00000000099999999990 
0.00000000099999999989 0.00000000099999999989 0.00000000099999999989 0.99999999400000005867 0.00000000099999999989 0.00000000099999999989 0.00000000099999999989 
0.03353547199781448107 0.87779504526510676587 0.00000000099999999998 0.05769763127664399860 0.00000000099999999998 0.03097184846043503359 0.00000000099999999998 
0.00000000099999999981 0.00000000099999999981 0.00000000099999999981 0.00000000099999999981 0.00000000099999999981 0.99999999400000005867 0.00000000099999999981 
0.00000000099999999989 0.99999997896604142511 0.00000000099999999989 0.00000000099999999989 0.00000000099999999989 0.00000001603395856091 0.00000000099999999989 
0.01186318021284935888 0.00000000099999999999 0.13434756221448806990 0.02916090942146338030 0.00000000099999999999 0.00000000099999999999 0.82462834515119920464 
0.00000000099999999993 0.00770320884462489305 0.00000000099999999993 0.15864422301971464746 0.00000000099999999993 0.83365256413566046767 0.00000000099999999993 
0.01396789176328870272 0.07592181496027397558 0.02360817506258789528 0.00000000099999999998 0.01261610242991359661 0.00000000099999999998 0.87388601378393593322 
0.00000000099999999982 0.00000000099999999982 0.00000000099999999982 0.00000000099999999982 0.00000000099999999982 0.99999999400000005867 0.00000000099999999982 
0.00000000099999999993 0.99999974119114276583 0.00000000099999999993 0.00000025380885730929 0.00000000099999999993 0.00000000099999999993 0.00000000099999999993 
0.00000000099999999989 0.99999999400000016969 0.00000000099999999989 0.00000000099999999989 0.00000000099999999989 0.00000000099999999989 0.00000000099999999989 
0.00000000099999999985 0.00000000099999999985 0.00000000099999999985 0.00000000099999999985 0.00000000099999999985 0.99999999400000005867 0.00000000099999999985 
0.00000000099999999989 0.99999999400000005867 0.00000000099999999989 0.00000000099999999989 0.00000000099999999989 0.00000000099999999989 0.00000000099999999989 
0.07031650152808012477 0.64015545545212282352 0.00000000100000000000 0.04526743444612789380 0.09115296307928093256 0.01075810479382510905 0.14234953970056327122 
0.00000000099999999989 0.00000000099999999989 0.00000000099999999989 0.00000000099999999989 0.00000000099999999989 0.99999999399999994765 0.00000000099999999989 
0.00000000099999999999 0.99882489810574748290 0.00000000099999999999 0.00000000099999999999 0.00111550771767987664 0.00005959017657260641 0.00000000099999999999 
0.00180608716091890044 0.00000000099999999996 0.53827392196779388911 0.00000000099999999996 0.33634877086650089018 0.00000000099999999996 0.12357121700478639059 
0.99999999400000016969 0.00000000099999999962 0.00000000099999999962 0.00000000099999999962 0.00000000099999999962 0.00000000099999999962 0.00000000099999999962 
0.00000000099999999993 0.00000000099999999993 0.03880662766216706056 0.00000000099999999993 0.00000000099999999993 0.00000000099999999993 0.96119336733783289350 
0.00000000099999999996 0.00000000099999999996 0.07046735140929891172 0.00000000099999999996 0.00000107726970687732 0.00000000099999999996 0.92953156732099428972 
0.00000000099999999998 0.00000000099999999998 0.03378377663829987970 0.00000000099999999998 0.00000013564948444607 0.00000000099999999998 0.96621608371221567868 
0.00000000099999999996 0.00000000099999999996 0.04727276104965611597 0.00000000099999999996 0.00000209475936522464 0.00000000099999999996 0.95272514019097864768 
0.00000000099999999998 0.00000000099999999998 0.07667839790003491696 0.00000000099999999998 0.00000000099999999998 0.01405002841028604385 0.90927156968967903783 
0.00416509654840716784 0.07887732882570214210 0.01453281214255277773 0.00000000100000000000 0.19132558324507106806 0.01946801992761194172 0.69163115831065502537 
0.00000000099999999993 0.00000000099999999993 0.00906223029177516230 0.00000000099999999993 0.00000000099999999993 0.00000000099999999993 0.99093776470822481084 
0.00000000099999999980 0.00000000099999999980 0.00000000099999999980 0.00000000099999999980 0.00000000099999999980 0.99999999399999994765 0.00000000099999999980 
0.01529158641839573757 0.00000000099999999998 0.09580490097546845440 0.00000000099999999998 0.00000028808995500106 0.00000000099999999998 0.88890322151618084145 
0.99999999400000005867 0.00000000099999999964 0.00000000099999999964 0.00000000099999999964 0.00000000099999999964 0.00000000099999999964 0.00000000099999999964 
0.00000000099999999996 0.00000000099999999996 0.00000000099999999996 0.00000000099999999996 0.10490436801542300793 0.00000000099999999996 0.89509562698457711960 
0.00000000099999999985 0.00000000099999999985 0.99999999399999994765 0.00000000099999999985 0.00000000099999999985 0.00000000099999999985 0.00000000099999999985 
0.00000000099999999989 0.99999999400000016969 0.00000000099999999989 0.00000000099999999989 0.00000000099999999989 0.00000000099999999989 0.00000000099999999989 
0.00000000099999999987 0.00000000099999999987 0.55961118886069105560 0.00000000099999999987 0.44038880613930886376 0.00000000099999999987 0.00000000099999999987 
0.00000000099999999987 0.00000000099999999987 0.99999999399999994765 0.00000000099999999987 0.00000000099999999987 0.00000000099999999987 0.00000000099999999987 
0.00733282762972326842 0.00377667587215358910 0.00061420289683986539 0.01614583097411037560 0.09887285387686546578 0.00000000100000000000 0.87325760775030747407 
0.00000000099999999997 0.00000000099999999997 0.00024972886191673081 0.01942007580945998013 0.10729991395067196847 0.00000000099999999997 0.87303027837795121879 
0.00000000099999999990 0.00000000099999999990 0.53617509513794614495 0.00000000099999999990 0.46382489986205394095 0.00000000099999999990 0.00000000099999999990 
0.00000000099999999986 0.00000000099999999986 0.99999999400000005867 0.00000000099999999986 0.00000000099999999986 0.00000000099999999986 0.00000000099999999986 
0.00000000099999999997 0.00000000099999999997 0.11988985274765157074 0.00000000099999999997 0.00000000099999999997 0.00000000099999999997 0.88011014225234851516 
0.00000000099999999989 0.99999999400000016969 0.00000000099999999989 0.00000000099999999989 0.00000000099999999989 0.00000000099999999989 0.00000000099999999989 
0.01008941912109257745 0.00000000099999999999 0.05346068593230654531 0.00000000099999999999 0.08283436339670877113 0.01569525686803782336 0.83792027268185420574 
0.00000000099999999989 0.00000000099999999989 0.76243115214993972817 0.00000000099999999989 0.23756884285006021895 0.00000000099999999989 0.00000000099999999989 
0.00001709684065857984 0.00000000099999999999 0.00000000099999999999 0.02825901964753232271 0.08666917244982201562 0.00000000099999999999 0.88505470806198716094 
0.00000000099999999997 0.00000000099999999997 0.09714548978812193036 0.00000000099999999997 0.00000000247468562504 0.00000000099999999997 0.90285450373719255968 
0.00000000099999999991 0.00000000099999999991 0.64290362627853825384 0.00000000099999999991 0.35709636872146172104 0.00000000099999999991 0.00000000099999999991 
0.00000000099999999990 0.99999999400000005867 0.00000000099999999990 0.00000000099999999990 0.00000000099999999990 0.00000000099999999990 0.00000000099999999990 
0.00000000099999999994 0.00000000099999999994 0.59386708349909167470 0.00000000099999999994 0.40613291150090830017 0.00000000099999999994 0.00000000099999999994 
0.00000000099999999998 0.00000000099999999998 0.00000000099999999998 0.00000000099999999998 0.07185128442818548844 0.00124540651871825770 0.92690330505309637132 
0.00000000099999999999 0.00000000099999999999 0.06193363662540356251 0.04018054910349051767 0.00000000099999999999 0.00010454192108715949 0.89778126935001878461 
0.00000000099999999996 0.00000000099999999996 0.09337379366928345859 0.00130450888976356167 0.00000000099999999996 0.00000000099999999996 0.90532169344095303476 
0.00000000099999999989 0.99999999400000005867 0.00000000099999999989 0.00000000099999999989 0.00000000099999999989 0.00000000099999999989 0.00000000099999999989 
0.00000000099999999997 0.00000000099999999997 0.00000000099999999997 0.13808229644182828943 0.10727353452393274813 0.00000000099999999997 0.75464416503423892291 
0.00368719509156675493 0.00000000099999999997 0.00000000099999999997 0.00000000099999999997 0.12970124913966205038 0.00000000099999999997 0.86661155176877113782 
0.00000000099999999994 0.00000000099999999994 0.00000009375456840899 0.00000000099999999994 0.00000000197719291576 0.00000000099999999994 0.99999990026823870615 
0.01921150280770030777 0.00000000099999999999 0.00000000099999999999 0.00000000099999999999 0.06689151517334324115 0.00000000099999999999 0.91389697801895652951 
0.00000000099999999999 0.01984881761818457074 0.54715881049885384257 0.01727914056212312768 0.29191752104770213316 0.00000000099999999999 0.12379570827313643444 
0.00000000099999999998 0.86332423356990872776 0.13667576143009135814 0.00000000099999999998 0.00000000099999999998 0.00000000099999999998 0.00000000099999999998 
0.00000000099999999999 0.00000000099999999999 0.00030633944810141707 0.06760209624326619926 0.06185901823279041367 0.00000000099999999999 0.87023254307584185785 
0.00000000099999999970 0.00000000099999999970 0.00000000099999999970 0.00000000099999999970 0.99999999399999994765 0.00000000099999999970 0.00000000099999999970 
0.00000000099999999992 0.00000000099999999992 0.00000000099999999992 0.00000000099999999992 0.99999999400000005867 0.00000000099999999992 0.00000000099999999992 
0.00000000099999999999 0.00000000099999999999 0.49561993724980968334 0.00000000099999999999 0.15029258249638291489 0.05225390249498389900 0.30183357475882344190 
0.00000000099999999999 0.39468224897247250471 0.00000000099999999999 0.05407778920333867340 0.45571175682050435451 0.00000000099999999999 0.09552820200368454528 
0.00000000099999999992 0.00000000099999999992 0.00000006446492950120 0.00000000099999999992 0.02991624298194254378 0.00000000099999999992 0.97008368855312798740 
0.02527293549409780071 0.41185096482116939631 0.00000857866867838504 0.00000333510899501746 0.13001382730925162279 0.05901427864608435603 0.37383607995172346561 
0.00000000099999999998 0.00000000099999999998 0.06329100059009568069 0.20693180178523554180 0.00000000109204034151 0.00000000099999999998 0.72977719353262837654 
0.00000000099999999998 0.00000000099999999998 0.00000000099999999998 0.00000000099999999998 0.00000000099999999998 0.00000000099999999998 0.99999999400000005867 
0.00000000099999999999 0.35957364324098939345 0.00001496344854683028 0.00178799095685008499 0.00141103287832542758 0.00000000099999999999 0.63721236747528819944 
0.00000000099999999997 0.00000000099999999997 0.00000000099999999997 0.00000000099999999997 0.49529407394713881319 0.00000000099999999997 0.50470592105286116169 
0.00000000099999999998 0.00000000099999999998 0.02008590212253984555 0.00000000099999999998 0.00000000099999999998 0.80803627860401139316 0.17187781527344878074 
0.00000000099999999987 0.00000000099999999987 0.00000000099999999987 0.99999999399999994765 0.00000000099999999987 0.00000000099999999987 0.00000000099999999987 
0.00000000099999999997 0.00000000099999999997 0.00000000099999999997 0.00000000099999999997 0.13839892680967172400 0.00000000099999999997 0.86160106819032822312 
0.00000000099999999987 0.00000000099999999987 0.99999999399999994765 0.00000000099999999987 0.00000000099999999987 0.00000000099999999987 0.00000000099999999987 
0.00000000099999999980 0.00000000099999999980 0.00000000099999999980 0.00000000099999999980 0.99999999399999994765 0.00000000099999999980 0.00000000099999999980 
0.00000000099999999989 0.00000000099999999989 0.53106568697273315305 0.00000000099999999989 0.46893430802726682183 0.00000000099999999989 0.00000000099999999989 
0.99999999400000005867 0.00000000099999999987 0.00000000099999999987 0.00000000099999999987 0.00000000099999999987 0.00000000099999999987 0.00000000099999999987 
0.00000000099999999999 0.00000000099999999999 0.00000000099999999999 0.00320539142224476360 0.11775800957425468229 0.00000000099999999999 0.87903659500350050937 
0.00000000099999999994 0.00000000099999999994 0.00021032685752359526 0.00000000099999999994 0.06300709362187024987 0.00000000099999999994 0.93678257552060606450 
0.01393752660331948855 0.00000000099999999996 0.56205925034472670188 0.00000000099999999996 0.39948665547001643850 0.00000000099999999996 0.02451656458193740215 
0.00000000099999999998 0.00000000099999999998 0.00000000099999999998 0.00769795330630562193 0.13594853502722301086 0.00000000099999999998 0.85635350766647122533 
0.00000000099999999990 0.00000000099999999990 0.75480096929823004004 0.00000000099999999990 0.24519902570176993484 0.00000000099999999990 0.00000000099999999990 
0.99999999400000016969 0.00000000099999999962 0.00000000099999999962 0.00000000099999999962 0.00000000099999999962 0.00000000099999999962 0.00000000099999999962 
0.00000000099999999987 0.00000000099999999987 0.99999999400000005867 0.00000000099999999987 0.00000000099999999987 0.00000000099999999987 0.00000000099999999987 
0.00000000099999999991 0.00000000099999999991 0.99999999400000005867 0.00000000099999999991 0.00000000099999999991 0.00000000099999999991 0.00000000099999999991 
0.99999999400000016969 0.00000000099999999962 0.00000000099999999962 0.00000000099999999962 0.00000000099999999962 0.00000000099999999962 0.00000000099999999962 
0.99999999400000016969 0.00000000099999999979 0.00000000099999999979 0.00000000099999999979 0.00000000099999999979 0.00000000099999999979 0.00000000099999999979 
0.00819039913385168419 0.00000000099999999997 0.04332392322484214520 0.00011751841383572018 0.00000000099999999997 0.00000000099999999997 0.94836815622747050458 
0.00000000099999999981 0.00000000099999999981 0.99999999399999994765 0.00000000099999999981 0.00000000099999999981 0.00000000099999999981 0.00000000099999999981 
0.02442552458253512485 0.00000000099999999998 0.09716753623403984186 0.01297463355564974254 0.00000000099999999998 0.00000000099999999998 0.86543230262777515183 
0.00000000099999999988 0.00000000099999999988 0.63266320782811868995 0.00000000099999999988 0.36733678717188117391 0.00000000099999999988 0.00000000099999999988 
