0.00000024848050742221 0.12410549563938133577 0.54707906995659227878 0.00000000099999999999 0.32881518292351902266 0.00000000099999999999 0.00000000099999999999 
0.28131265684245210235 0.69382356797563438100 0.00000000099999999997 0.00000000099999999997 0.00000000099999999997 0.02486377118191350488 0.00000000099999999997 
0.00000000099999999996 0.93549075976053297499 0.06450923523946702764 0.00000000099999999996 0.00000000099999999996 0.00000000099999999996 0.00000000099999999996 
0.33355650582877305332 0.62275113619307309598 0.03838172301660387059 0.00000000099999999998 0.00000000099999999998 0.00531063196154995306 0.00000000099999999998 
0.57666757994454820313 0.33677283342916969344 0.08655958262628223043 0.00000000099999999996 0.00000000099999999996 0.00000000099999999996 0.00000000099999999996 
0.48147514459011586663 0.51852485040988427478 0.00000000099999999995 0.00000000099999999995 0.00000000099999999995 0.00000000099999999995 0.00000000099999999995 
0.00000000099999999988 0.00000000099999999988 0.00000000099999999988 0.97182955961964523350 0.00000000099999999988 0.02817043538035469627 0.00000000099999999988 
0.00000000099999999990 0.00000000099999999990 0.99999999399999994765 0.00000000099999999990 0.00000000099999999990 0.00000000099999999990 0.00000000099999999990 
0.00000011321927221086 0.95526260474091539976 0.03858387615307646429 0.00000000099999999993 0.00000000099999999993 0.00000000099999999993 0.00615340288673614337 
0.00000000099999999988 0.00000000099999999988 0.00000000099999999988 0.99999999399999994765 0.00000000099999999988 0.00000000099999999988 0.00000000099999999988 
0.00000000099999999992 0.00000000099999999992 0.00000000099999999992 0.99999999399999994765 0.00000000099999999992 0.00000000099999999992 0.00000000099999999992 
0.00000000099999999994 0.00000000099999999994 0.00000000099999999994 0.99999999399999994765 0.00000000099999999994 0.00000000099999999994 0.00000000099999999994 
0.00000000099999999986 0.00000000099999999986 0.00000000099999999986 0.00000000099999999986 0.00000000099999999986 0.99999999400000005867 0.00000000099999999986 
0.13579245258603481195 0.00000000099999999998 0.00000000099999999998 0.55206211041819008845 0.16846706210260864456 0.14367837189316629010 0.00000000099999999998 
0.00000000099999999999 0.00000000099999999999 0.16713000002822150925 0.00000000099999999999 0.41215288866985455574 0.42071710730192379835 0.00000000099999999999 
0.00000000099999999990 0.00000000099999999990 0.00000000099999999990 0.99999999399999994765 0.00000000099999999990 0.00000000099999999990 0.00000000099999999990 
0.00000000099999999998 0.01180484014112261580 0.09623406724723451711 0.44835512833643115238 0.23981930900747933100 0.20378665326773220956 0.00000000099999999998 
0.00000000099999999999 0.05094034861481052529 0.52069137178214341954 0.00000000099999999999 0.23955658911082436391 0.18881168749222171366 0.00000000099999999999 
0.00000000099999999972 0.00000000099999999972 0.00000000099999999972 0.00000000099999999972 0.99999999400000005867 0.00000000099999999972 0.00000000099999999972 
0.00000000099999999997 0.00000000099999999997 0.00000000099999999997 0.00000000099999999997 0.49494207555845898261 0.50505791944154099227 0.00000000099999999997 
0.00000000099999999975 0.00000000099999999975 0.00000000099999999975 0.00000000099999999975 0.00000000099999999975 0.99999999399999994765 0.00000000099999999975 
0.00000000099999999992 0.00000000099999999992 0.00000000099999999992 0.97818465016625599784 0.00000000099999999992 0.02181534483374388336 0.00000000099999999992 
0.00000000099999999980 0.00000000099999999980 0.00000000099999999980 0.00000000099999999980 0.99999999399999994765 0.00000000099999999980 0.00000000099999999980 
0.00000000099999999996 0.93298952048674088644 0.04083868480901858833 0.00000000099999999996 0.00000000099999999996 0.02617179070424068346 0.00000000099999999996 
0.00000000099999999992 0.00000000099999999992 0.00000000099999999992 0.97340370561653744019 0.00000000099999999992 0.02659628938346244101 0.00000000099999999992 
0.00000000099999999993 0.00000000099999999993 0.00000000099999999993 0.99999811380120673387 0.00000000099999999993 0.00000188119879330974 0.00000000099999999993 
0.00000000099999999993 0.00000000099999999993 0.00000000099999999993 0.00000000099999999993 0.00000000099999999993 0.99999999400000005867 0.00000000099999999993 
0.16803541195856716572 0.80890510165459827974 0.00047291204341339655 0.00000000099999999999 0.00000000099999999999 0.02258657134342109685 0.00000000099999999999 
0.46364367488150981522 0.49993289675252589044 0.03642342436596428951 0.00000000099999999995 0.00000000099999999995 0.00000000099999999995 0.00000000099999999995 
0.00000000099999999998 0.00000000099999999998 0.00000000099999999998 0.99999999399999994765 0.00000000099999999998 0.00000000099999999998 0.00000000099999999998 
0.00805544192847683881 0.00000000099999999999 0.07711900271568090937 0.88150004142127380558 0.03332551093456826569 0.00000000099999999999 0.00000000099999999999 
0.00000000099999999995 0.00000000099999999995 0.00000000099999999995 0.93411233123125581024 0.01690213968293111796 0.03417022651860295024 0.01481529956721018386 
0.18632168744720439824 0.74889792744408045788 0.00000000099999999998 0.00000000099999999998 0.00000000099999999998 0.06478038110871515987 0.00000000099999999998 
0.00000000099999999979 0.00000000099999999979 0.00000000099999999979 0.00000000099999999979 0.00000000099999999979 0.00000000099999999979 0.99999999400000005867 
0.94571091677421093014 0.00000452251437485362 0.04535579429009402308 0.00000000099999999999 0.00000000099999999999 0.00000000099999999999 0.00892876342132013778 
0.00000000099999999994 0.00000000099999999994 0.00000000099999999994 0.99940871481050486125 0.00059128018949506278 0.00000000099999999994 0.00000000099999999994 
0.00000000099999999985 0.00000000099999999985 0.00000000099999999985 0.00000000099999999985 0.99999999400000005867 0.00000000099999999985 0.00000000099999999985 
0.00000000099999999967 0.00000000099999999967 0.00000000099999999967 0.00000000099999999967 0.00000000099999999967 0.00000000099999999967 0.99999999399999994765 
0.00000000099999999995 0.00000000099999999995 0.00000000099999999995 0.99999999400000005867 0.00000000099999999995 0.00000000099999999995 0.00000000099999999995 
0.00000000099999999991 0.00000000099999999991 0.00000000099999999991 0.99212289886387972082 0.00787709613612033385 0.00000000099999999991 0.00000000099999999991 
0.00000000099999999993 0.00000000099999999993 0.00000000099999999993 0.95860825978840036310 0.00000000099999999993 0.04139173521159972280 0.00000000099999999993 
0.00000000099999999992 0.00000000099999999992 0.99999999399999994765 0.00000000099999999992 0.00000000099999999992 0.00000000099999999992 0.00000000099999999992 
0.08832251289555692608 0.00000000100000000000 0.82432793356401590223 0.08410518971972114066 0.00000000100000000000 0.00000000100000000000 0.00324436082070613495 
0.00000000099999999991 0.00000000099999999991 0.00000000099999999991 0.00000000099999999991 0.00000000099999999991 0.99999999399999994765 0.00000000099999999991 
0.26984722687048739997 0.24954262510922317619 0.00000000099999999998 0.00000000099999999998 0.00000000099999999998 0.48061014402028945369 0.00000000099999999998 
0.00000000099999999990 0.00000000099999999990 0.99999999399999994765 0.00000000099999999990 0.00000000099999999990 0.00000000099999999990 0.00000000099999999990 
0.00000000099999999997 0.00000000099999999997 0.00000000099999999997 0.98025609374944722152 0.00000000099999999997 0.01121569352664971222 0.00852820872390302152 
0.00000000099999999990 0.00000000099999999990 0.99999999399999994765 0.00000000099999999990 0.00000000099999999990 0.00000000099999999990 0.00000000099999999990 
0.00000000099999999992 0.00000000099999999992 0.99999999399999994765 0.00000000099999999992 0.00000000099999999992 0.00000000099999999992 0.00000000099999999992 
0.00000000099999999990 0.00000000099999999990 0.99999999400000005867 0.00000000099999999990 0.00000000099999999990 0.00000000099999999990 0.00000000099999999990 
0.38476627346946279395 0.49690227713414336641 0.09380169871171185891 0.00000000099999999998 0.00000000099999999998 0.00000000099999999998 0.02452974768468223210 
0.00000000099999999986 0.00000000099999999986 0.99999999399999994765 0.00000000099999999986 0.00000000099999999986 0.00000000099999999986 0.00000000099999999986 
0.00000000099999999990 0.02778413248603536778 0.97221586251396463485 0.00000000099999999990 0.00000000099999999990 0.00000000099999999990 0.00000000099999999990 
0.00000000099999999992 0.00000000099999999992 0.00000000099999999992 0.51798004054150814657 0.00092120355620686366 0.48074058782628176223 0.00035816507600335749 
0.00000000099999999998 0.87026897316843043750 0.12973102183156959288 0.00000000099999999998 0.00000000099999999998 0.00000000099999999998 0.00000000099999999998 
0.00000000099999999997 0.46562213137846986122 0.53437786362153016917 0.00000000099999999997 0.00000000099999999997 0.00000000099999999997 0.00000000099999999997 
0.00000000099999999994 0.00000000099999999994 0.99999999399999994765 0.00000000099999999994 0.00000000099999999994 0.00000000099999999994 0.00000000099999999994 
0.34490769649357999604 0.64875296048514663472 0.00000000099999999996 0.00000000099999999996 0.00000000099999999996 0.00000000099999999996 0.00633933902127351880 
0.00000000099999999992 0.04064616071217393850 0.95935383428782616821 0.00000000099999999992 0.00000000099999999992 0.00000000099999999992 0.00000000099999999992 
0.00000000099999999988 0.99999999400000016969 0.00000000099999999988 0.00000000099999999988 0.00000000099999999988 0.00000000099999999988 0.00000000099999999988 
0.00000000099999999990 0.99999999400000005867 0.00000000099999999990 0.00000000099999999990 0.00000000099999999990 0.00000000099999999990 0.00000000099999999990 
0.05964502951314461232 0.00000000099999999995 0.94035496548685537643 0.00000000099999999995 0.00000000099999999995 0.00000000099999999995 0.00000000099999999995 
0.00000000099999999991 0.00000000099999999991 0.99999999400000005867 0.00000000099999999991 0.00000000099999999991 0.00000000099999999991 0.00000000099999999991 
0.00000000099999999998 0.00000000099999999998 0.00000000099999999998 0.07620772707289623360 0.92379226792710378291 0.00000000099999999998 0.00000000099999999998 
0.00000000099999999991 0.99999999400000005867 0.00000000099999999991 0.00000000099999999991 0.00000000099999999991 0.00000000099999999991 0.00000000099999999991 
0.00000000099999999998 0.00804502511602239040 0.97135434076149063110 0.00000000099999999998 0.00344415395705449309 0.00000000099999999998 0.01715647716543267087 
0.00000000099999999986 0.00000000099999999986 0.00000000099999999986 0.00000000099999999986 0.99999999400000005867 0.00000000099999999986 0.00000000099999999986 
0.00000000099999999996 0.00000000099999999996 0.00000000099999999996 0.99065145410926691572 0.00000000099999999996 0.00000000099999999996 0.00934854089073326559 
0.00000000099999999992 0.99999999400000016969 0.00000000099999999992 0.00000000099999999992 0.00000000099999999992 0.00000000099999999992 0.00000000099999999992 
0.00000000099999999992 0.00000000099999999992 0.00000000099999999992 0.00000000099999999992 0.99999999400000005867 0.00000000099999999992 0.00000000099999999992 
0.00000000099999999989 0.00000000099999999989 0.00000000099999999989 0.00000000099999999989 0.99972484934268923684 0.00027514565731087882 0.00000000099999999989 
0.00000000099999999995 0.00000000099999999995 0.00000000099999999995 0.02190184414985338335 0.97809815085014673031 0.00000000099999999995 0.00000000099999999995 
0.00000000099999999990 0.00000000099999999990 0.00000000099999999990 0.00000000099999999990 0.00000000099999999990 0.99999999400000005867 0.00000000099999999990 
0.00000000099999999993 0.00000000099999999993 0.00000000099999999993 0.00000000099999999993 0.37650320430011230410 0.61997262586927215366 0.00352416583061549923 
0.00000000100000000000 0.00000040218122085277 0.14069607783169993387 0.02356084134085529094 0.27388688773584235481 0.53608529711501284876 0.02577049279536874904 
0.00000000099999999991 0.00000000099999999991 0.00000000099999999991 0.00000000099999999991 0.00000000099999999991 0.99999999399999994765 0.00000000099999999991 
0.00000000099999999991 0.00000000099999999991 0.00000000099999999991 0.99999999399999994765 0.00000000099999999991 0.00000000099999999991 0.00000000099999999991 
0.00000000099999999985 0.00000000099999999985 0.00000000099999999985 0.00000000099999999985 0.99999999399999994765 0.00000000099999999985 0.00000000099999999985 
0.00000000099999999990 0.00000000099999999990 0.00000000099999999990 0.00000000099999999990 0.34014588997438088835 0.64087254018151584845 0.01898156584410317163 
0.00000000099999999992 0.00000000099999999992 0.00000000099999999992 0.00000000099999999992 0.37336622144078596142 0.60288452569028960770 0.02374924886892444686 
0.00000000099999999999 0.00000000099999999999 0.00000000099999999999 0.07275641300646994158 0.85229942107097056425 0.03793942377433660862 0.03700473914822292182 
0.20894445223383567578 0.00000000099999999999 0.00000000099999999999 0.16248310097183402134 0.07423971635171802697 0.54768161662464776018 0.00665111181796454627 
0.00000000100000000000 0.14104522454939655285 0.00000000100000000000 0.78586879334678394482 0.06892655726307593544 0.00000000100000000000 0.00415942184074351556 
0.00000000099999999991 0.00000000099999999991 0.00000000099999999991 0.00000000099999999991 0.00000000099999999991 0.99999999399999994765 0.00000000099999999991 
0.00000000099999999996 0.00000000099999999996 0.00000000099999999996 0.00000000099999999996 0.99044299452721229482 0.00000000099999999996 0.00955700047278764189 
0.00000000099999999990 0.00000000099999999990 0.00000000099999999990 0.99999999400000005867 0.00000000099999999990 0.00000000099999999990 0.00000000099999999990 
0.00000000099999999996 0.00000000099999999996 0.00000000099999999996 0.93171924396003635849 0.03549740112485051668 0.03278335091511300203 0.00000000099999999996 
0.00000000099999999989 0.00000000099999999989 0.00000000099999999989 0.00000000099999999989 0.00000000099999999989 0.99999999399999994765 0.00000000099999999989 
0.00000000099999999995 0.00000000099999999995 0.00000000099999999995 0.98478192927861862849 0.01212453627726849462 0.00309353044411279227 0.00000000099999999995 
0.00000000099999999993 0.00000000099999999993 0.00000000099999999993 0.00000000099999999993 0.36809841954182170864 0.62202493415086146378 0.00987664230731680366 
0.00000000099999999998 0.00000000099999999998 0.03992683358395180543 0.00000000099999999998 0.00000000099999999998 0.96007316141604803761 0.00000000099999999998 
0.00000000099999999991 0.00000000099999999991 0.00000000099999999991 0.06803121942229491126 0.93196877557770518852 0.00000000099999999991 0.00000000099999999991 
0.00000000099999999996 0.00000000099999999996 0.00000000099999999996 0.01316706690995356199 0.00000000099999999996 0.98683292809004652391 0.00000000099999999996 
0.00000000099999999994 0.00000000099999999994 0.00000000099999999994 0.93275667694617159231 0.04854340715294097608 0.01869991190088734698 0.00000000099999999994 
0.00000000099999999991 0.00000000099999999991 0.99999999399999994765 0.00000000099999999991 0.00000000099999999991 0.00000000099999999991 0.00000000099999999991 
0.00000000099999999981 0.00000000099999999981 0.99999999399999994765 0.00000000099999999981 0.00000000099999999981 0.00000000099999999981 0.00000000099999999981 
0.40945768606743399021 0.56709423030789685161 0.00000000099999999996 0.00000000099999999996 0.00000000099999999996 0.00000000099999999996 0.02344807962466918111 
0.26020456794217722285 0.73910427942239054211 0.00069114863543218077 0.00000000099999999994 0.00000000099999999994 0.00000000099999999994 0.00000000099999999994 
0.00000000100000000000 0.01403773533931926103 0.02043731639924763546 0.00000293170416873219 0.90816161267374961863 0.00847580338442056706 0.04888459949909410018 
0.27074638472094098018 0.61634381177773123195 0.03441825315932015711 0.00000000099999999997 0.00000000099999999997 0.07849154734200770867 0.00000000099999999997 
0.99999999400000005867 0.00000000099999999988 0.00000000099999999988 0.00000000099999999988 0.00000000099999999988 0.00000000099999999988 0.00000000099999999988 
0.00000000099999999999 0.00000000099999999999 0.12345702468291455678 0.01852901328230729255 0.85320098053623305567 0.00000000099999999999 0.00481297849854516770 
0.26160199057162797365 0.51216490235162515088 0.08065204874625264697 0.10216450548781239038 0.00000000099999999999 0.02331232048362000958 0.02010423135906178743 
0.00000000099999999987 0.00000000099999999987 0.99999999399999994765 0.00000000099999999987 0.00000000099999999987 0.00000000099999999987 0.00000000099999999987 
0.09845238509826044482 0.00000000099999999999 0.08386044365897259156 0.00000000099999999999 0.81768716724276702124 0.00000000099999999999 0.00000000099999999999 
0.00000000099999999991 0.00000000099999999991 0.00000000099999999991 0.89311292735192548964 0.08517566094262547793 0.02171140770544887494 0.00000000099999999991 
0.00000000099999999985 0.00000000099999999985 0.00000000099999999985 0.00000000099999999985 0.99999999399999994765 0.00000000099999999985 0.00000000099999999985 
0.00000000099999999988 0.00000000099999999988 0.00000000099999999988 0.00000000099999999988 0.00000000099999999988 0.99999999399999994765 0.00000000099999999988 
0.00000000099999999995 0.00000000099999999995 0.00000000099999999995 0.99999999399999994765 0.00000000099999999995 0.00000000099999999995 0.00000000099999999995 
0.46367643795425689257 0.53632355704574308231 0.00000000099999999995 0.00000000099999999995 0.00000000099999999995 0.00000000099999999995 0.00000000099999999995 
0.53773484097588286623 0.27530345192817240463 0.01647167692181309567 0.00000000100000000000 0.17049002717413169750 0.00000000100000000000 0.00000000100000000000 
0.00000000099999999995 0.99999999400000005867 0.00000000099999999995 0.00000000099999999995 0.00000000099999999995 0.00000000099999999995 0.00000000099999999995 
0.99999999400000016969 0.00000000099999999990 0.00000000099999999990 0.00000000099999999990 0.00000000099999999990 0.00000000099999999990 0.00000000099999999990 
0.00000000099999999995 0.99999999400000005867 0.00000000099999999995 0.00000000099999999995 0.00000000099999999995 0.00000000099999999995 0.00000000099999999995 
0.99999999400000016969 0.00000000099999999984 0.00000000099999999984 0.00000000099999999984 0.00000000099999999984 0.00000000099999999984 0.00000000099999999984 
0.00000000099999999994 0.00000000099999999994 0.00000000099999999994 0.96685760904886564049 0.02534457694371875652 0.00779781000741549581 0.00000000099999999994 
0.00000000099999999994 0.00000000099999999994 0.00000000099999999994 0.00000000099999999994 0.00000000099999999994 0.99999999399999994765 0.00000000099999999994 
0.00000000099999999993 0.00000000099999999993 0.00000000099999999993 0.98553434384358684639 0.01446565115641319788 0.00000000099999999993 0.00000000099999999993 
0.00000000099999999996 0.00000000099999999996 0.00000000099999999996 0.99999999400000005867 0.00000000099999999996 0.00000000099999999996 0.00000000099999999996 
0.00000000099999999986 0.00000000099999999986 0.00000000099999999986 0.00000000099999999986 0.00000000099999999986 0.99999999400000005867 0.00000000099999999986 
0.00000000099999999979 0.00000000099999999979 0.00000000099999999979 0.00000000099999999979 0.99999999400000005867 0.00000000099999999979 0.00000000099999999979 
0.00000000099999999986 0.00000000099999999986 0.00000000099999999986 0.00000000099999999986 0.99999999400000005867 0.00000000099999999986 0.00000000099999999986 
0.00000000099999999987 0.00000000099999999987 0.00000000099999999987 0.99999999400000005867 0.00000000099999999987 0.00000000099999999987 0.00000000099999999987 
0.00000000099999999991 0.00000000099999999991 0.00000000099999999991 0.99999999400000005867 0.00000000099999999991 0.00000000099999999991 0.00000000099999999991 
0.00000000099999999989 0.00000000099999999989 0.00000000099999999989 0.99999999400000005867 0.00000000099999999989 0.00000000099999999989 0.00000000099999999989 
0.00000000099999999987 0.00000000099999999987 0.00000000099999999987 0.00000000099999999987 0.99999999400000005867 0.00000000099999999987 0.00000000099999999987 
0.00000000099999999996 0.00000000099999999996 0.00000000099999999996 0.03873060813043327499 0.96126938686956675539 0.00000000099999999996 0.00000000099999999996 
0.00000000099999999990 0.00000000099999999990 0.00000000099999999990 0.99999999400000005867 0.00000000099999999990 0.00000000099999999990 0.00000000099999999990 
0.00000000099999999989 0.00000000099999999989 0.00000000099999999989 0.00000000099999999989 0.00000000099999999989 0.99999999399999994765 0.00000000099999999989 
0.00000000099999999998 0.00000000099999999998 0.00000000099999999998 0.87763255779219373487 0.03083873711710921964 0.05802073040588393016 0.03350797168481301630 
0.00000000099999999982 0.00000000099999999982 0.00000000099999999982 0.00000000099999999982 0.99999999399999994765 0.00000000099999999982 0.00000000099999999982 
0.00000000099999999989 0.00000000099999999989 0.00000000099999999989 0.99999999399999994765 0.00000000099999999989 0.00000000099999999989 0.00000000099999999989 
0.24509552966082984171 0.64617027478482014224 0.07137104587239023745 0.00000000099999999999 0.00000000099999999999 0.02599787793948993286 0.01136526974246998903 
0.00000000099999999993 0.00000000099999999993 0.00000000099999999993 0.00772401751414539435 0.83379279221687485624 0.15848318626897975325 0.00000000099999999993 
0.35829859731673369128 0.55719799216143861553 0.00000000099999999998 0.07215802134327638229 0.00000000099999999998 0.00000000099999999998 0.01234538617855131248 
0.00000000099999999982 0.00000000099999999982 0.00000000099999999982 0.00000000099999999982 0.99999999400000005867 0.00000000099999999982 0.00000000099999999982 
0.00000000099999999993 0.00000000099999999993 0.00000000099999999993 0.99999999399999994765 0.00000000099999999993 0.00000000099999999993 0.00000000099999999993 
0.00000000099999999989 0.00000000099999999989 0.00000000099999999989 0.99999999399999994765 0.00000000099999999989 0.00000000099999999989 0.00000000099999999989 
0.00000000099999999986 0.00000000099999999986 0.00000000099999999986 0.00000000099999999986 0.99999999399999994765 0.00000000099999999986 0.00000000099999999986 
0.00000000099999999989 0.00000000099999999989 0.00000000099999999989 0.99999999400000005867 0.00000000099999999989 0.00000000099999999989 0.00000000099999999989 
0.21486580314284225990 0.00000000100000000000 0.02238318281854115299 0.64755167699713700458 0.01718997656699552262 0.03236657362473423227 0.06564278584974980735 
0.00000000099999999988 0.00000000099999999988 0.00000000099999999988 0.00000000099999999988 0.99999999399999994765 0.00000000099999999988 0.00000000099999999988 
0.00000000099999999998 0.00000000099999999998 0.00000000099999999998 0.99998840077152595374 0.00001159422847396492 0.00000000099999999998 0.00000000099999999998 
0.14110795627998140578 0.00000000099999999996 0.85460333646068442626 0.00000000099999999996 0.00000000099999999996 0.00000000099999999996 0.00428870325933436696 
0.00000000099999999962 0.00000000099999999962 0.00000000099999999962 0.00000000099999999962 0.00000000099999999962 0.00000000099999999962 0.99999999400000005867 
0.00000000099999999990 0.99999999400000016969 0.00000000099999999990 0.00000000099999999990 0.00000000099999999990 0.00000000099999999990 0.00000000099999999990 
0.99999999400000005867 0.00000000099999999986 0.00000000099999999986 0.00000000099999999986 0.00000000099999999986 0.00000000099999999986 0.00000000099999999986 
0.51138171878578275731 0.48861827621421743961 0.00000000099999999996 0.00000000099999999996 0.00000000099999999996 0.00000000099999999996 0.00000000099999999996 
0.41865293031048628203 0.58134706468951380387 0.00000000099999999996 0.00000000099999999996 0.00000000099999999996 0.00000000099999999996 0.00000000099999999996 
0.00000000099999999994 0.99999999400000016969 0.00000000099999999994 0.00000000099999999994 0.00000000099999999994 0.00000000099999999994 0.00000000099999999994 
0.00735401906755358409 0.71736376591155448512 0.16831501148881536367 0.08049008929930336065 0.01730571381086497620 0.00000000100000000000 0.00917139942190838518 
0.00000000099999999990 0.99999999400000005867 0.00000000099999999990 0.00000000099999999990 0.00000000099999999990 0.00000000099999999990 0.00000000099999999990 
0.00000000099999999981 0.00000000099999999981 0.00000000099999999981 0.00000000099999999981 0.99999999399999994765 0.00000000099999999981 0.00000000099999999981 
0.16303038696166105570 0.80479012219724332944 0.02105530825130574879 0.00000000099999999997 0.00000000099999999997 0.00000000099999999997 0.01112417958978985377 
0.00000000099999999964 0.00000000099999999964 0.00000000099999999964 0.00000000099999999964 0.00000000099999999964 0.00000000099999999964 0.99999999400000005867 
0.00000000099999999993 0.99999999400000016969 0.00000000099999999993 0.00000000099999999993 0.00000000099999999993 0.00000000099999999993 0.00000000099999999993 
0.00000000099999999990 0.00000000099999999990 0.99999999400000005867 0.00000000099999999990 0.00000000099999999990 0.00000000099999999990 0.00000000099999999990 
0.00000000099999999989 0.00000000099999999989 0.00000000099999999989 0.99999999399999994765 0.00000000099999999989 0.00000000099999999989 0.00000000099999999989 
0.00000000099999999987 0.00000000099999999987 0.99999999400000005867 0.00000000099999999987 0.00000000099999999987 0.00000000099999999987 0.00000000099999999987 
0.00000000099999999990 0.00000000099999999990 0.99999999400000005867 0.00000000099999999990 0.00000000099999999990 0.00000000099999999990 0.00000000099999999990 
0.00000000099999999998 0.99955374041374578375 0.00000940827141940709 0.00000000099999999998 0.00000000099999999998 0.00043684731483497187 0.00000000099999999998 
0.42523057559802385219 0.50265822541342353169 0.04828107620431006108 0.00000000099999999997 0.00000000099999999997 0.02383011978424266764 0.00000000099999999997 
0.00000000099999999992 0.00000000099999999992 0.99999999400000005867 0.00000000099999999992 0.00000000099999999992 0.00000000099999999992 0.00000000099999999992 
0.00000000099999999990 0.00000000099999999990 0.99999999400000005867 0.00000000099999999990 0.00000000099999999990 0.00000000099999999990 0.00000000099999999990 
0.99999999400000016969 0.00000000099999999989 0.00000000099999999989 0.00000000099999999989 0.00000000099999999989 0.00000000099999999989 0.00000000099999999989 
0.00000000099999999989 0.00000000099999999989 0.00000000099999999989 0.99999999399999994765 0.00000000099999999989 0.00000000099999999989 0.00000000099999999989 
0.08463135880530987809 0.81237984141235553004 0.07948396154640806344 0.00000000099999999999 0.01017490297195422499 0.00000000099999999999 0.01332993326397223510 
0.00000000099999999989 0.00000000099999999989 0.99999999399999994765 0.00000000099999999989 0.00000000099999999989 0.00000000099999999989 0.00000000099999999989 
0.49677259015669483766 0.48724393801950272032 0.00000120099515309804 0.00000000099999999999 0.00000000099999999999 0.01598200489625097032 0.00000026393239833423 
0.45024635858522155107 0.51318064082810632698 0.03657299658667226977 0.00000000099999999996 0.00000000099999999996 0.00000000099999999996 0.00000000099999999996 
0.00000000099999999990 0.00000000099999999990 0.99999999400000005867 0.00000000099999999990 0.00000000099999999990 0.00000000099999999990 0.00000000099999999990 
0.00000000099999999990 0.00000000099999999990 0.00000000099999999990 0.99999999400000005867 0.00000000099999999990 0.00000000099999999990 0.00000000099999999990 
0.00000000099999999995 0.00000000099999999995 0.99999999400000005867 0.00000000099999999995 0.00000000099999999995 0.00000000099999999995 0.00000000099999999995 
0.54221663476609749388 0.45778336023390259202 0.00000000099999999997 0.00000000099999999997 0.00000000099999999997 0.00000000099999999997 0.00000000099999999997 
0.39887272024207870436 0.56344189797057164792 0.00087539524273731631 0.00000000099999999999 0.00000000099999999999 0.03680998354461238048 0.00000000099999999999 
0.00000000099999999992 0.99999999400000005867 0.00000000099999999992 0.00000000099999999992 0.00000000099999999992 0.00000000099999999992 0.00000000099999999992 
0.00000000099999999989 0.00000000099999999989 0.00000000099999999989 0.99999999400000005867 0.00000000099999999989 0.00000000099999999989 0.00000000099999999989 
0.87087715833701584422 0.00000000099999999996 0.00000000099999999996 0.00000000099999999996 0.00000000099999999996 0.12912283666298421392 0.00000000099999999996 
0.00000000099999999992 0.99993754286036429235 0.00006245213963581644 0.00000000099999999992 0.00000000099999999992 0.00000000099999999992 0.00000000099999999992 
0.39133560626778790548 0.60866438873221218042 0.00000000099999999993 0.00000000099999999993 0.00000000099999999993 0.00000000099999999993 0.00000000099999999993 
0.99999999400000005867 0.00000000099999999997 0.00000000099999999997 0.00000000099999999997 0.00000000099999999997 0.00000000099999999997 0.00000000099999999997 
0.07525179985744658018 0.06649125179669672370 0.81967748598101131119 0.01926029415521968852 0.00000000099999999999 0.01931916620962569400 0.00000000099999999999 
0.00001544077180535694 0.00000000099999999999 0.13473725574815517692 0.86524729948003953339 0.00000000099999999999 0.00000000099999999999 0.00000000099999999999 
0.47516870459093596413 0.46240388937851700790 0.00000000099999999998 0.00000000099999999998 0.00000000099999999998 0.06242740203054710640 0.00000000099999999998 
0.00000000099999999983 0.00000000099999999983 0.99999999400000005867 0.00000000099999999983 0.00000000099999999983 0.00000000099999999983 0.00000000099999999983 
0.03732891276088758092 0.00000000099999999998 0.96267108223911257436 0.00000000099999999998 0.00000000099999999998 0.00000000099999999998 0.00000000099999999998 
0.36731616284145113260 0.00000000099999999998 0.59040474293139599826 0.00000000099999999998 0.04227909022715280879 0.00000000099999999998 0.00000000099999999998 
0.11075040591273964397 0.06865067280588545151 0.35524892996995621752 0.39750028020480027147 0.00000000099999999999 0.06784970910661823618 0.00000000099999999999 
0.99999999400000016969 0.00000000099999999984 0.00000000099999999984 0.00000000099999999984 0.00000000099999999984 0.00000000099999999984 0.00000000099999999984 
0.11622731667142797984 0.30062004465043939971 0.08625352050364488987 0.41084132900346914674 0.05972432370727850243 0.00000000100000000000 0.02633346446374001254 
0.46130600267222104938 0.33706463768200339848 0.00000000099999999998 0.00000000099999999998 0.00000000099999999998 0.20162935564577563752 0.00000000099999999998 
0.99999999400000005867 0.00000000099999999993 0.00000000099999999993 0.00000000099999999993 0.00000000099999999993 0.00000000099999999993 0.00000000099999999993 
0.24471114411671970879 0.39939741380040783003 0.00000000099999999999 0.35475051183525030396 0.00000000099999999999 0.00114092724762215750 0.00000000099999999999 
0.30634016417028553381 0.33872172807210643164 0.33485216133028744556 0.02008594342732074670 0.00000000099999999999 0.00000000099999999999 0.00000000099999999999 
0.18995090716552281984 0.00000000099999999998 0.00000000099999999998 0.00000000099999999998 0.81004908783447726606 0.00000000099999999998 0.00000000099999999998 
0.00000000099999999987 0.00000000099999999987 0.00000000099999999987 0.00000000099999999987 0.00000000099999999987 0.99999999400000005867 0.00000000099999999987 
0.40178320437689618583 0.55735372786489267849 0.04086306375821117942 0.00000000099999999997 0.00000000099999999997 0.00000000099999999997 0.00000000099999999997 
0.00000000099999999991 0.00000000099999999991 0.99999999400000005867 0.00000000099999999991 0.00000000099999999991 0.00000000099999999991 0.00000000099999999991 
0.00000000099999999993 0.00000000099999999993 0.99999999400000005867 0.00000000099999999993 0.00000000099999999993 0.00000000099999999993 0.00000000099999999993 
0.00000000099999999990 0.00000000099999999990 0.99999999400000005867 0.00000000099999999990 0.00000000099999999990 0.00000000099999999990 0.00000000099999999990 
0.00000000099999999986 0.00000000099999999986 0.00000000099999999986 0.00000000099999999986 0.00000000099999999986 0.00000000099999999986 0.99999999399999994765 
0.99999999400000016969 0.00000000099999999991 0.00000000099999999991 0.00000000099999999991 0.00000000099999999991 0.00000000099999999991 0.00000000099999999991 
0.46392792327467130553 0.53607207172532866934 0.00000000099999999993 0.00000000099999999993 0.00000000099999999993 0.00000000099999999993 0.00000000099999999993 
0.05684889539261092639 0.00000000099999999996 0.92643955868258609510 0.00000000099999999996 0.00000000099999999996 0.00000000099999999996 0.01671154192480304307 
0.29574557826890462975 0.63950230384100770209 0.05732494024895037205 0.00000000099999999998 0.00000000099999999998 0.00742717443262606858 0.00000000120851137259 
0.00000000099999999990 0.00000000099999999990 0.99999999399999994765 0.00000000099999999990 0.00000000099999999990 0.00000000099999999990 0.00000000099999999990 
0.00000000099999999962 0.00000000099999999962 0.00000000099999999962 0.00000000099999999962 0.00000000099999999962 0.00000000099999999962 0.99999999400000005867 
0.00000000099999999992 0.00000000099999999992 0.99999999399999994765 0.00000000099999999992 0.00000000099999999992 0.00000000099999999992 0.00000000099999999992 
0.00000000099999999994 0.02773935947493117588 0.97226063552506902798 0.00000000099999999994 0.00000000099999999994 0.00000000099999999994 0.00000000099999999994 
0.00000000099999999962 0.00000000099999999962 0.00000000099999999962 0.00000000099999999962 0.00000000099999999962 0.00000000099999999962 0.99999999400000005867 
0.00000000099999999979 0.00000000099999999979 0.00000000099999999979 0.00000000099999999979 0.00000000099999999979 0.00000000099999999979 0.99999999400000005867 
0.50249279522850753832 0.49286177577252082704 0.00000000099999999997 0.00000000099999999997 0.00000000099999999997 0.00306772472314357017 0.00157770127582828072 
0.00000000099999999984 0.00000000099999999984 0.99999999400000005867 0.00000000099999999984 0.00000000099999999984 0.00000000099999999984 0.00000000099999999984 
0.99999999400000005867 0.00000000099999999990 0.00000000099999999990 0.00000000099999999990 0.00000000099999999990 0.00000000099999999990 0.00000000099999999990 
0.00000000099999999988 0.00000000099999999988 0.99999999400000005867 0.00000000099999999988 0.00000000099999999988 0.00000000099999999988 0.00000000099999999988 
