0.32634867189608035565 0.21783581324618617181 0.00000000099999999999 0.00000000099999999999 0.00000163494325131121 0.37310100276287194720 0.00000000099999999999 0.08271287415161032719 
0.00000000099999999997 0.08491197373241052282 0.00000000099999999997 0.00000000099999999997 0.00000000099999999997 0.00000000099999999997 0.02888614906739444751 0.88620187220019508434 
0.00000000099999999998 0.23171256511015103641 0.00000000099999999998 0.01194730557577751949 0.00000000099999999998 0.00000000099999999998 0.00000000099999999998 0.75634012431407138255 
0.00000000099999999997 0.13220322750298724168 0.01395434099984115169 0.00000000099999999997 0.00000000099999999997 0.00016688617584969970 0.00000000099999999997 0.85367554132132195122 
0.00000000099999999996 0.00014779613409654705 0.00000000099999999996 0.00000000099999999996 0.00000000099999999996 0.15810182830864441539 0.00000001012148538204 0.84175036143577364189 
0.00000000099999999993 0.17620084941913963239 0.00000000099999999993 0.00000000099999999993 0.00000000099999999993 0.00000000099999999993 0.00000000099999999993 0.82379914458086034301 
0.00000000099999999989 0.00000000099999999989 0.00802145962947917006 0.96878304141938942351 0.00000000099999999989 0.00000000099999999989 0.02319549395113132406 0.00000000099999999989 
0.00000000099999999985 0.00000000099999999985 0.00000000099999999985 0.00000000099999999985 0.00000000099999999985 0.99999999300000008695 0.00000000099999999985 0.00000000099999999985 
0.00000000099999999992 0.00000000099999999992 0.00000000099999999992 0.00000000099999999992 0.01331392140280958716 0.12023780468469311145 0.00000000099999999992 0.86644826891249726586 
0.00000000099999999988 0.00000000099999999988 0.00000000099999999988 0.99999999299999997593 0.00000000099999999988 0.00000000099999999988 0.00000000099999999988 0.00000000099999999988 
0.00000000099999999992 0.00000000099999999992 0.00000000099999999992 0.99999999299999997593 0.00000000099999999992 0.00000000099999999992 0.00000000099999999992 0.00000000099999999992 
0.00000000099999999993 0.00000000099999999993 0.01091841874603779322 0.98908157525396223075 0.00000000099999999993 0.00000000099999999993 0.00000000099999999993 0.00000000099999999993 
0.00000000099999999984 0.00000000099999999984 0.00000000099999999984 0.00000000099999999984 0.00000000099999999984 0.00000000099999999984 0.99999999299999986491 0.00000000099999999984 
0.17193174824150725399 0.02622010222653889042 0.00000000099999999998 0.54439381488615945504 0.00000000099999999998 0.00000000099999999998 0.15645016026570052192 0.10100417138009382123 
0.41153188038454890929 0.00000000099999999998 0.00000000099999999998 0.00000000099999999998 0.00000000099999999998 0.16375567787399944453 0.42471243674145159330 0.00000000099999999998 
0.00000000099999999989 0.00000000099999999989 0.00000000099999999989 0.99999999299999997593 0.00000000099999999989 0.00000000099999999989 0.00000000099999999989 0.00000000099999999989 
0.23831242525556931011 0.13159892955822516392 0.00000000099999999996 0.43658291893000272799 0.00000000099999999996 0.00000000099999999996 0.19350572225620277234 0.00000000099999999996 
0.23923245359236447460 0.13084851501162833576 0.00000000099999999999 0.00000000099999999999 0.00000000099999999999 0.41295243228342976005 0.19239680593119731777 0.02456979018137998155 
0.99999999300000019797 0.00000000099999999968 0.00000000099999999968 0.00000000099999999968 0.00000000099999999968 0.00000000099999999968 0.00000000099999999968 0.00000000099999999968 
0.42038307898393978412 0.00000000099999999996 0.21753762647975979916 0.00000000099999999996 0.00000000099999999996 0.00000000099999999996 0.36207928953630030833 0.00000000099999999996 
0.00000000099999999971 0.00000000099999999971 0.00000000099999999971 0.00000000099999999971 0.00000000099999999971 0.00000000099999999971 0.99999999299999986491 0.00000000099999999971 
0.00000000099999999992 0.00000000099999999992 0.03281658451312482322 0.96718340948687520076 0.00000000099999999992 0.00000000099999999992 0.00000000099999999992 0.00000000099999999992 
0.99999999300000019797 0.00000000099999999978 0.00000000099999999978 0.00000000099999999978 0.00000000099999999978 0.00000000099999999978 0.00000000099999999978 0.00000000099999999978 
0.00000000099999999997 0.00000000099999999997 0.00000000099999999997 0.00000000099999999997 0.00000000099999999997 0.16541306416700657378 0.05469406122464216813 0.77989286960835124685 
0.00000000099999999992 0.00000000099999999992 0.00546412752657514204 0.97083989794551051045 0.00000000099999999992 0.00000000099999999992 0.02369596952791431371 0.00000000099999999992 
0.00000000099999999992 0.00000000099999999992 0.00933866049067993975 0.99066133350932006341 0.00000000099999999992 0.00000000099999999992 0.00000000099999999992 0.00000000099999999992 
0.00000000099999999990 0.00000000099999999990 0.00000000099999999990 0.00000000099999999990 0.00000000099999999990 0.00000000099999999990 0.99999999299999986491 0.00000000099999999990 
0.00000000099999999998 0.11068892214612195690 0.03078519722395312366 0.00000000099999999998 0.00000000099999999998 0.00000000099999999998 0.00000000099999999998 0.85852587562992488390 
0.00000000099999999994 0.00000000099999999994 0.00000000099999999994 0.00000000099999999994 0.00000000099999999994 0.13061092269817883849 0.00000000099999999994 0.86938907130182119243 
0.00000000099999999998 0.00000000099999999998 0.01540647127684696867 0.98459352272315314725 0.00000000099999999998 0.00000000099999999998 0.00000000099999999998 0.00000000099999999998 
0.03300632815936444669 0.00000000099999999999 0.00000000099999999999 0.88291464536704833410 0.00000000099999999999 0.08407902147358722877 0.00000000099999999999 0.00000000099999999999 
0.01010459676830393998 0.00000000099999999996 0.01864481155401780457 0.92986788962674926662 0.01600137153156087552 0.00000000099999999996 0.02538132751936812009 0.00000000099999999996 
0.00000000099999999998 0.13069673668760423135 0.00000000099999999998 0.00000007540724348481 0.00000000099999999998 0.00000000099999999998 0.06983804776746914411 0.79946513613768310780 
0.00000000099999999976 0.00000000099999999976 0.00000000099999999976 0.00000000099999999976 0.99999999299999997593 0.00000000099999999976 0.00000000099999999976 0.00000000099999999976 
0.00000000099999999999 0.00000000099999999999 0.00000000099999999999 0.00000000099999999999 0.04034285185664585743 0.15061912906911781307 0.00822543175592247225 0.80081258331831373098 
0.00141998973418496605 0.00000000099999999994 0.00000000099999999994 0.99858000426581505771 0.00000000099999999994 0.00000000099999999994 0.00000000099999999994 0.00000000099999999994 
0.99999999300000019797 0.00000000099999999984 0.00000000099999999984 0.00000000099999999984 0.00000000099999999984 0.00000000099999999984 0.00000000099999999984 0.00000000099999999984 
0.00000000099999999961 0.00000000099999999961 0.00000000099999999961 0.00000000099999999961 0.99999999300000008695 0.00000000099999999961 0.00000000099999999961 0.00000000099999999961 
0.00000000099999999994 0.00000000099999999994 0.00000000099999999994 0.99999999299999997593 0.00000000099999999994 0.00000000099999999994 0.00000000099999999994 0.00000000099999999994 
0.01082802331103609704 0.00000000099999999990 0.00000000099999999990 0.98917197068896400847 0.00000000099999999990 0.00000000099999999990 0.00000000099999999990 0.00000000099999999990 
0.00000000099999999993 0.00000000099999999993 0.04615392738660935995 0.95384606661339066402 0.00000000099999999993 0.00000000099999999993 0.00000000099999999993 0.00000000099999999993 
0.00000000099999999987 0.00000000099999999987 0.00000000099999999987 0.00000000099999999987 0.00000000099999999987 0.99999999299999997593 0.00000000099999999987 0.00000000099999999987 
0.00000000099999999999 0.20981123354826622385 0.00000000099999999999 0.07766266970172877593 0.00612671964092333186 0.64653665718448238842 0.00488228802356276744 0.05498042990103650662 
0.00000000099999999989 0.00000000099999999989 0.00000000099999999989 0.00000000099999999989 0.00000000099999999989 0.00000000099999999989 0.99999999299999997593 0.00000000099999999989 
0.00000000099999999998 0.00000000099999999998 0.00000000099999999998 0.00000000099999999998 0.00000000099999999998 0.04418126413579897410 0.48480146913618865634 0.47101726172801239301 
0.00000000099999999987 0.00000000099999999987 0.00000000099999999987 0.00000000099999999987 0.00000000099999999987 0.99999999300000008695 0.00000000099999999987 0.00000000099999999987 
0.00000000099999999997 0.00000000099999999997 0.00000000099999999997 0.97484625140830671874 0.00888381127852287504 0.00000000099999999997 0.01626993231317054242 0.00000000099999999997 
0.00000000099999999986 0.00000000099999999986 0.00000000099999999986 0.00000000099999999986 0.00000000099999999986 0.99999999299999997593 0.00000000099999999986 0.00000000099999999986 
0.00000000099999999989 0.00000000099999999989 0.00000000099999999989 0.00000000099999999989 0.00000000099999999989 0.99999999299999997593 0.00000000099999999989 0.00000000099999999989 
0.00000000099999999987 0.27561337119822781894 0.00000000099999999987 0.00000000099999999987 0.00000000099999999987 0.72438662280177223973 0.00000000099999999987 0.00000000099999999987 
0.00000000099999999997 0.00000000099999999997 0.00000000099999999997 0.00000000099999999997 0.02427159747510417714 0.16540130491123630763 0.00000000099999999997 0.81032709261365942766 
0.00000000099999999982 0.00000000099999999982 0.00000000099999999982 0.00000000099999999982 0.00000000099999999982 0.99999999300000008695 0.00000000099999999982 0.00000000099999999982 
0.00000000099999999986 0.27705025207522387953 0.00000000099999999986 0.00000000099999999986 0.00000000099999999986 0.72294974192477601260 0.00000000099999999986 0.00000000099999999986 
0.00000000099999999992 0.00000000099999999992 0.07601512105207587633 0.50292826208358309970 0.00000000099999999992 0.00000000099999999992 0.42105661186434112375 0.00000000099999999992 
0.00000000099999999999 0.14136450218486448782 0.03715083407661046860 0.00000000099999999999 0.00000000099999999999 0.10354924150615614498 0.00000000099999999999 0.71793541823236883825 
0.00000000099999999997 0.00000000099999999997 0.00000000099999999997 0.00000000099999999997 0.00000000099999999997 0.63131663494227163724 0.00000000099999999997 0.36868335905772853245 
0.00000000099999999989 0.00000000099999999989 0.00000000099999999989 0.00000000099999999989 0.00000000099999999989 0.99999999300000008695 0.00000000099999999989 0.00000000099999999989 
0.00000000099999999996 0.00000000099999999996 0.00000000099999999996 0.00000000099999999996 0.00636265705473375819 0.04906446047108722897 0.00000000099999999996 0.94457287747417906232 
0.00000000099999999989 0.00000000099999999989 0.00000000099999999989 0.00000000099999999989 0.00000000099999999989 0.99999999300000008695 0.00000000099999999989 0.00000000099999999989 
0.00000000099999999993 0.02309241693932987879 0.00000000099999999993 0.00000000099999999993 0.00000000099999999993 0.00000000099999999993 0.00000000099999999993 0.97690757706067010702 
0.00000000099999999993 0.00000000099999999993 0.00000000099999999993 0.00000000099999999993 0.00000000099999999993 0.09364975307582004693 0.00000000099999999993 0.90635024092418003949 
0.00000000099999999973 0.99999999300000019797 0.00000000099999999973 0.00000000099999999973 0.00000000099999999973 0.00000000099999999973 0.00000000099999999973 0.00000000099999999973 
0.00000000099999999988 0.00000000099999999988 0.00000000099999999988 0.00000000099999999988 0.00000000099999999988 0.99999999299999997593 0.00000000099999999988 0.00000000099999999988 
0.92572236213214309508 0.00000000099999999998 0.00000000099999999998 0.07427763186785688032 0.00000000099999999998 0.00000000099999999998 0.00000000099999999998 0.00000000099999999998 
0.00000000099999999993 0.00000000099999999993 0.00000000099999999993 0.00000000099999999993 0.00000000099999999993 0.09051310512816071463 0.00000000099999999993 0.90948688887183914975 
0.00000000099999999996 0.34587069685207560976 0.00000000099999999996 0.00000000099999999996 0.00272353768286025689 0.65140576046506393215 0.00000000099999999996 0.00000000099999999996 
0.99999999300000019797 0.00000000099999999984 0.00000000099999999984 0.00000000099999999984 0.00000000099999999984 0.00000000099999999984 0.00000000099999999984 0.00000000099999999984 
0.00007221383497692775 0.00000000099999999995 0.00000000099999999995 0.98967433019606021460 0.01025233290989288788 0.00000000099999999995 0.00000111905906988744 0.00000000099999999995 
0.00000000099999999996 0.06311225366658025637 0.00000000099999999996 0.00000000099999999996 0.00000000099999999996 0.00000000099999999996 0.00000000099999999996 0.93688774033341970515 
0.93493030218907990925 0.00000000099999999990 0.06506969181092024657 0.00000000099999999990 0.00000000099999999990 0.00000000099999999990 0.00000000099999999990 0.00000000099999999990 
0.99315850921627846226 0.00000000099999999989 0.00000000099999999989 0.00000000099999999989 0.00000000099999999989 0.00000000099999999989 0.00684148478372150187 0.00000000099999999989 
0.97548230385658007968 0.00000000099999999995 0.00000000099999999995 0.02451769014341999980 0.00000000099999999995 0.00000000099999999995 0.00000000099999999995 0.00000000099999999995 
0.00000000099999999988 0.00000000099999999988 0.00000000099999999988 0.00000000099999999988 0.00000000099999999988 0.00000000099999999988 0.99999999299999986491 0.00000000099999999988 
0.00000000099999999973 0.00000000099999999973 0.99999999299999997593 0.00000000099999999973 0.00000000099999999973 0.00000000099999999973 0.00000000099999999973 0.00000000099999999973 
0.00000000099999999996 0.00000000099999999996 0.90681294223058328541 0.00000000099999999996 0.00000000099999999996 0.09318705176941668999 0.00000000099999999996 0.00000000099999999996 
0.00000000099999999990 0.00000000099999999990 0.00000000099999999990 0.00000000099999999990 0.00000000099999999990 0.00000000099999999990 0.99999999299999986491 0.00000000099999999990 
0.00000000099999999989 0.00000000099999999989 0.00000000099999999989 0.99999999300000008695 0.00000000099999999989 0.00000000099999999989 0.00000000099999999989 0.00000000099999999989 
0.99999999300000008695 0.00000000099999999984 0.00000000099999999984 0.00000000099999999984 0.00000000099999999984 0.00000000099999999984 0.00000000099999999984 0.00000000099999999984 
0.00000000099999999959 0.00000000099999999959 0.99999999299999997593 0.00000000099999999959 0.00000000099999999959 0.00000000099999999959 0.00000000099999999959 0.00000000099999999959 
0.00000000099999999964 0.00000000099999999964 0.99999999299999997593 0.00000000099999999964 0.00000000099999999964 0.00000000099999999964 0.00000000099999999964 0.00000000099999999964 
0.83820808088030440697 0.00000000099999999999 0.02674203576651655243 0.07121894398955169736 0.03797978755596743278 0.00000000099999999999 0.02585114880765991205 0.00000000099999999999 
0.04806003549756311666 0.04211267232485406409 0.10888349022486351614 0.15713224183747342977 0.00275751897455128086 0.00000000100000000000 0.47493884853384871203 0.16611519160684581897 
0.04745550362664001376 0.05876824631921901548 0.05143679625552299850 0.76413660579948494700 0.00287954424749792314 0.00000000099999999999 0.00000000099999999999 0.07532330175163517993 
0.00000000099999999989 0.00000000099999999989 0.00000000099999999989 0.00000000099999999989 0.00000000099999999989 0.00000000099999999989 0.99999999299999997593 0.00000000099999999989 
0.90659738817966661895 0.00000000099999999994 0.09340260582033356462 0.00000000099999999994 0.00000000099999999994 0.00000000099999999994 0.00000000099999999994 0.00000000099999999994 
0.00000000099999999989 0.00000000099999999989 0.00000000099999999989 0.99999999299999997593 0.00000000099999999989 0.00000000099999999989 0.00000000099999999989 0.00000000099999999989 
0.00445376498943974696 0.00000000099999999996 0.06918578040634854043 0.92636044960421182193 0.00000000099999999996 0.00000000099999999996 0.00000000099999999996 0.00000000099999999996 
0.00000000099999999986 0.00000000099999999986 0.00000000099999999986 0.00000000099999999986 0.00000000099999999986 0.00000000099999999986 0.99999999299999986491 0.00000000099999999986 
0.01380455364400609217 0.00000000099999999994 0.00000000099999999994 0.96396856734207725381 0.00000000099999999994 0.00000000099999999994 0.02222687401391671563 0.00000000099999999994 
0.00000000099999999964 0.00000000099999999964 0.99999999299999997593 0.00000000099999999964 0.00000000099999999964 0.00000000099999999964 0.00000000099999999964 0.00000000099999999964 
0.00000000099999999997 0.03924359215928281686 0.08700518200663442947 0.00000000099999999997 0.00000000099999999997 0.00000000099999999997 0.87375122083408274243 0.00000000099999999997 
0.93414690765810826090 0.00000000099999999991 0.00000000099999999991 0.06585308634189195043 0.00000000099999999991 0.00000000099999999991 0.00000000099999999991 0.00000000099999999991 
0.00000000099999999996 0.00000000099999999996 0.00000605692451562520 0.00000092596000937819 0.00000000099999999996 0.00000000099999999996 0.99999301211547497736 0.00000000099999999996 
0.03637850654710515080 0.00000000099999999993 0.02918980037830979854 0.93443168807458509839 0.00000000099999999993 0.00000000099999999993 0.00000000099999999993 0.00000000099999999993 
0.00000000099999999987 0.00000000099999999987 0.00000000099999999987 0.00000000099999999987 0.00000000099999999987 0.99999999299999997593 0.00000000099999999987 0.00000000099999999987 
0.00000000099999999977 0.00000000099999999977 0.00000000099999999977 0.00000000099999999977 0.00000000099999999977 0.99999999300000008695 0.00000000099999999977 0.00000000099999999977 
0.00000000099999999995 0.00000000099999999995 0.00000000099999999995 0.00000000099999999995 0.03024338309680691880 0.06919848553146805414 0.00000000099999999995 0.90055812637172505397 
0.00000000099999999993 0.00000000099999999993 0.00000000099999999993 0.00000000099999999993 0.00000000099999999993 0.09810314187291173382 0.00000000099999999993 0.90189685212708836648 
0.90233207327254638663 0.00000000100000000000 0.00000000100000000000 0.00000000100000000000 0.05036423461949707248 0.03177323900291920133 0.01520465975170325230 0.00032579035333417654 
0.00000000099999999995 0.00000000099999999995 0.00000000099999999995 0.00000000099999999995 0.00000000099999999995 0.12242491310738323751 0.08633917308196395468 0.79123590881065286595 
0.00000000099999999995 0.10348124866462972415 0.00000000099999999995 0.00000000099999999995 0.00000000099999999995 0.00000000099999999995 0.00000000099999999995 0.89651874533537023737 
0.85494916965570222356 0.14505082434429791838 0.00000000099999999997 0.00000000099999999997 0.00000000099999999997 0.00000000099999999997 0.00000000099999999997 0.00000000099999999997 
0.00000000099999999999 0.18402532741504298852 0.00000000099999999999 0.10019145337806462104 0.01938793488594690168 0.00000000099999999999 0.02830313852594004698 0.66809214279500539480 
0.00000000099999999960 0.99999999300000008695 0.00000000099999999960 0.00000000099999999960 0.00000000099999999960 0.00000000099999999960 0.00000000099999999960 0.00000000099999999960 
0.81548829825311142105 0.18451169574688880415 0.00000000099999999997 0.00000000099999999997 0.00000000099999999997 0.00000000099999999997 0.00000000099999999997 0.00000000099999999997 
0.08589602192169419614 0.00000000099999999990 0.00000000099999999990 0.88589253942776957640 0.00000000099999999990 0.00000000099999999990 0.02821143365053629254 0.00000000099999999990 
0.99999999300000008695 0.00000000099999999985 0.00000000099999999985 0.00000000099999999985 0.00000000099999999985 0.00000000099999999985 0.00000000099999999985 0.00000000099999999985 
0.00000000099999999986 0.00000000099999999986 0.00000000099999999986 0.00000000099999999986 0.00000000099999999986 0.00000000099999999986 0.99999999299999986491 0.00000000099999999986 
0.00000000099999999995 0.00000000099999999995 0.00000000099999999995 0.99999998349189156421 0.00000000099999999995 0.00000000099999999995 0.00000001050810854325 0.00000000099999999995 
0.00000000099999999996 0.00244236250896583736 0.00000000099999999996 0.00000000099999999996 0.00000000099999999996 0.05010425493675868536 0.00000000099999999996 0.94745337755427549986 
0.16910699525556327494 0.11022327654492010407 0.00000000100000000000 0.00000000100000000000 0.00000000100000000000 0.00000000100000000000 0.00840986192751109508 0.71225986227200543954 
0.00000000099999999997 0.10487658580073679071 0.00227912009030421065 0.00000000099999999997 0.00000000099999999997 0.00000000099999999997 0.00000000099999999997 0.89284428910895907716 
0.00000000099999999995 0.00000000099999999995 0.00000000099999999995 0.00000000099999999995 0.00000000099999999995 0.12799150832379069254 0.00000000099999999995 0.87200848567620925511 
0.00000000099999999998 0.00000000099999999998 0.00000000099999999998 0.00000000099999999998 0.00000000099999999998 0.11674240059931881297 0.00000000099999999998 0.88325759340068121794 
0.00000000099999999990 0.00000000099999999990 0.00000000099999999990 0.00000000099999999990 0.00000000099999999990 0.13584374502809767882 0.00000000099999999990 0.86415624897190224107 
0.00000000099999999993 0.00000000099999999993 0.06287816618807387514 0.93712182781192621128 0.00000000099999999993 0.00000000099999999993 0.00000000099999999993 0.00000000099999999993 
0.00000000099999999994 0.00000000099999999994 0.05249514136174756457 0.00000000099999999994 0.00000000099999999994 0.00000000099999999994 0.94750485263825234838 0.00000000099999999994 
0.01622668601146601275 0.00000000099999999993 0.00000000099999999993 0.97889282345588923828 0.00000000099999999993 0.00000000099999999993 0.00488048553264467961 0.00000000099999999993 
0.00000000099999999996 0.00000000099999999996 0.00000000099999999996 0.99999999299999997593 0.00000000099999999996 0.00000000099999999996 0.00000000099999999996 0.00000000099999999996 
0.00000000099999999985 0.00000000099999999985 0.00000000099999999985 0.00000000099999999985 0.00000000099999999985 0.00000000099999999985 0.99999999299999986491 0.00000000099999999985 
0.99999999300000008695 0.00000000099999999977 0.00000000099999999977 0.00000000099999999977 0.00000000099999999977 0.00000000099999999977 0.00000000099999999977 0.00000000099999999977 
0.96515983443485586779 0.00000000099999999985 0.03484015956514416312 0.00000000099999999985 0.00000000099999999985 0.00000000099999999985 0.00000000099999999985 0.00000000099999999985 
0.00000000099999999987 0.00000000099999999987 0.00000000099999999987 0.99999999300000008695 0.00000000099999999987 0.00000000099999999987 0.00000000099999999987 0.00000000099999999987 
0.00000000099999999991 0.00000000099999999991 0.00000000099999999991 0.99999999299999997593 0.00000000099999999991 0.00000000099999999991 0.00000000099999999991 0.00000000099999999991 
0.00000000099999999989 0.00000000099999999989 0.00000000099999999989 0.99999999299999997593 0.00000000099999999989 0.00000000099999999989 0.00000000099999999989 0.00000000099999999989 
0.99999999300000019797 0.00000000099999999987 0.00000000099999999987 0.00000000099999999987 0.00000000099999999987 0.00000000099999999987 0.00000000099999999987 0.00000000099999999987 
0.95566203977579444739 0.00000000099999999996 0.00871042876112556111 0.03562752646308017107 0.00000000099999999996 0.00000000099999999996 0.00000000099999999996 0.00000000099999999996 
0.00000000099999999990 0.00000000099999999990 0.00000000099999999990 0.99999999299999997593 0.00000000099999999990 0.00000000099999999990 0.00000000099999999990 0.00000000099999999990 
0.00000000099999999987 0.00000000099999999987 0.00000000099999999987 0.00000000099999999987 0.00000000099999999987 0.00000000099999999987 0.99999999299999986491 0.00000000099999999987 
0.02572796362955711083 0.00000000099999999998 0.01810716157508105578 0.87706273592785266580 0.03319112176182102691 0.00000000099999999998 0.04591101410568812491 0.00000000099999999998 
0.99999999300000008695 0.00000000099999999980 0.00000000099999999980 0.00000000099999999980 0.00000000099999999980 0.00000000099999999980 0.00000000099999999980 0.00000000099999999980 
0.00000000099999999989 0.00000000099999999989 0.00102153149691946782 0.99897846250308064420 0.00000000099999999989 0.00000000099999999989 0.00000000099999999989 0.00000000099999999989 
0.00000000099999999999 0.00002947336041465589 0.00000000099999999999 0.00000000099999999999 0.01331661074742850233 0.15153521380073903257 0.03531465709009155157 0.79980404200132626524 
0.78609836211323047550 0.00000000099999999993 0.10689296721713334448 0.01337993954589681254 0.00000000099999999993 0.00000000099999999993 0.09362872712373954132 0.00000000099999999993 
0.00000000099999999998 0.06756583585937150915 0.00000000099999999998 0.07534556478395998402 0.01577028347631716926 0.00411875965438612997 0.00000000099999999998 0.83719955322596528724 
0.99999999300000008695 0.00000000099999999981 0.00000000099999999981 0.00000000099999999981 0.00000000099999999981 0.00000000099999999981 0.00000000099999999981 0.00000000099999999981 
0.00000000099999999993 0.00000000099999999993 0.00013161439486870629 0.99986837960513141876 0.00000000099999999993 0.00000000099999999993 0.00000000099999999993 0.00000000099999999993 
0.00000000099999999988 0.00000000099999999988 0.00000000099999999988 0.99999999299999997593 0.00000000099999999988 0.00000000099999999988 0.00000000099999999988 0.00000000099999999988 
0.99999999300000019797 0.00000000099999999985 0.00000000099999999985 0.00000000099999999985 0.00000000099999999985 0.00000000099999999985 0.00000000099999999985 0.00000000099999999985 
0.00000000099999999989 0.00000000099999999989 0.00000000099999999989 0.99999999300000008695 0.00000000099999999989 0.00000000099999999989 0.00000000099999999989 0.00000000099999999989 
0.01235808582912343787 0.08236509844886946707 0.00000000100000000000 0.63407349765645326656 0.06905973635305845404 0.00000000100000000000 0.05479294349625904448 0.14735063621623648022 
0.99999999300000019797 0.00000000099999999987 0.00000000099999999987 0.00000000099999999987 0.00000000099999999987 0.00000000099999999987 0.00000000099999999987 0.00000000099999999987 
0.00252559572890360441 0.00622877020643616136 0.00000000099999999998 0.99124562906466018308 0.00000000099999999998 0.00000000099999999998 0.00000000099999999998 0.00000000099999999998 
0.00000000099999999995 0.22819888268744892290 0.00000000099999999995 0.00000000099999999995 0.00000000099999999995 0.66576145089691973755 0.00000000099999999995 0.10603966141563138381 
0.00000000099999999957 0.00000000099999999957 0.00000000099999999957 0.00000000099999999957 0.99999999299999997593 0.00000000099999999957 0.00000000099999999957 0.00000000099999999957 
0.00000000099999999992 0.00000000099999999992 0.00000000099999999992 0.00000000099999999992 0.00000000099999999992 0.05462457855537173473 0.00000000099999999992 0.94537541544462821985 
0.00000000099999999994 0.00000002522372455308 0.00000000099999999994 0.00000000099999999994 0.00000000099999999994 0.08970522580178830196 0.00000000099999999994 0.91029474397448717493 
0.00000000099999999997 0.08129934347234570036 0.00000000099999999997 0.00000000099999999997 0.00000000099999999997 0.00000000099999999997 0.00000000099999999997 0.91870065052765437219 
0.00000000099999999996 0.07710746519220240680 0.00000000099999999996 0.00000000099999999996 0.00000000099999999996 0.00000000099999999996 0.00000000099999999996 0.92289252880779770738 
0.01415845909833523750 0.00000000099999999997 0.00000000099999999997 0.00000000099999999997 0.00000000099999999997 0.09648867631086696650 0.00000000099999999997 0.88935285959079790619 
0.01951177602549753268 0.00000000099999999999 0.00426683443287369322 0.07856849119349981758 0.00457909936608275406 0.22898847428699017903 0.00000000099999999999 0.66408532269505593515 
0.00000000099999999992 0.00000000099999999992 0.00000000099999999992 0.00000000099999999992 0.00000000099999999992 0.01170781028973315839 0.00000000099999999992 0.98829218371026683609 
0.99999999300000008695 0.00000000099999999980 0.00000000099999999980 0.00000000099999999980 0.00000000099999999980 0.00000000099999999980 0.00000000099999999980 0.00000000099999999980 
0.00000000099999999997 0.00000000099999999997 0.00373658509698184720 0.00000000099999999997 0.01283182909478115460 0.10848100858909463795 0.00000000099999999997 0.87495057321914249115 
0.00000000099999999959 0.00000000099999999959 0.00000000099999999959 0.00000000099999999959 0.99999999299999997593 0.00000000099999999959 0.00000000099999999959 0.00000000099999999959 
0.00000000099999999994 0.16506340736513125389 0.00000000099999999994 0.00000000099999999994 0.00000000099999999994 0.00000000099999999994 0.00000000099999999994 0.83493658663486880478 
0.00000000099999999984 0.00000000099999999984 0.00000000099999999984 0.00000000099999999984 0.00000000099999999984 0.99999999299999997593 0.00000000099999999984 0.00000000099999999984 
0.00000000099999999988 0.00000000099999999988 0.00000000099999999988 0.99999999300000008695 0.00000000099999999988 0.00000000099999999988 0.00000000099999999988 0.00000000099999999988 
0.00000000099999999982 0.00000000099999999982 0.00000000099999999982 0.00000000099999999982 0.00000000099999999982 0.99999999299999997593 0.00000000099999999982 0.00000000099999999982 
0.00000000099999999986 0.00000000099999999986 0.00000000099999999986 0.00000000099999999986 0.00000000099999999986 0.99999999300000008695 0.00000000099999999986 0.00000000099999999986 
0.00000000099999999999 0.17351871975445848362 0.00000000099999999999 0.00121496487661048084 0.00355482042823278494 0.00000000099999999999 0.01932154709798656472 0.80238994484271153329 
0.00000000099999999997 0.00000000099999999997 0.02103803659608034782 0.00000000099999999997 0.00000000099999999997 0.14624747475855576218 0.00223159630183029402 0.83048288834353367616 
0.00000000099999999988 0.00000000099999999988 0.00000000099999999988 0.00000000099999999988 0.00000000099999999988 0.99999999300000008695 0.00000000099999999988 0.00000000099999999988 
0.00000000099999999986 0.26389641041703176816 0.00000000099999999986 0.00000000099999999986 0.00000000099999999986 0.73610358358296812398 0.00000000099999999986 0.00000000099999999986 
0.00000000099999999996 0.00000000099999999996 0.00000000099999999996 0.00000000099999999996 0.00000000099999999996 0.12818839530724582265 0.00000000099999999996 0.87181159869275415275 
0.00000000099999999989 0.00000000099999999989 0.00000000099999999989 0.99999999299999997593 0.00000000099999999989 0.00000000099999999989 0.00000000099999999989 0.00000000099999999989 
0.00000000099999999998 0.19343382141122131279 0.01685774387296624932 0.00000000099999999998 0.00555751330466618034 0.00000000099999999998 0.00000000099999999998 0.78415091741114639756 
0.00000000099999999984 0.00000000099999999984 0.00000000099999999984 0.00000000099999999984 0.00000000099999999984 0.99999999300000008695 0.00000000099999999984 0.00000000099999999984 
0.00000000099999999998 0.00000000099999999998 0.03563505568195780848 0.00000000099999999998 0.00000000099999999998 0.10089000369069262009 0.00000000099999999998 0.86347493562734967121 
0.00000000099999999997 0.00000000099999999997 0.00000000099999999997 0.00000000099999999997 0.00000000099999999997 0.11413391261207943284 0.00000000099999999997 0.88586608138792066747 
0.00000000099999999987 0.00000000099999999987 0.00000000099999999987 0.00000000099999999987 0.00000000099999999987 0.99999999300000008695 0.00000000099999999987 0.00000000099999999987 
0.00000000099999999989 0.00000000099999999989 0.00000000099999999989 0.99999999299999997593 0.00000000099999999989 0.00000000099999999989 0.00000000099999999989 0.00000000099999999989 
0.00000000099999999992 0.00000000099999999992 0.00000000099999999992 0.00000000099999999992 0.00000000099999999992 0.99999999299999997593 0.00000000099999999992 0.00000000099999999992 
0.00000000099999999998 0.07894110109048875501 0.00856983670089089822 0.00000000099999999998 0.00000000099999999998 0.00621762645990637988 0.00000000099999999998 0.90627143174871405140 
0.00000000099999999997 0.02942280598803972622 0.05252855619482806049 0.00000000099999999997 0.00000000099999999997 0.04702265245584794084 0.00000000099999999997 0.87102598136128417394 
0.00000000099999999995 0.06023154384018362256 0.00000000099999999995 0.00000000099999999995 0.00000000099999999995 0.04947415016770764090 0.00767024718114757767 0.88262405481096117832 
0.00000000099999999988 0.00000000099999999988 0.00000000099999999988 0.99999999299999997593 0.00000000099999999988 0.00000000099999999988 0.00000000099999999988 0.00000000099999999988 
0.00000000099999999998 0.00000000099999999998 0.02576045326463084068 0.00000000099999999998 0.00000000099999999998 0.11074523969943785018 0.11737809008099625574 0.74611621295493524286 
0.00000000099999999997 0.06536047644367529164 0.00000000099999999997 0.00000000099999999997 0.00607722723456876040 0.08106648298619188731 0.00343744616153108216 0.84405836417403301564 
0.00000000099999999993 0.00000000099999999993 0.00000000099999999993 0.00000000099999999993 0.00000000099999999993 0.00792194586499714824 0.00000000099999999993 0.99207804813500288788 
0.00000000099999999998 0.09023924844487818397 0.00000000099999999998 0.00000000099999999998 0.02215691822355870741 0.00000000099999999998 0.00000000099999999998 0.88760382833156303839 
0.00000000099999999996 0.39696901106788901048 0.00000000099999999996 0.00000000099999999996 0.00000000099999999996 0.53727487797413098214 0.00000000099999999996 0.06575610595797984348 
0.00000000099999999998 0.00001781141893958727 0.00000000099999999998 0.86545410284296442338 0.00000000099999999998 0.13452808073809602307 0.00000000099999999998 0.00000000099999999998 
0.00000000099999999998 0.11689583120434501873 0.03034106485833369324 0.00000000099999999998 0.00000000099999999998 0.00000000099999999998 0.03576826606857322344 0.81699483386874804935 
0.00000000099999999955 0.99999999300000019797 0.00000000099999999955 0.00000000099999999955 0.00000000099999999955 0.00000000099999999955 0.00000000099999999955 0.00000000099999999955 
0.00000000099999999994 0.41290352146811160061 0.00000000099999999994 0.00000000099999999994 0.00000000099999999994 0.58709647253188834704 0.00000000099999999994 0.00000000099999999994 
0.00000000099999999994 0.99999999300000019797 0.00000000099999999994 0.00000000099999999994 0.00000000099999999994 0.00000000099999999994 0.00000000099999999994 0.00000000099999999994 
0.00000000099999999998 0.55347109315282327913 0.00000000099999999998 0.40367742711938164879 0.00000000099999999998 0.00000000099999999998 0.04285147472779515104 0.00000000099999999998 
0.00000000099999999991 0.00000000099999999991 0.00000000099999999991 0.00000000099999999991 0.00000000099999999991 0.03384361856739251384 0.00000000099999999991 0.96615637543260757258 
0.05665852980556979751 0.13856175335217926770 0.00001174563660312737 0.40971538939284674052 0.03021307791170460902 0.00163946618207867160 0.00000000100000000000 0.36320003671901784914 
0.00000000099999999998 0.00000000333455225012 0.00000000099999999998 0.00000000099999999998 0.00000000099999999998 0.07145771467731647231 0.21006520892827434954 0.71847706905985697645 
0.00000000099999999998 0.00000000099999999998 0.00000000099999999998 0.00000000099999999998 0.00000000099999999998 0.00000000099999999998 0.00000000189384798633 0.99999999210615209133 
0.00000000099999999998 0.04737467224352322204 0.00000000099999999998 0.35286416183656515999 0.00000000099999999998 0.00000000099999999998 0.00861405677793498741 0.59114710514197643665 
0.00000000099999999993 0.61188192500988491940 0.00000000099999999993 0.00000000099999999993 0.00000000099999999993 0.00000000099999999993 0.00000000099999999993 0.38811806899011519478 
0.80924606600684034774 0.00000000099999999998 0.00000000099999999998 0.00000000099999999998 0.00000000099999999998 0.02022630499449238478 0.00000000099999999998 0.17052762399866747134 
0.00000000099999999984 0.00000000099999999984 0.00000000099999999984 0.00000000099999999984 0.00000000099999999984 0.00000000099999999984 0.99999999299999997593 0.00000000099999999984 
0.00000000099999999994 0.21798994913930277995 0.00000000099999999994 0.00000000099999999994 0.00000000099999999994 0.00000000099999999994 0.00000000099999999994 0.78201004486069725097 
0.00000000099999999987 0.27408317435065393530 0.00000000099999999987 0.00000000099999999987 0.00000000099999999987 0.72591681964934595683 0.00000000099999999987 0.00000000099999999987 
0.00000000099999999989 0.34412617497378689135 0.00000000099999999989 0.00000000099999999989 0.00000000099999999989 0.65587381902621311180 0.00000000099999999989 0.00000000099999999989 
0.00000000099999999986 0.00000000099999999986 0.00000000099999999986 0.00000000099999999986 0.00000000099999999986 0.99999999299999997593 0.00000000099999999986 0.00000000099999999986 
0.00000000099999999984 0.00000000099999999984 0.00000000099999999984 0.00000000099999999984 0.99999999299999997593 0.00000000099999999984 0.00000000099999999984 0.00000000099999999984 
0.00000000099999999997 0.15236910792180954899 0.02416672219323726112 0.00000000099999999997 0.00000000099999999997 0.00000000099999999997 0.00000000099999999997 0.82346416488495322028 
0.00000000099999999992 0.00000000099999999992 0.00000000099999999992 0.00000000099999999992 0.00000000099999999992 0.08524387892627953434 0.00000000099999999992 0.91475611507372045494 
0.00000000099999999994 0.26473616336112137937 0.00000000099999999994 0.00000000099999999994 0.01502994549570857950 0.71981398720457323570 0.00000000099999999994 0.00041989993859661769 
0.00000000099999999996 0.21863382694950053708 0.00000000099999999996 0.00000000099999999996 0.00000000099999999996 0.00000000099999999996 0.00000000099999999996 0.78136616705049932730 
0.00000000099999999985 0.00000000099999999985 0.00000000099999999985 0.00000000099999999985 0.00000000099999999985 0.99999999299999997593 0.00000000099999999985 0.00000000099999999985 
0.00000000099999999957 0.00000000099999999957 0.00000000099999999957 0.00000000099999999957 0.99999999299999997593 0.00000000099999999957 0.00000000099999999957 0.00000000099999999957 
0.00000000099999999989 0.20401685479921613520 0.00000000099999999989 0.00000000099999999989 0.00000000099999999989 0.79598313920078378469 0.00000000099999999989 0.00000000099999999989 
0.00000000099999999990 0.00000000099999999990 0.00000000099999999990 0.00000000099999999990 0.00000000099999999990 0.99999999300000008695 0.00000000099999999990 0.00000000099999999990 
0.00000000099999999957 0.00000000099999999957 0.00000000099999999957 0.00000000099999999957 0.99999999299999997593 0.00000000099999999957 0.00000000099999999957 0.00000000099999999957 
0.00000000099999999977 0.00000000099999999977 0.00000000099999999977 0.00000000099999999977 0.99999999299999997593 0.00000000099999999977 0.00000000099999999977 0.00000000099999999977 
0.00000000099999999998 0.00000000099999999998 0.00000000099999999998 0.00000000099999999998 0.01119302741972188348 0.02949273237939220235 0.00000000099999999998 0.95931423520088576762 
0.00000000099999999979 0.00000000099999999979 0.00000000099999999979 0.00000000099999999979 0.00000000099999999979 0.99999999299999997593 0.00000000099999999979 0.00000000099999999979 
0.00000000099999999997 0.12979331515437117495 0.00000000099999999997 0.00000000099999999997 0.02542827542476920610 0.00000000099999999997 0.01410926278314833873 0.83066914263771129967 
0.00000000099999999981 0.39232169496427538036 0.00000000099999999981 0.00000000099999999981 0.00000000099999999981 0.60767829903572445627 0.00000000099999999981 0.00000000099999999981 
