0.00000238352938250085 0.33086675300885670659 0.66913086346176087194 
0.05995060801694724467 0.00155070115605048767 0.93849869082700221323 
0.05261013870797107139 0.01015028150104871005 0.93723957979098027060 
0.03118833333287419560 0.01144430558496426463 0.95736736108216147212 
0.01122294928555626729 0.00986255477361320729 0.97891449594083057573 
0.02728604811587411264 0.00566845086035323766 0.96704550102377262455 
0.99999999799999994554 0.00000000099999999995 0.00000000099999999995 
0.00000000099999999996 0.00000000099999999996 0.99999999799999994554 
0.00822071668791164202 0.00012142573385003956 0.99165785757823832203 
0.99999999799999994554 0.00000000099999999996 0.00000000099999999996 
0.99999999799999994554 0.00000000099999999997 0.00000000099999999997 
0.99999999800000005656 0.00000000099999999998 0.00000000099999999998 
0.70601506747179332280 0.15774531427697288666 0.13623961825123387381 
0.67258220369802346195 0.19311627947239970449 0.13430151682957677806 
0.27553101926767131769 0.50742724014103035568 0.21704174059129829888 
0.99999999799999994554 0.00000000099999999996 0.00000000099999999996 
0.60943486372210209367 0.26476573686915211292 0.12579939940874582116 
0.11104776145498215789 0.27787943752164578903 0.61107280102337202532 
0.00000000099999999991 0.99999999800000005656 0.00000000099999999991 
0.33981573518573593429 0.61676261140795229920 0.04342165340631184284 
0.71045369330502983196 0.18198553836319025789 0.10756076833177992402 
0.99999991659367648555 0.00000008240632340012 0.00000000099999999997 
0.00000000099999999994 0.99999999799999994554 0.00000000099999999994 
0.06208589404970673437 0.00185003214528475942 0.93606407380500855631 
0.99999985873442287510 0.00000014026557700445 0.00000000099999999997 
0.99999998621697960832 0.00000001278302037100 0.00000000099999999998 
0.69698347036310137614 0.16081561755827988858 0.14220091207861867977 
0.03803051830917051485 0.02384736075840242567 0.93812212093242708377 
0.00018955306889380252 0.01472008052703423220 0.98509036640407199314 
0.99999997374244353754 0.00000000100000000000 0.00000002525755647514 
0.89077444686984486033 0.03307096286276797747 0.07615459026738709281 
0.96978956506828895012 0.03021043393171114061 0.00000000099999999999 
0.08967879141608717242 0.00001485285310296042 0.91030635573080986855 
0.00000000100000000000 0.70291531461910450318 0.29708468438089563612 
0.01026399399824882291 0.04147013284836771618 0.94826587315338350948 
0.99992714328533005563 0.00007285571467000425 0.00000000099999999998 
0.00000000099999999994 0.99999999799999994554 0.00000000099999999994 
0.01903648719653764851 0.70713972178624884268 0.27382379101721360248 
0.99999013113464618741 0.00000986786535370705 0.00000000099999999999 
0.99201671847523487102 0.00798328052476506358 0.00000000099999999997 
0.99976366060639521027 0.00023633839360474572 0.00000000099999999998 
0.00000000099999999996 0.00000000099999999996 0.99999999800000005656 
0.08161541812166504817 0.00000393951253524513 0.91838064236579963762 
0.70615377500771769892 0.15692113215799075032 0.13692509283429163403 
0.33932671228555699727 0.06930894714931687406 0.59136434056512610091 
0.00000000099999999995 0.00000000099999999995 0.99999999800000005656 
0.99999994297875682836 0.00000005602124310912 0.00000000099999999999 
0.00000000099999999995 0.00000000099999999995 0.99999999800000005656 
0.00000000099999999997 0.00000000099999999997 0.99999999799999994554 
0.00000000099999999996 0.00000000099999999996 0.99999999799999994554 
0.01810644026253754174 0.02307891843844273733 0.95881464129901983195 
0.00000000099999999993 0.00000000099999999993 0.99999999800000005656 
0.00000000099999999994 0.00000000099999999994 0.99999999799999994554 
0.88891802058958147015 0.11108197841041848875 0.00000000100000000000 
0.03606483510869126774 0.02856290322647416988 0.93537226166483455891 
0.00000002497904913021 0.00000000310084834853 0.99999997192010248170 
0.00000000099999999995 0.00000000099999999995 0.99999999800000005656 
0.00585436669605049389 0.02681375408795999907 0.96733187921598950965 
0.00000000099999999996 0.00000000099999999996 0.99999999800000005656 
0.01551961189770791755 0.01391078276085953337 0.97056960534143255082 
0.02550558466351741244 0.00000000099999999999 0.97449441433648265054 
0.00000000099999999997 0.00000000099999999997 0.99999999800000005656 
0.00000000099999999995 0.00000000099999999995 0.99999999800000005656 
0.06787827183578824808 0.93211837476464964869 0.00000335339956195621 
0.00001310373194893769 0.01442935119977452330 0.98555754506827653039 
0.00000000099999999999 0.01043240365226357803 0.98956759534773641729 
0.00000000099999999996 0.99999999799999994554 0.00000000099999999996 
0.99020514945512860816 0.00979484954487146176 0.00000000099999999998 
0.02907974119878326685 0.00612321910108397805 0.96479703970013275249 
0.00000004105220177361 0.99999995794779816816 0.00000000099999999998 
0.00065519965153608916 0.99934479934846398574 0.00000000099999999997 
0.03764694760190226419 0.96235305139809768082 0.00000000099999999998 
0.70336714349275464286 0.16654128109357124732 0.13009157541367422084 
0.36818619517776740580 0.58742797108955113750 0.04438583373268151916 
0.32694577880240516254 0.44327224651706842451 0.22978197468052652397 
0.65795357355011918621 0.20465304448181170782 0.13739338196806902270 
0.99999987500179166044 0.00000012399820836973 0.00000000099999999998 
0.00000000099999999995 0.99999999799999994554 0.00000000099999999995 
0.40602958747136674855 0.57822080197452485617 0.01574961055410849936 
0.36016431017541467030 0.60058068297918576484 0.03925500684539964813 
0.10169940425257689709 0.89830044062751368550 0.00000015511990942415 
0.51391955756322038606 0.20376287918191102189 0.28231756325486856429 
0.80165028873835164624 0.07771179766027737357 0.12063791360137098019 
0.72062299502468984969 0.12330726575636113962 0.15606973921894895518 
0.00231609496063526522 0.99768390403936468847 0.00000000099999999998 
0.99999989271403932900 0.00000010628596059862 0.00000000099999999997 
0.96725885208207151855 0.03274114691792847504 0.00000000099999999999 
0.74766815647694206959 0.14746160606539518434 0.10487023745766275995 
0.99289335792455046814 0.00710664107544959137 0.00000000099999999998 
0.38452819288693407263 0.57712770284505998664 0.03834410426800592686 
0.65102922200177681944 0.15526826466431264961 0.19370251333391047543 
0.07242236322512278501 0.92757763577487717388 0.00000000099999999997 
0.70082205944705189271 0.14097893079168791197 0.15819900976126011205 
0.95567284831466214889 0.04432715068533786551 0.00000000099999999998 
0.00000000099999999995 0.00000000099999999995 0.99999999799999994554 
0.00000000099999999993 0.00000000099999999993 0.99999999799999994554 
0.00913289746841837793 0.02038856834766650944 0.97047853418391516467 
0.00302139136999114103 0.00000145156565371729 0.99697715706435519056 
0.01480178317762899029 0.94618317728576184500 0.03901503953660916124 
0.05058288991544921537 0.02781983085981593051 0.92159727922473488881 
0.01364448136038331170 0.01434084844965892100 0.97201467018995768576 
0.02712154809287899149 0.86165272710360485409 0.11122572480351607116 
0.15221421215260014237 0.01577252280493888353 0.83201326504246098104 
0.00000000099999999995 0.00000000099999999995 0.99999999799999994554 
0.01423110960543758768 0.82144517413576079168 0.16432371625880157207 
0.92735309194361215113 0.07264690705638783552 0.00000000099999999997 
0.00000000099999999995 0.99999999799999994554 0.00000000099999999995 
0.68395359388806586942 0.19336955233235775253 0.12267685377957648907 
0.99999999800000005656 0.00000000099999999998 0.00000000099999999998 
0.00000000100000000000 0.03800824798965378448 0.96199175101034628543 
0.03539744191811032559 0.19100633770647926224 0.77359622037541053707 
0.02711829938288064928 0.01970553272528188793 0.95317616789183745585 
0.03025631160682985474 0.00529569260345087636 0.96444799578971918130 
0.05125958133638289921 0.00000007010033528369 0.94874034856328182119 
0.00147166399477549354 0.00000000100000000000 0.99852833500522442112 
0.98474577623984993480 0.01525422276015006053 0.00000000099999999998 
0.68279117336763273105 0.18325385417862191662 0.13395497245374532458 
0.98990990031266679061 0.01009009868733329318 0.00000000099999999998 
0.99994337822812340288 0.00005662077187661378 0.00000000099999999999 
0.73976087927969658153 0.16102239424116526756 0.09921672647913819254 
0.00000000099999999993 0.99999999799999994554 0.00000000099999999993 
0.00000000099999999995 0.99999999799999994554 0.00000000099999999995 
0.99999999632603842059 0.00000000267396157234 0.00000000099999999996 
0.99999999799999994554 0.00000000099999999996 0.00000000099999999996 
0.99995329237174501724 0.00004670662825487409 0.00000000099999999997 
0.00000016301084160982 0.99999983598915831440 0.00000000099999999996 
0.03554631140740487083 0.96445368759259497704 0.00000000099999999999 
0.99999999660116933864 0.00000000239883064596 0.00000000099999999997 
0.73395707087231232268 0.15504580294130046458 0.11099712618638729600 
0.93582863416959927161 0.06417129770436770519 0.00000006812603314178 
0.00000000099999999993 0.99999999799999994554 0.00000000099999999993 
0.99993589256479098459 0.00006410643520908891 0.00000000099999999997 
0.04528084268848675542 0.02069938855018133364 0.93401976876133185890 
0.11870960822378309740 0.88129039077621684761 0.00000000099999999998 
0.11135945035806443792 0.00074080531910221219 0.88789974432283336192 
0.00000000099999999995 0.99999999800000005656 0.00000000099999999995 
0.99995870971266631599 0.00004128928733357740 0.00000000099999999998 
0.99999997590525679936 0.00000002309474318447 0.00000000099999999997 
0.00000000099999999995 0.99999999799999994554 0.00000000099999999995 
0.99999999317330212634 0.00000000582669784636 0.00000000099999999997 
0.68481140372009519091 0.06894387126442484692 0.24624472501547992054 
0.00000000099999999996 0.99999999800000005656 0.00000000099999999996 
0.99846679522651760053 0.00153320377348232562 0.00000000099999999999 
0.00000000099999999998 0.00000000099999999998 0.99999999800000005656 
0.00000000099999999999 0.72142404973854179495 0.27857594926145828884 
0.00000000100000000000 0.01706898736405024208 0.98293101163594964742 
0.00000005011343333385 0.02328277774336446129 0.97671717214320230571 
0.00104378290822277156 0.03879409090003733962 0.96016212619173979537 
0.02269842883349103280 0.01479365991715888076 0.96250791124935008991 
0.02020827707329063069 0.03128655621874887327 0.94850516670796047869 
0.09896618466365111888 0.03501143377545011537 0.86602238156089894616 
0.00008032239922510639 0.02460853926417263388 0.97531113833660221246 
0.00000000099999999994 0.99999999799999994554 0.00000000099999999994 
0.02266924701560360175 0.01733461652927157509 0.95999613645512471560 
0.00000000099999999999 0.73240972298335149659 0.26759027601664853169 
0.00000898801389958771 0.02263791061826660872 0.97735310136783370982 
0.00000000099999999994 0.00000000099999999994 0.99999999800000005656 
0.99999999799999994554 0.00000000099999999996 0.00000000099999999996 
0.00000000099999999994 0.00000000099999999994 0.99999999800000005656 
0.00000000099999999994 0.00000000099999999994 0.99999999800000005656 
0.05226018634237759170 0.02333613971902633380 0.92440367393859612655 
0.01654366259780136808 0.02880770532634651521 0.95464863207585215488 
0.00000000099999999997 0.00000000099999999997 0.99999999800000005656 
0.00000000099999999995 0.00000000099999999995 0.99999999799999994554 
0.01783317764439935893 0.02042763811172565794 0.96173918424387505599 
0.99999980135377575241 0.00000019764622431097 0.00000000099999999997 
0.02002187898282481449 0.03992902618228538758 0.94004909483488974242 
0.00000000099999999995 0.00000000099999999995 0.99999999800000005656 
0.03902431761740469962 0.02677808111854600506 0.93419760126404927103 
0.03184369701684209436 0.00088409183838874833 0.96727221114476924502 
0.00000000889304413672 0.00000000099999999999 0.99999999010695583834 
0.99999999799999994554 0.00000000099999999997 0.00000000099999999997 
0.00000000099999999997 0.00000000099999999997 0.99999999800000005656 
0.02151598700254418739 0.02121530565138666363 0.95726870734606905877 
0.05344306430157664406 0.02959874537120017746 0.91695819032722325481 
0.04149841001549149644 0.00000034572198872275 0.95850124426251970267 
0.99999999799999994554 0.00000000099999999996 0.00000000099999999996 
0.09177942980471549828 0.04883899054660448963 0.85938157964867989413 
0.04206402336519566437 0.00000017646152014764 0.95793580017328416876 
0.02953703670756253896 0.00002531636114368262 0.97043764693129375143 
0.00175337808258220289 0.04343247827786808624 0.95481414363954975055 
0.03164726499227835804 0.00000000099999999999 0.96835273400772170493 
0.87105005788054379323 0.00000010126486787982 0.12894984085458841006 
0.06806790825640934850 0.02058085654916909715 0.91135123519442162721 
0.00000000099999999993 0.00000000099999999993 0.99999999800000005656 
0.00000219060859895043 0.00001682850907633607 0.99998098088232467706 
0.00000002490389994609 0.05108652255111945095 0.94891345254498060680 
0.46006551387285016252 0.00000001206835382515 0.53993447405879602119 
0.00116759252568407576 0.00000551188132714831 0.99882689559298876159 
0.43035222194414657348 0.08720278939873592206 0.48244498865711754609 
0.12751341161696830295 0.03499529015430406093 0.83749129822872758755 
0.03823386744648405583 0.00411899707832287867 0.95764713547519308978 
0.39599956223589583004 0.00000003988173253721 0.60400039788237169791 
0.03195593011312630044 0.00005787630628479940 0.96798619358058879403 
0.00032168319617687782 0.82336765103748077443 0.17631066576634232823 
0.70445366007668930308 0.17033590722617888980 0.12521043269713189039 
0.03479654750976418631 0.00003400491679199502 0.96516944757344391714 
0.00000000099999999997 0.00000000099999999997 0.99999999799999994554 
0.00000000099999999998 0.00000000099999999998 0.99999999799999994554 
0.00000000099999999994 0.00000000099999999994 0.99999999800000005656 
0.00000000099999999999 0.67851788221698039472 0.32148211678301980010 
0.03352254599998888418 0.02099038352938269875 0.94548707047062841013 
0.00000005658948376460 0.01843937420729887394 0.98156056920321743675 
0.00000000099999999998 0.00000000099999999998 0.99999999800000005656 
0.04212693168942601568 0.00000000100000000000 0.95787306731057386688 
0.00000000099999999995 0.00000000099999999995 0.99999999799999994554 
0.00000000099999999999 0.73039545589538523718 0.26960454310461473559 
0.00000000099999999996 0.00000000099999999996 0.99999999800000005656 
0.00000000099999999997 0.00000000099999999997 0.99999999799999994554 
0.00000000099999999999 0.70678857156745489299 0.29321142743254513530 
0.00000000333613830006 0.67168929718308023613 0.32831069948078150933 
0.01635726104948862988 0.03124698868983223285 0.95239575026067913033 
0.00000000099999999993 0.00000000099999999993 0.99999999799999994554 
0.00872298140327787408 0.03498838944196278056 0.95628862915475931761 
0.00000000099999999995 0.00000000099999999995 0.99999999800000005656 
