0.65937944073150989155 0.00000001289575582485 0.00000000100000000000 0.34062054537273422916 
0.87668895440102112548 0.00001382601130209427 0.12329721858767676845 0.00000000099999999999 
0.89503472553265883693 0.01783147837047863518 0.07912552904813068000 0.00800826704873176289 
0.89459767339460471991 0.00000000099999999998 0.10540232460539541992 0.00000000099999999998 
0.91675512295639438598 0.00000000099999999998 0.08324487504360565671 0.00000000099999999998 
0.90523309533552920314 0.00000000099999999998 0.09476690266447078403 0.00000000099999999998 
0.00000000099999999996 0.98055251542762811301 0.01944748257237185335 0.00000000099999999996 
0.99999999699999997382 0.00000000099999999996 0.00000000099999999996 0.00000000099999999996 
0.93614367052936731106 0.00000000099999999998 0.06385632747063277326 0.00000000099999999998 
0.00000000099999999995 0.99999999699999997382 0.00000000099999999995 0.00000000099999999995 
0.00000000099999999998 0.99984065889773732216 0.00015933779591746012 0.00000000230634518673 
0.00000000099999999997 0.99999999699999997382 0.00000000099999999997 0.00000000099999999997 
0.00000000099999999994 0.00000000099999999994 0.99999999699999997382 0.00000000099999999994 
0.11368453649297075025 0.55243630167827906252 0.16880322330983343893 0.16507593851891669279 
0.16020481543109046929 0.00003526691454818683 0.41854236352942225663 0.42121755412493899762 
0.00000000099999999996 0.99977081705452441884 0.00022918094547555706 0.00000000099999999996 
0.10194559665480296129 0.46142755956818093388 0.20664627129488186141 0.22998057248213429893 
0.56306593234058999187 0.00159131886319175049 0.19184546592418549871 0.24349728287203284416 
0.00000000099999999988 0.00000000099999999988 0.00000000099999999988 0.99999999700000008485 
0.00000000099999999999 0.01051400760324626253 0.49107804146105044074 0.49840794993570325389 
0.00000000099999999989 0.00000000099999999989 0.99999999699999997382 0.00000000099999999989 
0.00000000099999999997 0.98308278498086465458 0.01691721301913536035 0.00000000099999999997 
0.00000000099999999993 0.00000000099999999993 0.00000000099999999993 0.99999999699999997382 
0.86434414316509144971 0.00000000099999999998 0.13565585483490841257 0.00000000099999999998 
0.00000000099999999997 0.97662393124646118547 0.02337606675353879476 0.00000000099999999997 
0.00000000099999999998 0.99863745409681192733 0.00136254390318803816 0.00000000099999999998 
0.00000000099999999997 0.00000000099999999997 0.99999999699999997382 0.00000000099999999997 
0.87435740116119808896 0.00000000099999999999 0.12564259683880185658 0.00000000099999999999 
0.91585749718748787895 0.00000000099999999998 0.08414250081251205271 0.00000000099999999998 
0.00000000099999999999 0.99975733075091577362 0.00024266724908422418 0.00000000099999999999 
0.08017575603586105104 0.88992561580433493518 0.00004591015214402972 0.02985271800765995631 
0.00000000099999999999 0.93395721402502718256 0.03498314030099483607 0.03105964467397795067 
0.84459041182422378569 0.00000000117780403787 0.15540958599797208284 0.00000000099999999999 
0.29593498790288064182 0.00000000099999999999 0.00000000099999999999 0.70406501009711930372 
0.88264601234751305370 0.00000000100000000000 0.09419783302399624414 0.02315615362849082412 
0.00000000099999999998 0.99998165904549984884 0.00000000099999999998 0.00001833895450028458 
0.00000000099999999993 0.00000000099999999993 0.00000000099999999993 0.99999999700000008485 
0.27112268490192020787 0.02280768873421924400 0.00000000100000000000 0.70606962536386064233 
0.00000000099999999998 0.99999999699999997382 0.00000000099999999998 0.00000000099999999998 
0.00000000099999999996 0.99856344531696261679 0.00000000099999999996 0.00143655268303740399 
0.00000000099999999998 0.95556465844171545321 0.04443533955828463111 0.00000000099999999998 
0.99999999699999997382 0.00000000099999999997 0.00000000099999999997 0.00000000099999999997 
0.90466510705226432787 0.09529688766645770526 0.00003800274118709804 0.00000000254009080297 
0.00000000099999999996 0.00000000099999999996 0.99999999699999986280 0.00000000099999999996 
0.46351465873060293532 0.00000000099999999998 0.53648533926939701022 0.00000000099999999998 
0.99999999699999997382 0.00000000099999999994 0.00000000099999999994 0.00000000099999999994 
0.00000000099999999999 0.98796394821753485971 0.01203604978246513441 0.00000000099999999999 
0.99999999700000008485 0.00000000099999999994 0.00000000099999999994 0.00000000099999999994 
0.99999999699999997382 0.00000000099999999998 0.00000000099999999998 0.00000000099999999998 
0.99999999700000008485 0.00000000099999999996 0.00000000099999999996 0.00000000099999999996 
0.90560203730882615769 0.00000000099999999999 0.09439792545338866747 0.00000003623778518828 
0.99999999700000008485 0.00000000099999999992 0.00000000099999999992 0.00000000099999999992 
0.99999999700000008485 0.00000000099999999993 0.00000000099999999993 0.00000000099999999993 
0.00000000099999999997 0.51954263043623671869 0.46731394326699937647 0.01314342529676401986 
0.88235133618452865623 0.00001693212219192855 0.10770582003688679296 0.00992591165639272917 
0.98234526013062928307 0.00000000100000000000 0.01765473188294658033 0.00000000698642427696 
0.99999999699999997382 0.00000000099999999996 0.00000000099999999996 0.00000000099999999996 
0.89679195397346234131 0.00000000099999999998 0.10320804402653770138 0.00000000099999999998 
0.99999999700000008485 0.00000000099999999996 0.00000000099999999996 0.00000000099999999996 
0.91534010278026800567 0.00000000099999999998 0.08465989521973196763 0.00000000099999999998 
0.90807961162600969729 0.00000000099999999997 0.09192038637399035927 0.00000000099999999997 
0.99999999700000008485 0.00000000099999999997 0.00000000099999999997 0.00000000099999999997 
0.99999999700000008485 0.00000000099999999994 0.00000000099999999994 0.00000000099999999994 
0.00001562498845877993 0.07182908283736062771 0.00000000100000000000 0.92815529117418060778 
0.91483969677936383125 0.00000000099999999998 0.08516030122063615593 0.00000000099999999998 
0.98131942252026005402 0.00000000099999999999 0.00000000099999999999 0.01868057547973994703 
0.00000000099999999994 0.00000000099999999994 0.00000000099999999994 0.99999999699999997382 
0.00000000099999999999 0.99166131510698651841 0.00007877976277777727 0.00825990413023566968 
0.91197312892928661388 0.00000000099999999998 0.08802686907071337330 0.00000000099999999998 
0.00000000099999999997 0.00000006189171710859 0.00000000099999999997 0.99999993610828286084 
0.00000000099999999997 0.00000000909289605021 0.02431310601703207466 0.97568688389007185435 
0.00000000099999999998 0.03956990421332066271 0.00000000099999999998 0.96043009378667942855 
0.00000000099999999996 0.00000000099999999996 0.99999999699999997382 0.00000000099999999996 
0.00000000099999999997 0.00000000099999999997 0.60216088500107933790 0.39783911299892077418 
0.14829544329630892086 0.03483928435054382128 0.51814646243915907231 0.29871880991398808147 
0.00000000099999999997 0.00000000099999999997 0.99999999699999986280 0.00000000099999999997 
0.00000000099999999996 0.99999999700000008485 0.00000000099999999996 0.00000000099999999996 
0.00000000099999999994 0.00000000099999999994 0.00000000099999999994 0.99999999699999997382 
0.00000000099999999996 0.00000000099999999996 0.62604844029877226852 0.37395155770122756600 
0.00000000099999999997 0.00000000099999999997 0.59597726275050288969 0.40402273524949716688 
0.00000000100000000000 0.07454073454697583700 0.04490721255733166190 0.88055205189569252244 
0.18390165541164216201 0.16289409858234041306 0.56725068965658109743 0.08595355634943624423 
0.12299122563245981632 0.78721283493313909396 0.01898367931487937935 0.07081226011952163057 
0.00000000099999999996 0.00000000099999999996 0.99999999699999997382 0.00000000099999999996 
0.00000000099999999998 0.00803230131780397275 0.00000000471419025675 0.99196769296800568760 
0.00000000099999999996 0.99999999700000008485 0.00000000099999999996 0.00000000099999999996 
0.00000000099999999999 0.94076369986427466063 0.02638982940901181753 0.03284646972671348419 
0.00000000099999999996 0.00598081947809235744 0.99401917852190757596 0.00000000099999999996 
0.00000000099999999998 0.98955454294232503276 0.00410942166411443210 0.00633603439356050444 
0.00000000099999999997 0.00000000099999999997 0.60759152729568055573 0.39240847070431944532 
0.03339826707156825364 0.00567165287452990260 0.96090996510936321773 0.00002011494453856812 
0.00000000099999999997 0.07610161347494905082 0.00000000099999999997 0.92389838452505101962 
0.00000000099999999999 0.03988994831869709101 0.96011004968130286841 0.00000000099999999999 
0.00000000099999999998 0.93507036603564885890 0.01916518648865522118 0.04576444647569597596 
0.99999999700000008485 0.00000000099999999994 0.00000000099999999994 0.00000000099999999994 
0.99999999700000008485 0.00000000099999999991 0.00000000099999999991 0.00000000099999999991 
0.90514232242784231630 0.00000000099999999998 0.09485767557215772638 0.00000000099999999998 
0.92255059542481776536 0.00000000099999999997 0.07744940257518213855 0.00000000099999999997 
0.03910000785139203239 0.00550079911676296194 0.01904360579098402645 0.93635558724086098703 
0.83441634828011967961 0.00000000099999999997 0.16558364971988023817 0.00000000099999999997 
0.89324309339144281061 0.00000000099999999998 0.10675690460855710717 0.00000000099999999998 
0.11195623295030755762 0.03085299775682561613 0.00000000956735429845 0.85719075972551250775 
0.78321756045980883698 0.09458855383957610885 0.12219357545790843211 0.00000031024270662726 
0.99999999700000008485 0.00000000099999999994 0.00000000099999999994 0.00000000099999999994 
0.16475689278745295208 0.01474685776347842148 0.00041150581967711318 0.82008474362939143276 
0.00000000099999999997 0.89864726731446198382 0.03292130374325221570 0.06843142794228573855 
0.00000000099999999994 0.00000000099999999994 0.00000000099999999994 0.99999999699999997382 
0.00000000099999999995 0.00000000099999999995 0.99999999699999986280 0.00000000099999999995 
0.00000000099999999998 0.99493353378799986864 0.00506646421200006736 0.00000000099999999998 
0.90602316823924056166 0.00000000099999999999 0.08583843600741668245 0.00813839475334271999 
0.72742606953755717392 0.00014248743573910743 0.10979687536882085097 0.16263456765788292246 
0.89560327225435987231 0.00000000099999999999 0.10439672574564010099 0.00000000099999999999 
0.91769473971435655546 0.00211388751608430512 0.08019137176955926094 0.00000000100000000000 
0.89017496731225587148 0.00144637637999583176 0.10837865530774834499 0.00000000099999999999 
0.92971729298241723161 0.00000000099999999997 0.07028270501758290822 0.00000000099999999997 
0.00000000099999999998 0.96820865788249721451 0.01486766348056751084 0.01692367763693512772 
0.00000000099999999998 0.00008930133564706509 0.99991069666435294927 0.00000000099999999998 
0.00000000099999999998 0.99034282440212118015 0.00357539494988292272 0.00608177964799585993 
0.00000000099999999999 0.99999927767284602087 0.00000000099999999999 0.00000072032715393056 
0.00000000099999999994 0.00000000099999999994 0.99999999699999997382 0.00000000099999999994 
0.00000000099999999991 0.00000000099999999991 0.00000000099999999991 0.99999999700000008485 
0.00000000099999999995 0.00000000099999999995 0.00000000099999999995 0.99999999699999997382 
0.00000000099999999995 0.99999999699999997382 0.00000000099999999995 0.00000000099999999995 
0.00000000099999999996 0.99999999700000008485 0.00000000099999999996 0.00000000099999999996 
0.00000000099999999996 0.99999999488409607729 0.00000000099999999996 0.00000000311590391602 
0.00000000099999999995 0.00000139759703910799 0.00000000099999999995 0.99999860040296084662 
0.00000000099999999999 0.03836273827561210992 0.00000000226724078496 0.96163725845714720375 
0.00000000099999999996 0.99999999699999997382 0.00000000099999999996 0.00000000099999999996 
0.00000000099999999996 0.00000000099999999996 0.99999999699999986280 0.00000000099999999996 
0.00000001226135950662 0.87971906288210255376 0.06770663163166194820 0.05257429322487595924 
0.00000000099999999992 0.00000000099999999992 0.00000000099999999992 0.99999999699999997382 
0.00000000099999999996 0.99999999095571701080 0.00000000099999999996 0.00000000704428302185 
0.87646588390673607627 0.00003204709775257149 0.12350206799551119441 0.00000000100000000000 
0.00000000099999999998 0.01799785358502930740 0.14069852665209606202 0.84130361876287473866 
0.86644564482757824297 0.10848441138754159885 0.02506924244679917604 0.00000070133808093320 
0.00000000099999999993 0.00000000099999999993 0.00000000099999999993 0.99999999700000008485 
0.00000000099999999998 0.99917775090093674528 0.00082224693619794567 0.00000000116286524234 
0.00000000099999999996 0.99999999700000008485 0.00000000099999999996 0.00000000099999999996 
0.00000000099999999994 0.00000000099999999994 0.00000000099999999994 0.99999999699999997382 
0.00000000099999999996 0.99999999699999997382 0.00000000099999999996 0.00000000099999999996 
0.23800679282824838134 0.63900937545333191814 0.05840722744177992420 0.06457660427663988734 
0.00000000099999999994 0.00000000099999999994 0.00000000099999999994 0.99999999700000008485 
0.00000000100000000000 0.99997527285101850403 0.00000000197171009591 0.00002472417727147541 
0.99999999700000008485 0.00000000099999999998 0.00000000099999999998 0.00000000099999999998 
0.27681920493417966345 0.00000000099999999999 0.00002181510481772339 0.72315897896100256315 
0.92655089613081176303 0.00000000099999999998 0.07344910186918829353 0.00000000099999999998 
0.92019495419869423714 0.00000000099999999998 0.07980504380130577780 0.00000000099999999998 
0.89848380108603487226 0.00000000099999999999 0.09125756417999957015 0.01025863373396570209 
0.89469501075027368930 0.00000000099999999998 0.10530498724972633950 0.00000000099999999998 
0.88376569319958431237 0.00000000099999999999 0.10042561336601807387 0.01580869243439757613 
0.83557571674831565556 0.08267203315738767821 0.05434425347178047788 0.02740799662251615712 
0.89935723352219365534 0.00000000099999999997 0.10064276447780645674 0.00000000099999999997 
0.00000000099999999993 0.00000000099999999993 0.00000000099999999993 0.99999999699999997382 
0.90202448765233134154 0.00000000099999999999 0.09797551034766870115 0.00000000099999999999 
0.26898865789812709259 0.00000000099999999998 0.00000000099999999998 0.73101134010187274193 
0.91831650371149164958 0.00000000099999999999 0.08167644847725463730 0.00000704681125365641 
0.99999999699999997382 0.00000000099999999994 0.00000000099999999994 0.00000000099999999994 
0.00000000099999999995 0.99999999699999997382 0.00000000099999999995 0.00000000099999999995 
0.99999999700000008485 0.00000000099999999993 0.00000000099999999993 0.00000000099999999993 
0.99999999699999997382 0.00000000099999999993 0.00000000099999999993 0.00000000099999999993 
0.87196893950473508550 0.01384240272680428707 0.10547851658497962857 0.00871014118348117060 
0.89624674058570308333 0.00000000099999999999 0.09954918967884716918 0.00420406873544983389 
0.99999999699999997382 0.00000000099999999997 0.00000000099999999997 0.00000000099999999997 
0.99999999699999997382 0.00000000099999999994 0.00000000099999999994 0.00000000099999999994 
0.89779894034679474935 0.00000000099999999998 0.10220105765320536273 0.00000000099999999998 
0.00000000099999999996 0.99999999700000008485 0.00000000099999999996 0.00000000099999999996 
0.89181261645026688178 0.00000000100000000000 0.08869254983672707204 0.01949483271300593568 
0.99999999699999997382 0.00000000099999999994 0.00000000099999999994 0.00000000099999999994 
0.87484140440143876027 0.00000000100000000000 0.11703081586086878929 0.00812777873769249259 
0.91090899718277851260 0.00000000099999999999 0.08909100081722150233 0.00000000099999999999 
0.98747402997917144152 0.01252596802082867403 0.00000000099999999997 0.00000000099999999997 
0.00000000099999999995 0.99999999700000008485 0.00000000099999999995 0.00000000099999999995 
0.99999980766724094750 0.00000019033275912655 0.00000000099999999998 0.00000000099999999998 
0.90611764309316045196 0.00451128331875870221 0.08238544688807128424 0.00698562670000959021 
0.85069982541961908229 0.00000000100000000000 0.14915828150369783711 0.00014189207668303635 
0.89714986337684377027 0.00000000099999999998 0.10285013462315614752 0.00000000099999999998 
0.00000000099999999995 0.99999999699999997382 0.00000000099999999995 0.00000000099999999995 
0.77450262484050313994 0.00000000099999999998 0.22549737315949686112 0.00000000099999999998 
0.88987196602876283968 0.00000000099999999998 0.11012803197123724464 0.00000000099999999998 
0.89485069902904057493 0.00000000099999999997 0.10514929897095944000 0.00000000099999999997 
0.89968910844787397529 0.00000000100000000000 0.09322514926609129504 0.00708574128603493315 
0.94672913218660192936 0.02775221472401507780 0.02551865208938294480 0.00000000099999999999 
0.13131079204502266178 0.86868920595497745030 0.00000000099999999999 0.00000000099999999999 
0.84006988118798864296 0.00000000099999999999 0.15993011681201135810 0.00000000099999999999 
0.99999999700000008485 0.00000000099999999992 0.00000000099999999992 0.00000000099999999992 
0.99362849614212656046 0.00022078032103218576 0.00000163044369971498 0.00614909309314159557 
0.92196392004869676118 0.00000000100000000000 0.02869316278654301597 0.04934291616476025460 
0.52050348283913150382 0.40552521051466194901 0.07397130564620647830 0.00000000100000000000 
0.90653521393567504383 0.00000000099999999996 0.09346478406432487396 0.00000000099999999996 
0.47251870808528639856 0.41107867512420548373 0.02667110198024594606 0.08973151481026207799 
0.72940070692210845493 0.00000000099999999998 0.27059929107789143510 0.00000000099999999998 
0.89257176037934782276 0.00166911597164566571 0.10440518737086611212 0.00135393627814037534 
0.57856307629463843423 0.34012193288506759048 0.08131498982029404521 0.00000000099999999999 
0.93585358296027232328 0.02578269356243264102 0.03836372247729506746 0.00000000100000000000 
0.17769770397844786292 0.00019569903637046439 0.00067867232716161991 0.82142792465802005886 
0.00000000099999999993 0.00000000099999999993 0.99999999699999997382 0.00000000099999999993 
0.89843614947841232699 0.00000000099999999998 0.10156384852158763243 0.00000000099999999998 
0.99999999700000008485 0.00000000099999999996 0.00000000099999999996 0.00000000099999999996 
0.99999999699999997382 0.00000000099999999997 0.00000000099999999997 0.00000000099999999997 
0.99999999699999997382 0.00000000099999999993 0.00000000099999999993 0.00000000099999999993 
0.32076354084228431152 0.00000000099999999999 0.00000000099999999999 0.67923645715771563403 
0.89847679677465408510 0.00021200810567574121 0.10130311773016612009 0.00000807738950404141 
0.92300964705022303658 0.00000000099999999999 0.07699034929214919332 0.00000000265762779645 
0.99999999480462309354 0.00000000319537683374 0.00000000099999999999 0.00000000099999999999 
0.89703520588667118307 0.00000000099999999998 0.10296479211332887349 0.00000000099999999998 
0.99999999699999997382 0.00000000099999999994 0.00000000099999999994 0.00000000099999999994 
0.26951039803725951316 0.00000000099999999998 0.00000000099999999998 0.73048959996274043238 
0.99999999699999997382 0.00000000099999999996 0.00000000099999999996 0.00000000099999999996 
0.99999999699999997382 0.00000000099999999996 0.00000000099999999996 0.00000000099999999996 
0.29084080279504481714 0.00000000099999999999 0.00000000099999999999 0.70915919520495507289 
0.32746293583421953732 0.00000000099999999999 0.00000000099999999999 0.67253706216578046373 
0.87112676510968656274 0.00000000099999999999 0.12887323289031341056 0.00000000099999999999 
0.99999999699999997382 0.00000000099999999991 0.00000000099999999991 0.00000000099999999991 
0.89565243104804781460 0.00000000099999999999 0.10434756695195221421 0.00000000099999999999 
0.99999999699999997382 0.00000000099999999994 0.00000000099999999994 0.00000000099999999994 
