0.11371599061483823878 0.00000000099999999999 0.55466048065973383441 0.33098741512559187727 0.00000000099999999999 0.00063611159983611727 
0.97276025591317127894 0.02723892907682111397 0.00000081201000757246 0.00000000099999999998 0.00000000099999999998 0.00000000099999999998 
0.83358077127223295655 0.00009158553939426532 0.13830164354085611178 0.00484022826574220452 0.02318577038177427330 0.00000000099999999999 
0.92480017825821347888 0.00993340412150829459 0.06526641462027825413 0.00000000099999999998 0.00000000099999999998 0.00000000099999999998 
0.89554665395393884264 0.00000000099999999997 0.10445334204606117334 0.00000000099999999997 0.00000000099999999997 0.00000000099999999997 
0.99999994813069159605 0.00000000099999999996 0.00000004786930844262 0.00000000099999999996 0.00000000099999999996 0.00000000099999999996 
0.00000000099999999991 0.02819943857172146212 0.00000000099999999991 0.00000000099999999991 0.97180055742827864407 0.00000000099999999991 
0.00000000099999999990 0.00000000099999999990 0.99999999500000003039 0.00000000099999999990 0.00000000099999999990 0.00000000099999999990 
0.92664563171957714527 0.00000000099999999994 0.05667864820724290154 0.00000000099999999994 0.00000000099999999994 0.01667571707317998947 
0.00000000099999999991 0.00000000099999999991 0.00000000099999999991 0.00000000099999999991 0.99999999499999991937 0.00000000099999999991 
0.00000000099999999995 0.00000098163391959966 0.00000000099999999995 0.00000006566974283269 0.99999894969633740249 0.00000000099999999995 
0.00000000099999999995 0.00000000099999999995 0.00000000099999999995 0.00000000099999999995 0.99999999500000003039 0.00000000099999999995 
0.00000000099999999989 0.99999999500000003039 0.00000000099999999989 0.00000000099999999989 0.00000000099999999989 0.00000000099999999989 
0.12485829588837259185 0.15464283591120142614 0.00000560541366479261 0.16978244595243063841 0.55071081583433045825 0.00000000099999999999 
0.00000000099999999999 0.42255393140427249810 0.16587815686868850884 0.41156790688676492262 0.00000000284027407891 0.00000000099999999999 
0.00000000099999999992 0.00008188750133792403 0.00000000099999999992 0.00000000099999999992 0.99991810849866202826 0.00000000099999999992 
0.00252398380694667836 0.20501014769404030114 0.10378188091794948722 0.24028520409402340241 0.44839878248704001518 0.00000000099999999999 
0.04252177547502775101 0.18976705208111019352 0.52774428007712237410 0.23996689036673968243 0.00000000099999999999 0.00000000099999999999 
0.00000000099999999977 0.00000000099999999977 0.00000000099999999977 0.99999999500000003039 0.00000000099999999977 0.00000000099999999977 
0.00000000099999999998 0.50476910089341886501 0.00000000099999999998 0.49522181495289763209 0.00000908115368355771 0.00000000099999999998 
0.00000000099999999980 0.99999999500000003039 0.00000000099999999980 0.00000000099999999980 0.00000000099999999980 0.00000000099999999980 
0.00000000099999999994 0.02177040014866650844 0.00000000099999999994 0.00000000099999999994 0.97822959585133339999 0.00000000099999999994 
0.00000000099999999984 0.00000000099999999984 0.00000000099999999984 0.99999999499999991937 0.00000000099999999984 0.00000000099999999984 
0.84283388478469267735 0.05114890176753009166 0.10601721044777732972 0.00000000099999999998 0.00000000099999999998 0.00000000099999999998 
0.00000000099999999994 0.02599683755454939085 0.00000000099999999994 0.00000000099999999994 0.97400315844545060084 0.00000000099999999994 
0.00000000099999999995 0.00110888137644217467 0.00000000099999999995 0.00000000099999999995 0.99889111462355772986 0.00000000099999999995 
0.00000000099999999994 0.99999999500000003039 0.00000000099999999994 0.00000000099999999994 0.00000000099999999994 0.00000000099999999994 
0.94304588345870266064 0.02733382308245376272 0.01937549640595395001 0.00403623490389936473 0.00000000099999999999 0.00620856114899012539 
0.93519926386999763235 0.00000000099999999996 0.06480073213000238364 0.00000000099999999996 0.00000000099999999996 0.00000000099999999996 
0.00000000099999999999 0.00013130376142964507 0.00000016012740654666 0.00000000099999999999 0.99986853311116374865 0.00000000099999999999 
0.00000000173927311327 0.00000127804012997536 0.08337271152848732547 0.03368743324073517065 0.88284992599567857496 0.00008864945569568294 
0.00000000099999999997 0.03489288619949491854 0.00000000099999999997 0.01663956783499308603 0.93362163669806641497 0.01484590726744553293 
0.91220634534285749417 0.07012673040170996908 0.01701193883298582690 0.00000000099999999999 0.00065491046043898097 0.00000007396200782340 
0.00000000099999999983 0.00000000099999999983 0.00000000099999999983 0.00000000099999999983 0.00000000099999999983 0.99999999499999991937 
0.84531663373959742280 0.00609087820431639029 0.10590153745743680069 0.00000000099999999999 0.00000000099999999999 0.04269094859864946967 
0.00000000099999999996 0.00000000099999999996 0.00000000099999999996 0.00157796155326252489 0.99842203444673738311 0.00000000099999999996 
0.00000000099999999989 0.00000000099999999989 0.00000000099999999989 0.99999999500000003039 0.00000000099999999989 0.00000000099999999989 
0.00000000099999999973 0.00000000099999999973 0.00000000099999999973 0.00000000099999999973 0.00000000099999999973 0.99999999500000003039 
0.00000000099999999996 0.00000000099999999996 0.00000000099999999996 0.00000000099999999996 0.99999999499999991937 0.00000000099999999996 
0.00000000099999999993 0.00000000099999999993 0.00000000099999999993 0.00808885044612404208 0.99191114555387593921 0.00000000099999999993 
0.00000000099999999995 0.04123682310809967388 0.00000000099999999995 0.00001123264213046163 0.95875194124976981236 0.00000000099999999995 
0.00000000099999999992 0.00000000099999999992 0.99999999499999991937 0.00000000099999999992 0.00000000099999999992 0.00000000099999999992 
0.07279571836068833568 0.00134886609724181204 0.83516063167200915718 0.00000000100000000000 0.08582350820087647492 0.00487127466918433304 
0.00000000099999999993 0.99999999500000014141 0.00000000099999999993 0.00000000099999999993 0.00000000099999999993 0.00000000099999999993 
0.50729608525905744987 0.48428008204999634101 0.00842382969094625234 0.00000000099999999998 0.00000000099999999998 0.00000000099999999998 
0.00000000190792535601 0.00000000099999999991 0.99999999409207462886 0.00000000099999999991 0.00000000099999999991 0.00000000099999999991 
0.00000000099999999998 0.01061792801692276224 0.00000000099999999998 0.00000000099999999998 0.98089038099972447604 0.00849168798335275463 
0.00000000099999999990 0.00000000099999999990 0.99999999500000003039 0.00000000099999999990 0.00000000099999999990 0.00000000099999999990 
0.00000000099999999993 0.00000000099999999993 0.99999999499999991937 0.00000000099999999993 0.00000000099999999993 0.00000000099999999993 
0.00000000099999999991 0.00000000099999999991 0.99999999500000003039 0.00000000099999999991 0.00000000099999999991 0.00000000099999999991 
0.85876776790176279075 0.00000261406733079098 0.11390127376246125812 0.00000000099999999998 0.00000000099999999998 0.02732834226844521250 
0.00000000099999999986 0.00000000099999999986 0.99999999499999991937 0.00000000099999999986 0.00000000099999999986 0.00000000099999999986 
0.00648282450503301529 0.00000000099999999990 0.99351717149496687753 0.00000000099999999990 0.00000000099999999990 0.00000000099999999990 
0.00000000099999999995 0.48014615762177526026 0.00000000099999999995 0.00181862889423484923 0.51751858625797886315 0.00051662522601090947 
0.80247220906421157238 0.01895020595991440265 0.16650721930766845813 0.01207028742241084834 0.00000000100000000000 0.00000007724579480519 
0.40405696156015058484 0.00000000099999999998 0.59296101317254190644 0.00000000099999999998 0.00000000099999999998 0.00298202226730751637 
0.00006531230379518420 0.00000000099999999994 0.99993468369620497338 0.00000000099999999994 0.00000000099999999994 0.00000000099999999994 
0.99169432614506769497 0.00000000099999999997 0.00003551803672954791 0.00000000099999999997 0.00000000099999999997 0.00827015281820278093 
0.00247358234097810057 0.00000000099999999993 0.99752641365902194881 0.00000000099999999993 0.00000000099999999993 0.00000000099999999993 
0.99999999500000014141 0.00000000099999999994 0.00000000099999999994 0.00000000099999999994 0.00000000099999999994 0.00000000099999999994 
0.97248836573742092337 0.00000000099999999995 0.02751163026257926955 0.00000000099999999995 0.00000000099999999995 0.00000000099999999995 
0.04071219160075756349 0.00000000099999999996 0.95928780439924254964 0.00000000099999999996 0.00000000099999999996 0.00000000099999999996 
0.00000000099999999991 0.00000000099999999991 0.99999999500000003039 0.00000000099999999991 0.00000000099999999991 0.00000000099999999991 
0.00000000099999999999 0.00000000099999999999 0.00000086430651594165 0.92418777931018714078 0.07581135338329675344 0.00000000099999999999 
0.96834308032721727599 0.00000000099999999995 0.03165691567278276081 0.00000000099999999995 0.00000000099999999995 0.00000000099999999995 
0.00040237313827381132 0.00000000099999999998 0.97793518485030950238 0.00466183048138143607 0.00000000099999999998 0.01700060953003530370 
0.00000000099999999990 0.00000000099999999990 0.00000000099999999990 0.99999999499999991937 0.00000000099999999990 0.00000000099999999990 
0.00000000099999999997 0.00000638506854403431 0.00000000099999999997 0.00006922125953760337 0.99056791641111363589 0.00935647526080467945 
0.99999999274083195555 0.00000000099999999996 0.00000000325916813138 0.00000000099999999996 0.00000000099999999996 0.00000000099999999996 
0.00000000099999999994 0.00000000099999999994 0.00000000099999999994 0.99999999499999991937 0.00000000099999999994 0.00000000099999999994 
0.00000000099999999992 0.00027084550840234109 0.00000000099999999992 0.99972915049159771783 0.00000000099999999992 0.00000000099999999992 
0.00000000099999999996 0.00000000099999999996 0.00000000099999999996 0.97828278293677617405 0.02171721306322373785 0.00000000099999999996 
0.00000000099999999992 0.99999999500000003039 0.00000000099999999992 0.00000000099999999992 0.00000000099999999992 0.00000000099999999992 
0.00000000099999999995 0.61974571594206961933 0.00000000099999999995 0.37739333442210498681 0.00000000099999999995 0.00286094663582551686 
0.00017658798680526296 0.53616116914134881455 0.14036214981289132919 0.27482880636362272408 0.02310337976613428823 0.02536790692919759296 
0.00000000099999999993 0.99999999500000003039 0.00000000099999999993 0.00000000099999999993 0.00000000099999999993 0.00000000099999999993 
0.00000000099999999993 0.00000000099999999993 0.00000000099999999993 0.00000000099999999993 0.99999999499999991937 0.00000000099999999993 
0.00000000099999999989 0.00000000099999999989 0.00000000099999999989 0.99999999500000003039 0.00000000099999999989 0.00000000099999999989 
0.00000000099999999993 0.64129943794933907952 0.00000000099999999993 0.34110229216677034891 0.00000000099999999993 0.01759826688389074315 
0.00000000099999999994 0.60154292152768951141 0.00000000099999999994 0.37450742388474023148 0.00000000099999999994 0.02394965158757032808 
0.00000000099999999999 0.03734471929025132142 0.00000000099999999999 0.85266504494039496720 0.07282001130307044767 0.03717022246628318149 
0.20222160845581305111 0.55206766331132994807 0.00030995027844284097 0.07584718796617791192 0.16038615036093706312 0.00916743962729916345 
0.13356059592821467596 0.00003590514518474149 0.00318682537174106838 0.07074178485323949495 0.78984211013402327861 0.00263277856759685028 
0.00000000099999999993 0.99999999500000014141 0.00000000099999999993 0.00000000099999999993 0.00000000099999999993 0.00000000099999999993 
0.00000000099999999997 0.00000000099999999997 0.00000000099999999997 0.99067420639035985719 0.00003027531925523909 0.00929551529038487659 
0.00000000099999999992 0.00000000099999999992 0.00000000099999999992 0.00000000099999999992 0.99999999499999991937 0.00000000099999999992 
0.00000000099999999997 0.03421879597113849231 0.00000000099999999997 0.03530366699712494949 0.93047753403173660836 0.00000000099999999997 
0.00000000099999999992 0.99999999273119999366 0.00000000099999999992 0.00000000099999999992 0.00000000326880006179 0.00000000099999999992 
0.00000000099999999996 0.00423321319567541987 0.00000000099999999996 0.01196903395395241404 0.98379774985037204971 0.00000000099999999996 
0.00000000099999999995 0.62182904514901682358 0.00000000099999999995 0.36817859804645119981 0.00000000099999999995 0.00999235380453213605 
0.00000000099999999998 0.96076851058682888329 0.03923148541317126453 0.00000000099999999998 0.00000000099999999998 0.00000000099999999998 
0.00000000099999999993 0.00000000099999999993 0.00000000099999999993 0.93192180653692135994 0.06807818946307862829 0.00000000099999999993 
0.00000000099999999997 0.98749814715477601812 0.00000000099999999997 0.00000000099999999997 0.01250184884522392327 0.00000000099999999997 
0.00000000099999999996 0.01882359871158103062 0.00000000099999999996 0.04874886351395452816 0.93242753477446438382 0.00000000099999999996 
0.00000000099999999991 0.00000000099999999991 0.99999999500000003039 0.00000000099999999991 0.00000000099999999991 0.00000000099999999991 
0.00000000099999999982 0.00000000099999999982 0.99999999499999991937 0.00000000099999999982 0.00000000099999999982 0.00000000099999999982 
0.95541262799179349496 0.00000000099999999996 0.01507801373576810218 0.00000000099999999996 0.00000000099999999996 0.02950935527243846515 
0.97947234280817296881 0.00000000099999999995 0.02052749807965021517 0.00000000099999999995 0.00000000099999999995 0.00000015611217702233 
0.00848722055136123983 0.00842357274600774066 0.02485786556642086489 0.90795712329213607017 0.00111333131623557414 0.04916088652783854457 
0.85961143075830515059 0.08154889763020534144 0.05883966861148941935 0.00000000099999999997 0.00000000099999999997 0.00000000099999999997 
0.99998471395962129638 0.00000000099999999997 0.00001105783432094395 0.00000000099999999997 0.00000000099999999997 0.00000422520605782968 
0.00000000099999999999 0.00000000099999999999 0.12377579308299392624 0.85341363244632095775 0.01852872443739423877 0.00428184803329074038 
0.75042562627763542693 0.02387236751685706607 0.10051715212612949424 0.00000000099999999999 0.10421926697778234605 0.02096558610159568459 
0.00000000099999999988 0.00000000099999999988 0.99999999499999991937 0.00000000099999999988 0.00000000099999999988 0.00000000099999999988 
0.04967874357145574127 0.00000112779669777092 0.12589383682551391619 0.82426596929887641085 0.00016032150745607008 0.00000000099999999999 
0.00000000099999999993 0.02180974340424201088 0.00000000099999999993 0.08531359226582251043 0.89287666132993548374 0.00000000099999999993 
0.00000000099999999988 0.00000000099999999988 0.00000000099999999988 0.99999999499999991937 0.00000000099999999988 0.00000000099999999988 
0.00000000099999999990 0.99999999500000003039 0.00000000099999999990 0.00000000099999999990 0.00000000099999999990 0.00000000099999999990 
0.00000000099999999996 0.00075527984970512774 0.00000000099999999996 0.00000000099999999996 0.99924471615029475391 0.00000000099999999996 
0.99999293797542831985 0.00000000099999999996 0.00000705802457160071 0.00000000099999999996 0.00000000099999999996 0.00000000099999999996 
0.77956632724740004825 0.01010940868007621438 0.04000393153493370102 0.17026285396273552197 0.00000032550389539809 0.00005715307095909788 
0.96672332389549187059 0.00025063725512931232 0.03302603584937878478 0.00000000099999999998 0.00000000099999999998 0.00000000099999999998 
0.93023184730087493666 0.00000000099999999997 0.06976814869912521810 0.00000000099999999997 0.00000000099999999997 0.00000000099999999997 
0.94132934540610779806 0.00000004080363901933 0.05788406269766543932 0.00000000099999999999 0.00078654909258764024 0.00000000099999999999 
0.91783097724924100902 0.00000000099999999992 0.08216901875075903472 0.00000000099999999992 0.00000000099999999992 0.00000000099999999992 
0.00000000099999999996 0.00794935216053870713 0.00000000099999999996 0.02552590742306543037 0.96652473741639588489 0.00000000099999999996 
0.00000000099999999996 0.99999999500000003039 0.00000000099999999996 0.00000000099999999996 0.00000000099999999996 0.00000000099999999996 
0.00000000099999999995 0.00030296279084372145 0.00000000099999999995 0.01428505520149482566 0.98541197900766153150 0.00000000099999999995 
0.00000000099999999997 0.00000000099999999997 0.00000000099999999997 0.00000135753134607021 0.99999863846865377770 0.00000000099999999997 
0.00000000099999999989 0.99999999500000014141 0.00000000099999999989 0.00000000099999999989 0.00000000099999999989 0.00000000099999999989 
0.00000000099999999984 0.00000000099999999984 0.00000000099999999984 0.99999999500000003039 0.00000000099999999984 0.00000000099999999984 
0.00000000099999999990 0.00000000099999999990 0.00000000099999999990 0.99999999500000003039 0.00000000099999999990 0.00000000099999999990 
0.00000000099999999991 0.00000000099999999991 0.00000000099999999991 0.00000000099999999991 0.99999999500000003039 0.00000000099999999991 
0.00000000099999999993 0.00000000099999999993 0.00000000099999999993 0.00000000099999999993 0.99999999499999991937 0.00000000099999999993 
0.00000000099999999992 0.00000000099999999992 0.00000000099999999992 0.00000015212755683620 0.99999984387244322814 0.00000000099999999992 
0.00000000099999999991 0.00000000099999999991 0.00000000099999999991 0.99999999499999991937 0.00000000099999999991 0.00000000099999999991 
0.00000000099999999997 0.00000000099999999997 0.00000000099999999997 0.96129655433441774104 0.03870342575450399364 0.00000001691107809678 
0.00000000099999999993 0.00000000099999999993 0.00000000099999999993 0.00000000099999999993 0.99999999499999991937 0.00000000099999999993 
0.00000000099999999991 0.99999999500000003039 0.00000000099999999991 0.00000000099999999991 0.00000000099999999991 0.00000000099999999991 
0.00000000099999999999 0.05785886493094818256 0.00000000099999999999 0.03095543475978323675 0.87769110841211905871 0.03349458989714945711 
0.00000000099999999986 0.00000000099999999986 0.00000000099999999986 0.99999999499999991937 0.00000000099999999986 0.00000000099999999986 
0.00000000099999999992 0.00000000099999999992 0.00000000099999999992 0.00003224951348039094 0.99996774648651942652 0.00000000099999999992 
0.86409467119282346026 0.02946160898030109054 0.09450937299213710285 0.00000000099999999999 0.00000000099999999999 0.01193434483473828148 
0.00000000099999999996 0.15769900557984670164 0.00000000099999999996 0.83406325801033553979 0.00823266252825199593 0.00000507188156572575 
0.90917332104862791375 0.00000000099999999998 0.00080487275842420678 0.00000000099999999998 0.07447770212048228367 0.01554410207246554980 
0.00000000099999999986 0.00000000099999999986 0.00000000099999999986 0.99999999500000003039 0.00000000099999999986 0.00000000099999999986 
0.00000000099999999995 0.00029022957412996002 0.00000000099999999995 0.00000008566086277636 0.99970968176500729641 0.00000000099999999995 
0.00000000099999999991 0.00000000099999999991 0.00000000099999999991 0.00000000099999999991 0.99999999500000003039 0.00000000099999999991 
0.00000000099999999989 0.00000000099999999989 0.00000000099999999989 0.99999999499999991937 0.00000000099999999989 0.00000000099999999989 
0.00000000099999999992 0.00000000099999999992 0.00000000099999999992 0.00000000099999999992 0.99999999499999991937 0.00000000099999999992 
0.19307382972033571011 0.04516881792165901993 0.03444447188817644639 0.01340446131533707362 0.64355557112097028227 0.07035284803352151450 
0.00000000099999999991 0.00000000099999999991 0.00000000099999999991 0.99999999500000003039 0.00000000099999999991 0.00000000099999999991 
0.00000000099999999999 0.00000000099999999999 0.00001474040711416616 0.00081423423783878301 0.99917102235504695606 0.00000000099999999999 
0.13792524148034587816 0.00000000099999999996 0.85741680664301878068 0.00000000099999999996 0.00000000099999999996 0.00465794887663530978 
0.00000000099999999969 0.00000000099999999969 0.00000000099999999969 0.00000000099999999969 0.00000000099999999969 0.99999999499999991937 
0.99982432840393675733 0.00000000099999999993 0.00017566759606336640 0.00000000099999999993 0.00000000099999999993 0.00000000099999999993 
0.98763712721786478532 0.00000000099999999995 0.01236286878213530352 0.00000000099999999995 0.00000000099999999995 0.00000000099999999995 
0.99999832855316705960 0.00000000099999999997 0.00000166744683300836 0.00000000099999999997 0.00000000099999999997 0.00000000099999999997 
0.99583129882419563206 0.00000000705137259839 0.00416869112443170840 0.00000000099999999997 0.00000000099999999997 0.00000000099999999997 
0.95859153325482082675 0.00000000099999999998 0.02689742315742149961 0.01451104058775770991 0.00000000099999999998 0.00000000099999999998 
0.71609051601684614585 0.00000000100000000000 0.17725584631891810883 0.02051385532295630851 0.08036170679051685140 0.00577807455076257380 
0.99999999500000014141 0.00000000099999999994 0.00000000099999999994 0.00000000099999999994 0.00000000099999999994 0.00000000099999999994 
0.00000000099999999985 0.00000000099999999985 0.00000000099999999985 0.99999999499999991937 0.00000000099999999985 0.00000000099999999985 
0.94158768261271086342 0.00000000099999999998 0.04223031637368269975 0.00000000099999999998 0.00000000099999999998 0.01618199801360666740 
0.00000000099999999970 0.00000000099999999970 0.00000000099999999970 0.00000000099999999970 0.00000000099999999970 0.99999999499999991937 
0.96216047495883472163 0.00000000099999999997 0.03783952104116532211 0.00000000099999999997 0.00000000099999999997 0.00000000099999999997 
0.00000000488501978991 0.00000000099999999990 0.99999999111498016902 0.00000000099999999990 0.00000000099999999990 0.00000000099999999990 
0.00000000099999999992 0.00000000099999999992 0.00000000099999999992 0.00000000099999999992 0.99999999499999991937 0.00000000099999999992 
0.00000000099999999987 0.00000000099999999987 0.99999999500000003039 0.00000000099999999987 0.00000000099999999987 0.00000000099999999987 
0.00000000944919600918 0.00000000099999999990 0.99999998655080390986 0.00000000099999999990 0.00000000099999999990 0.00000000099999999990 
0.91383611709482204244 0.01385025787157973323 0.05674535258925993142 0.00000007284968724244 0.00982050704114422780 0.00574769255350666367 
0.89606511563846669155 0.02662372489156519459 0.07731115646996811197 0.00000000099999999997 0.00000000099999999997 0.00000000099999999997 
0.00000000099999999993 0.00000000099999999993 0.99999999499999991937 0.00000000099999999993 0.00000000099999999993 0.00000000099999999993 
0.00000000099999999990 0.00000000099999999990 0.99999999500000003039 0.00000000099999999990 0.00000000099999999990 0.00000000099999999990 
0.91718027827523829210 0.00000036200225472793 0.08281572867944288208 0.00000000099999999998 0.00000000099999999998 0.00000362904306413410 
0.00000000099999999992 0.00000000099999999992 0.00000000099999999992 0.00000000099999999992 0.99999999499999991937 0.00000000099999999992 
0.88306502321035862391 0.00001445776305686471 0.08964096230286444644 0.01701916892992789976 0.00000000100000000000 0.01026038679379232682 
0.00000000099999999989 0.00000000099999999989 0.99999999499999991937 0.00000000099999999989 0.00000000099999999989 0.00000000099999999989 
0.93716169102887592057 0.03234002766569161330 0.03022526059937179904 0.00000000099999999999 0.00000000099999999999 0.00027301870606072132 
0.94158450150836758841 0.00000000099999999997 0.05841549449163244839 0.00000000099999999997 0.00000000099999999997 0.00000000099999999997 
0.00000000099999999991 0.00000000099999999991 0.99999999499999991937 0.00000000099999999991 0.00000000099999999991 0.00000000099999999991 
0.00000000099999999992 0.00000000099999999992 0.00000000099999999992 0.00000000099999999992 0.99999999500000003039 0.00000000099999999992 
0.00000000099999999995 0.00000000099999999995 0.99999999499999991937 0.00000000099999999995 0.00000000099999999995 0.00000000099999999995 
0.96876235756456741122 0.00000000099999999998 0.02711298551865276227 0.00412465391677979427 0.00000000099999999998 0.00000000099999999998 
0.93215939166027783624 0.03994352282195333392 0.02633599168216637504 0.00156109183560236716 0.00000000100000000000 0.00000000100000000000 
0.94939116604083506612 0.00531837743243083420 0.04529045352673422703 0.00000000099999999996 0.00000000099999999996 0.00000000099999999996 
0.00000000099999999991 0.00000000099999999991 0.00000000099999999991 0.00000000099999999991 0.99999999500000003039 0.00000000099999999991 
0.79999164397788469216 0.14145969212753267685 0.05854866089458273665 0.00000000099999999998 0.00000000099999999998 0.00000000099999999998 
0.91603069782293633505 0.00098899835687529412 0.07377471238910740525 0.00000000099999999998 0.00000000099999999998 0.00920558943108103558 
0.99999999500000014141 0.00000000099999999994 0.00000000099999999994 0.00000000099999999994 0.00000000099999999994 0.00000000099999999994 
0.97685580575148922566 0.00000000470510689998 0.00208263201138376422 0.00000000099999999999 0.00000000099999999999 0.02106155553202020483 
0.13804196740242838382 0.01718425955699901669 0.82318090881113192836 0.00000000099999999999 0.02159286222944073116 0.00000000099999999999 
0.00000070624275031741 0.00000000099999999999 0.13441717612787737468 0.00000000099999999999 0.86558211189954459286 0.00000000372982785652 
0.91482578126175595479 0.06894754617554066378 0.01622666956270330321 0.00000000099999999999 0.00000000099999999999 0.00000000099999999999 
0.00000000099999999984 0.00000000099999999984 0.99999999500000003039 0.00000000099999999984 0.00000000099999999984 0.00000000099999999984 
0.00182703064105255034 0.00000000099999999998 0.99817296535894739495 0.00000000099999999998 0.00000000099999999998 0.00000000099999999998 
0.31852706670935870825 0.00000050181100131310 0.62852774185279491892 0.05294468762684512164 0.00000000099999999999 0.00000000099999999999 
0.17928611533458815863 0.06959553695185717592 0.35544755736128907930 0.00000000099999999999 0.39566665213053137107 0.00000413722173425438 
0.99999992400163684181 0.00000000099999999992 0.00000007199836326678 0.00000000099999999992 0.00000000099999999992 0.00000000099999999992 
0.40761133505726648840 0.00064945552726817873 0.09271929099077902414 0.06113988383359309636 0.41166961954336273033 0.02621041504773052172 
0.77458881165706650052 0.20748657448982951723 0.01792456825219372260 0.00000000099999999998 0.00000000099999999998 0.00000004360091041563 
0.99998424795357943040 0.00001574804642072209 0.00000000099999999999 0.00000000099999999999 0.00000000099999999999 0.00000000099999999999 
0.63940605892927404597 0.00435368618763254302 0.00000580993576862037 0.00000000099999999999 0.35623444294732486970 0.00000000099999999999 
0.63227937840530124003 0.00000000099999999999 0.34655982490613029823 0.00000000099999999999 0.02116079368856846332 0.00000000099999999999 
0.18279233176228074087 0.00000000099999999999 0.00812666627938729742 0.80908099895833196502 0.00000000099999999999 0.00000000099999999999 
0.00000000099999999989 0.99999999500000003039 0.00000000099999999989 0.00000000099999999989 0.00000000099999999989 0.00000000099999999989 
0.93810608472304357619 0.00005387882872837121 0.06184002597749220509 0.00000000099999999998 0.00000000099999999998 0.00000000847073578345 
0.00000000099999999991 0.00000000099999999991 0.99999999499999991937 0.00000000099999999991 0.00000000099999999991 0.00000000099999999991 
0.00000000099999999994 0.00000000099999999994 0.99999999499999991937 0.00000000099999999994 0.00000000099999999994 0.00000000099999999994 
0.00000000099999999991 0.00000000099999999991 0.99999999500000003039 0.00000000099999999991 0.00000000099999999991 0.00000000099999999991 
0.00000000099999999989 0.00000000099999999989 0.00000000099999999989 0.00000000099999999989 0.00000000099999999989 0.99999999500000003039 
0.96743168492476760978 0.00653372479866421753 0.02602175167173251258 0.00000014670111217122 0.00001269090372350502 0.00000000100000000000 
0.99097642740385183391 0.00000000099999999994 0.00902356859614828963 0.00000000099999999994 0.00000000099999999994 0.00000000099999999994 
0.04920378520023978991 0.00000000099999999996 0.93478304452238403233 0.00000000099999999996 0.00000000099999999996 0.01601316727737618281 
0.90300753922455301304 0.01402341379918458329 0.08295972349606317575 0.00000000099999999998 0.00000000099999999998 0.00000932148019914775 
0.00000000099999999990 0.00000000099999999990 0.99999999500000003039 0.00000000099999999990 0.00000000099999999990 0.00000000099999999990 
0.00000000099999999969 0.00000000099999999969 0.00000000099999999969 0.00000000099999999969 0.00000000099999999969 0.99999999499999991937 
0.00000000351200491347 0.00000000099999999992 0.99999999248799520402 0.00000000099999999992 0.00000000099999999992 0.00000000099999999992 
0.00032274929972481256 0.00000000099999999994 0.99967724670027513501 0.00000000099999999994 0.00000000099999999994 0.00000000099999999994 
0.00000000099999999969 0.00000000099999999969 0.00000000099999999969 0.00000000099999999969 0.00000000099999999969 0.99999999500000003039 
0.00000000099999999983 0.00000000099999999983 0.00000000099999999983 0.00000000099999999983 0.00000000099999999983 0.99999999499999991937 
0.98926855514611444775 0.00128288975880766986 0.00000000099999999998 0.00000000099999999998 0.00000000099999999998 0.00944855209507789243 
0.00000000099999999985 0.00000000099999999985 0.99999999500000003039 0.00000000099999999985 0.00000000099999999985 0.00000000099999999985 
0.92628847423240934233 0.01154017464467484155 0.03726387531168377093 0.00000000099999999998 0.00000000099999999998 0.02490747381123198032 
0.00000000099999999989 0.00000000099999999989 0.99999999500000003039 0.00000000099999999989 0.00000000099999999989 0.00000000099999999989 
