0.55215092941409760208 0.11189583878039757736 0.00000000099999999999 0.00000000099999999999 0.33595322980550496039 
0.00000065975419092687 0.97418917770045720950 0.00000000099999999998 0.02581016054535175894 0.00000000099999999998 
0.13630293371059620799 0.83710192670330374476 0.02622110274179888581 0.00037397909550920008 0.00000005774879194634 
0.06485840456594615944 0.92595776561096398982 0.00000000099999999998 0.00918382782308996455 0.00000000099999999998 
0.10416571069863519994 0.89583428630136485715 0.00000000099999999998 0.00000000099999999998 0.00000000099999999998 
0.00000001567046771174 0.99999998132953238361 0.00000000099999999997 0.00000000099999999997 0.00000000099999999997 
0.00000000099999999993 0.00000000099999999993 0.97175849351125553888 0.02824150348874444535 0.00000000099999999993 
0.99999999600000011313 0.00000000099999999992 0.00000000099999999992 0.00000000099999999992 0.00000000099999999992 
0.05998602183368133972 0.94001397516631868267 0.00000000099999999995 0.00000000099999999995 0.00000000099999999995 
0.00000000099999999992 0.00000000099999999992 0.99999999600000000211 0.00000000099999999992 0.00000000099999999992 
0.00000000099999999995 0.00000000099999999995 0.99999903375356002933 0.00000096324643986672 0.00000000099999999995 
0.00000000099999999996 0.00000000099999999996 0.99999999600000000211 0.00000000099999999996 0.00000000099999999996 
0.00000000099999999991 0.00000000099999999991 0.00000000099999999991 0.99999999600000000211 0.00000000099999999991 
0.00000157409692582233 0.12321485920888547438 0.55431375189800624614 0.15925493232097370777 0.16321488247520860027 
0.16374720610601603554 0.00000000100000000000 0.00000018106354860252 0.42408017594567076758 0.41217243588476448757 
0.00000000099999999994 0.00000000099999999994 0.99993495700299317441 0.00006503999700677709 0.00000000099999999994 
0.10029797360192642397 0.00400120356101583020 0.45610027309085343639 0.21104248243695378218 0.22855806730925048997 
0.54121441563894956417 0.02229896204004890026 0.00000000100000000000 0.19546451273886261690 0.24102210858213884981 
0.00000000099999999983 0.00000000099999999983 0.00000000099999999983 0.00000000099999999983 0.99999999599999989108 
0.00000000099999999998 0.00000000099999999998 0.00061306013477008985 0.50550637800175524106 0.49388055986347462190 
0.00000000099999999984 0.00000000099999999984 0.00000000099999999984 0.99999999599999989108 0.00000000099999999984 
0.00000000099999999995 0.00000000099999999995 0.97867814947979570039 0.02132184752020434282 0.00000000099999999995 
0.00000000099999999989 0.00000000099999999989 0.00000000099999999989 0.00000000099999999989 0.99999999599999989108 
0.10730271734090922331 0.84216086391056921290 0.00000000099999999998 0.05053641674852141913 0.00000000099999999998 
0.00000000099999999995 0.00000000099999999995 0.97458064256819731952 0.02541935443180252246 0.00000000099999999995 
0.00000000099999999996 0.00000000099999999996 0.99883145536699802225 0.00116854163300183708 0.00000000099999999996 
0.00000000099999999995 0.00000000099999999995 0.00000000099999999995 0.99999999599999989108 0.00000000099999999995 
0.02071333377075360027 0.94570059908610715205 0.00000000099999999999 0.02648309171789068814 0.00710297442524869711 
0.06490500319808820140 0.93509499380191174467 0.00000000099999999997 0.00000000099999999997 0.00000000099999999997 
0.00000000800279841153 0.00000000099999999999 0.99990242891220992849 0.00009756108499178521 0.00000000099999999999 
0.08397018492063536288 0.00000000100000000000 0.88968202249815730998 0.00000214232093570936 0.02634564926027154960 
0.00000000099999999997 0.00000000099999999997 0.93365464495491745645 0.03574373647361733103 0.03060161657146509562 
0.01813871690735691447 0.91212156633158936181 0.00040549041963902632 0.06933422534141453486 0.00000000099999999999 
0.28698900379534253435 0.00005450496344239966 0.00000000099999999999 0.00000000099999999999 0.71295648924121490797 
0.12089815957775135180 0.85005978599607145973 0.00000000100000000000 0.01288301487741072733 0.01615903854876653972 
0.00000000099999999996 0.00000000099999999996 0.99999887726926706133 0.00000000099999999996 0.00000111973073294050 
0.00000000099999999990 0.00000000099999999990 0.00000000099999999990 0.00000000099999999990 0.99999999600000000211 
0.24040656504551349837 0.02871416223266831311 0.01959996794600125936 0.00000000100000000000 0.71127930377581694010 
0.00000000099999999997 0.00000000099999999997 0.99999999599999989108 0.00000000099999999997 0.00000000099999999997 
0.00000000099999999994 0.00000000099999999994 0.99886703668547016655 0.00000000099999999994 0.00113296031452973312 
0.00000000099999999996 0.00000000099999999996 0.95749746024257798016 0.04250253675742186182 0.00000000099999999996 
0.99999999600000000211 0.00000000099999999994 0.00000000099999999994 0.00000000099999999994 0.00000000099999999994 
0.83652557369162783285 0.07356243682766022696 0.08724243060263485450 0.00266950095384026285 0.00000005792423694102 
0.00000000099999999994 0.00000000099999999994 0.00000000099999999994 0.99999999600000000211 0.00000000099999999994 
0.00867979161014694779 0.50921301651768646757 0.00000000099999999998 0.48210718987216644171 0.00000000099999999998 
0.99999999600000011313 0.00000000099999999992 0.00000000099999999992 0.00000000099999999992 0.00000000099999999992 
0.00000000099999999998 0.00000000099999999998 0.98745564286233278306 0.01254435413766715780 0.00000000099999999998 
0.99999999600000011313 0.00000000099999999992 0.00000000099999999992 0.00000000099999999992 0.00000000099999999992 
0.99999999600000000211 0.00000000099999999994 0.00000000099999999994 0.00000000099999999994 0.00000000099999999994 
0.99999999600000011313 0.00000000099999999992 0.00000000099999999992 0.00000000099999999992 0.00000000099999999992 
0.12662327117876492899 0.86513541046101838372 0.00000000099999999999 0.00824131636021660161 0.00000000099999999999 
0.99999999600000000211 0.00000000099999999989 0.00000000099999999989 0.00000000099999999989 0.00000000099999999989 
0.99430954804466731289 0.00569044895533274767 0.00000000099999999992 0.00000000099999999992 0.00000000099999999992 
0.00000000099999999995 0.00000000099999999995 0.51418840312567681838 0.47606642458530884499 0.00974517028901414166 
0.16493446591672580870 0.80614870102283875397 0.00000007542138617902 0.01741222916500618015 0.01150452847404312591 
0.59526846861349047568 0.40473152838650949814 0.00000000099999999998 0.00000000099999999998 0.00000000099999999998 
0.99999532947835334529 0.00000466752164667117 0.00000000099999999995 0.00000000099999999995 0.00000000099999999995 
0.00006743118659558490 0.99993256581340439482 0.00000000099999999997 0.00000000099999999997 0.00000000099999999997 
0.99833461242653442902 0.00166538457346556866 0.00000000099999999994 0.00000000099999999994 0.00000000099999999994 
0.00000000099999999995 0.99999999600000000211 0.00000000099999999995 0.00000000099999999995 0.00000000099999999995 
0.02880626971633886910 0.97119372728366126779 0.00000000099999999996 0.00000000099999999996 0.00000000099999999996 
0.95897911734630281178 0.04102087965369719674 0.00000000099999999996 0.00000000099999999996 0.00000000099999999996 
0.99999999600000000211 0.00000000099999999993 0.00000000099999999993 0.00000000099999999993 0.00000000099999999993 
0.00006125246923482335 0.00000000099999999999 0.07271100231741610409 0.00000000099999999999 0.92722774321334922032 
0.03020704755543505982 0.96979294944456506666 0.00000000099999999996 0.00000000099999999996 0.00000000099999999996 
0.98750805125831930820 0.00014543391728523292 0.00000000099999999998 0.00000000099999999998 0.01234651282439552453 
0.00000000099999999991 0.00000000099999999991 0.00000000099999999991 0.00000000099999999991 0.99999999599999989108 
0.00000000099999999997 0.00000000099999999997 0.99091409943382469105 0.00000378079870682561 0.00908211776746842281 
0.00000000181388158583 0.99999999518611848437 0.00000000099999999997 0.00000000099999999997 0.00000000099999999997 
0.00000000099999999995 0.00000000099999999995 0.00000000167144735753 0.00000000099999999995 0.99999999532855254891 
0.00000000099999999993 0.00000000099999999993 0.00000000099999999993 0.02638204480660818335 0.97361795219339186680 
0.00000000099999999997 0.00000000099999999997 0.04050386405278384727 0.00000000099999999997 0.95949613294721614043 
0.00000000099999999994 0.00000000099999999994 0.00000000099999999994 0.99999999600000000211 0.00000000099999999994 
0.00000000099999999995 0.00000000099999999995 0.00000000099999999995 0.61134459614153469076 0.38865540085846533858 
0.14527628532985348286 0.00012448602586843130 0.01868491677878937260 0.54399340382648142533 0.29192090803900744289 
0.00000000099999999994 0.00000000099999999994 0.00000000099999999994 0.99999999599999989108 0.00000000099999999994 
0.00000000099999999994 0.00000000099999999994 0.99999999600000000211 0.00000000099999999994 0.00000000099999999994 
0.00000000099999999991 0.00000000099999999991 0.00000000099999999991 0.00000000099999999991 0.99999999599999989108 
0.00000000099999999993 0.00000000099999999993 0.00000000099999999993 0.63389209919322753173 0.36610789780677244210 
0.00000000099999999994 0.00000000099999999994 0.00000000099999999994 0.59926226610731769817 0.40073773089268227565 
0.00000000100000000000 0.00000001018477568339 0.07695198276011074034 0.04111207332905050110 0.88193593272606307654 
0.00035068574865861757 0.20339248649565808136 0.16012952562692034375 0.54939926922706960877 0.08672803290169331381 
0.00371715334811396165 0.13342923860879596365 0.79196131064662655952 0.00004724425263189817 0.07084505314383161834 
0.00000000099999999994 0.00000000099999999994 0.00000000099999999994 0.99999999600000000211 0.00000000099999999994 
0.00000000099999999997 0.00000000099999999997 0.01493012676356360660 0.00000002311144189340 0.98506984812499454041 
0.00000000099999999993 0.00000000099999999993 0.99999999600000000211 0.00000000099999999993 0.00000000099999999993 
0.00000000099999999998 0.00000000099999999998 0.93438563401205421144 0.03632332984305834678 0.02929103414488733181 
0.00000000099999999993 0.00000000099999999993 0.00000000099999999993 0.99999999600000000211 0.00000000099999999993 
0.00000000099999999997 0.00000000099999999997 0.98686609048161277880 0.00684932137057090665 0.00628458614781625142 
0.00000000099999999995 0.00000000099999999995 0.00000000099999999995 0.61351298662733133593 0.38648701037266858238 
0.03878875759755139735 0.00000000099999999999 0.00000000099999999999 0.96121123940244856954 0.00000000099999999999 
0.00000000099999999995 0.00000000099999999995 0.07665900114767452977 0.00000000099999999995 0.92334099585232543017 
0.00000000099999999998 0.00000000099999999998 0.01235372216587102799 0.98764627483412892328 0.00000000099999999998 
0.00000000099999999996 0.00000000099999999996 0.93384435878241367490 0.01954539296580965618 0.04661024625177660058 
0.99999999600000000211 0.00000000099999999992 0.00000000099999999992 0.00000000099999999992 0.00000000099999999992 
0.99999999600000011313 0.00000000099999999986 0.00000000099999999986 0.00000000099999999986 0.00000000099999999986 
0.01995842533920405559 0.98004157166079597374 0.00000000099999999997 0.00000000099999999997 0.00000000099999999997 
0.02096441433444153762 0.97903558266555856804 0.00000000099999999995 0.00000000099999999995 0.00000000099999999995 
0.04203153683958577025 0.00000686820446230344 0.00450543667014831079 0.01835330300093811207 0.93510285528486558615 
0.05931216516412353423 0.85953051574373195987 0.00000000099999999998 0.08115731709214460410 0.00000000099999999998 
0.00005683210871616382 0.99994316489128387548 0.00000000099999999997 0.00000000099999999997 0.00000000099999999997 
0.11760461206469029205 0.00000000099999999999 0.02359818819984322094 0.00000000099999999999 0.85879719773546647765 
0.10626871969960749453 0.75579325824937748646 0.10941058424717761688 0.02852743680383738184 0.00000000100000000000 
0.99999999600000011313 0.00000000099999999990 0.00000000099999999990 0.00000000099999999990 0.00000000099999999990 
0.11842641624529991196 0.05351658864108693736 0.01412503118067484804 0.00081022896111874391 0.81312173497181960968 
0.00000000099999999995 0.00000000099999999995 0.90153734844309452168 0.02857972458102157887 0.06988292497588391439 
0.00000000099999999991 0.00000000099999999991 0.00000000099999999991 0.00000000099999999991 0.99999999599999989108 
0.00000000099999999992 0.00000000099999999992 0.00000000099999999992 0.99999999599999989108 0.00000000099999999992 
0.00000000099999999997 0.00000000099999999997 0.99901503760042964508 0.00098495939957019734 0.00000000099999999997 
0.00000316993209313172 0.99999682706790682385 0.00000000099999999997 0.00000000099999999997 0.00000000099999999997 
0.04034321709675139922 0.77526123992775852756 0.00001053619757182683 0.01883521319193718485 0.16554979358598112538 
0.03530188439249282856 0.96455547830700938405 0.00000000099999999999 0.00014263530049776963 0.00000000099999999999 
0.06831298220326637027 0.93168701479673377008 0.00000000099999999997 0.00000000099999999997 0.00000000099999999997 
0.05867954155041534003 0.94099714684313073843 0.00032330748006347904 0.00000000312639050850 0.00000000099999999999 
0.08112047816796094657 0.91887951883203899950 0.00000000099999999994 0.00000000099999999994 0.00000000099999999994 
0.00000000099999999997 0.00000000099999999997 0.97137458389679065540 0.01178039566064652960 0.01684501844256276748 
0.00000000099999999996 0.00000000099999999996 0.00000000099999999996 0.99999999600000000211 0.00000000099999999996 
0.00000000099999999996 0.00000000099999999996 0.99390943841478718301 0.00040858971934196794 0.00568196986587074515 
0.00000000099999999998 0.00000000099999999998 0.99999998498677966641 0.00000000099999999998 0.00000001201322037043 
0.00000000099999999991 0.00000000099999999991 0.00000000099999999991 0.99999999599999989108 0.00000000099999999991 
0.00000000099999999987 0.00000000099999999987 0.00000000099999999987 0.00000000099999999987 0.99999999599999989108 
0.00000000099999999991 0.00000000099999999991 0.00000000099999999991 0.00000000099999999991 0.99999999600000000211 
0.00000000099999999992 0.00000000099999999992 0.99999999599999989108 0.00000000099999999992 0.00000000099999999992 
0.00000000099999999994 0.00000000099999999994 0.99999999599999989108 0.00000000099999999994 0.00000000099999999994 
0.00000000099999999993 0.00000000099999999993 0.99999999600000000211 0.00000000099999999993 0.00000000099999999993 
0.00000000099999999992 0.00000000099999999992 0.00000163675456991624 0.00000000099999999992 0.99999836024543009572 
0.00000000099999999998 0.00000000099999999998 0.04035447927721141220 0.00000015776775833288 0.95964536095503027990 
0.00000000099999999994 0.00000000099999999994 0.99999999600000000211 0.00000000099999999994 0.00000000099999999994 
0.00000000099999999993 0.00000000099999999993 0.00000000099999999993 0.99999999600000000211 0.00000000099999999993 
0.00000000100000000000 0.00000003950446209631 0.88030003618766505813 0.06639205785850181563 0.05330786544937091836 
0.00000000099999999987 0.00000000099999999987 0.00000000099999999987 0.00000000099999999987 0.99999999600000000211 
0.00000000099999999993 0.00000000099999999993 0.99999999600000000211 0.00000000099999999993 0.00000000099999999993 
0.09859015039512317169 0.86624654004982037936 0.00000000099999999999 0.03516330755505638755 0.00000000099999999999 
0.00000000099999999995 0.00000000099999999995 0.01701063632276671525 0.14542692619694491674 0.83756243548028830315 
0.00210598564727056863 0.91828354048695381984 0.07961047186577574486 0.00000000099999999999 0.00000000099999999999 
0.00000000099999999989 0.00000000099999999989 0.00000000099999999989 0.00000000099999999989 0.99999999600000000211 
0.00000000099999999996 0.00000000099999999996 0.99972598632576858968 0.00027401067423136593 0.00000000099999999996 
0.00000000099999999993 0.00000000099999999993 0.99999999600000000211 0.00000000099999999993 0.00000000099999999993 
0.00000000099999999990 0.00000000099999999990 0.00000000099999999990 0.00000000099999999990 0.99999999599999989108 
0.00000000099999999993 0.00000000099999999993 0.99999999600000000211 0.00000000099999999993 0.00000000099999999993 
0.04840646068859223022 0.20714297597477357438 0.64230323948959255898 0.03831465625326271190 0.06383266759377892452 
0.00000000099999999992 0.00000000099999999992 0.00000000099999999992 0.00000000099999999992 0.99999999600000000211 
0.00002723834962522003 0.00000000099999999999 0.99997253346206660396 0.00000000099999999999 0.00000022618830817910 
0.85968244686701433821 0.14031755013298563561 0.00000000099999999997 0.00000000099999999997 0.00000000099999999997 
0.17026853491609544866 0.11319461535068002511 0.00000000099999999999 0.00000006068430750055 0.71653678804891696164 
0.00013100068379773833 0.99986899631620240747 0.00000000099999999994 0.00000000099999999994 0.00000000099999999994 
0.01270414967784260114 0.98729584732215736054 0.00000000099999999996 0.00000000099999999996 0.00000000099999999996 
0.00000133022112442212 0.99999866677887550015 0.00000000099999999997 0.00000000099999999997 0.00000000099999999997 
0.00510989669065323171 0.99489010030934676987 0.00000000099999999997 0.00000000099999999997 0.00000000099999999997 
0.02247291521507427739 0.97215353923975333927 0.00000000099999999999 0.00000000277297740504 0.00537354177219505780 
0.17862190378691242265 0.71763299309440697904 0.08015735089584390127 0.00000000100000000000 0.02358775122283672879 
0.00000000099999999995 0.99999999600000011313 0.00000000099999999995 0.00000000099999999995 0.00000000099999999995 
0.00000000099999999989 0.00000000099999999989 0.00000000099999999989 0.00000000099999999989 0.99999999599999989108 
0.04989213191881645970 0.95010760554133333322 0.00000000099999999999 0.00000026053985011386 0.00000000099999999999 
0.23702288335072740910 0.02976204590797316973 0.00000000099999999998 0.00000000099999999998 0.73321506874129938058 
0.04039713682903723485 0.95960286017096285693 0.00000000099999999997 0.00000000099999999997 0.00000000099999999997 
0.99999999600000000211 0.00000000099999999992 0.00000000099999999992 0.00000000099999999992 0.00000000099999999992 
0.00000000099999999993 0.00000000099999999993 0.99999999600000000211 0.00000000099999999993 0.00000000099999999993 
0.99999999600000000211 0.00000000099999999990 0.00000000099999999990 0.00000000099999999990 0.00000000099999999990 
0.99999999600000000211 0.00000000099999999992 0.00000000099999999992 0.00000000099999999992 0.00000000099999999992 
0.05957593817985666618 0.91499293737579667773 0.01283044093160173350 0.01258315819824153484 0.00001752531450347242 
0.07570600858188634985 0.89846219509116531654 0.00000000099999999998 0.02583179432694821323 0.00000000099999999998 
0.99999999600000011313 0.00000000099999999994 0.00000000099999999994 0.00000000099999999994 0.00000000099999999994 
0.99999999600000011313 0.00000000099999999992 0.00000000099999999992 0.00000000099999999992 0.00000000099999999992 
0.08278018203913900530 0.91721981496086102403 0.00000000099999999997 0.00000000099999999997 0.00000000099999999997 
0.00000000099999999993 0.00000000099999999993 0.99999999599999989108 0.00000000099999999993 0.00000000099999999993 
0.09084744040254330577 0.88759451794859534068 0.00000000100000000000 0.00000062143369660175 0.02155741921516486290 
0.99999999600000000211 0.00000000099999999991 0.00000000099999999991 0.00000000099999999991 0.00000000099999999991 
0.03211561448533858248 0.93604664748463728419 0.00000000099999999999 0.03183773603002400948 0.00000000099999999999 
0.06007730550926460716 0.93992269149073537360 0.00000000099999999998 0.00000000099999999998 0.00000000099999999998 
0.99999999600000000211 0.00000000099999999993 0.00000000099999999993 0.00000000099999999993 0.00000000099999999993 
0.00000000099999999993 0.00000000099999999993 0.99999999599999989108 0.00000000099999999993 0.00000000099999999993 
0.99999999600000000211 0.00000000099999999996 0.00000000099999999996 0.00000000099999999996 0.00000000099999999996 
0.02574043162416444000 0.97421460507234103332 0.00000003388880989009 0.00000000099999999999 0.00004492841468465867 
0.02842165809800908938 0.93115633196089842016 0.00000000100000000000 0.04042158589514815992 0.00000042304594447736 
0.04208721803023300623 0.95380835719274092988 0.00000000099999999997 0.00410442277702596520 0.00000000099999999997 
0.00000000099999999993 0.00000000099999999993 0.99999999600000000211 0.00000000099999999993 0.00000000099999999993 
0.06027201901399804884 0.79955416165263382133 0.00000000099999999998 0.14017381733336808924 0.00000000099999999998 
0.07294164370812633580 0.92597365627453975812 0.00000000099999999998 0.00108469801733383341 0.00000000099999999998 
0.00000000099999999995 0.99999999600000011313 0.00000000099999999995 0.00000000099999999995 0.00000000099999999995 
0.00252002688670243747 0.99747291318724495834 0.00000000099999999999 0.00000029236066089479 0.00000676656539176724 
0.82374281527810422343 0.13838836471206983347 0.02055273071030529544 0.01731608829952056491 0.00000000099999999999 
0.13447949843826431660 0.00000009007349828910 0.86552040948823738553 0.00000000099999999999 0.00000000099999999999 
0.01254614824465734302 0.92003815388750942450 0.00000000099999999999 0.06741569586783320578 0.00000000099999999999 
0.99999999600000000211 0.00000000099999999987 0.00000000099999999987 0.00000000099999999987 0.00000000099999999987 
0.99700683652791211031 0.00299316047208780323 0.00000000099999999999 0.00000000099999999999 0.00000000099999999999 
0.62255658707999850243 0.32739630619643156351 0.00000000099999999999 0.00000455425927915015 0.05004255146429078399 
0.35859008714099105397 0.17773325499541742234 0.39634499651757326699 0.06733166034601816008 0.00000000100000000000 
0.00000017884382225575 0.99999981815617766667 0.00000000099999999993 0.00000000099999999993 0.00000000099999999993 
0.09522736875171884663 0.41264950704707775708 0.40964662225640130488 0.00027787962188003518 0.08219862232292195203 
0.02688844429755936349 0.76826447159851496416 0.00000000099999999998 0.20484708210392560401 0.00000000099999999998 
0.00000000099999999999 0.99999244968457212668 0.00000000099999999999 0.00000754731542794924 0.00000000099999999999 
0.00000352567110933582 0.64101728475347397040 0.35579524514355148623 0.00318394343186511860 0.00000000099999999999 
0.34401131694377662384 0.63461389170162241236 0.02137478935460109322 0.00000000099999999999 0.00000000099999999999 
0.01306702301850224714 0.17322383036979352444 0.00006806534766616683 0.00000000100000000000 0.81364108026403814122 
0.00000000099999999991 0.00000000099999999991 0.00000000099999999991 0.99999999599999989108 0.00000000099999999991 
0.06537976802491803074 0.93461888316582875103 0.00000000099999999998 0.00000134680925316252 0.00000000099999999998 
0.99999999600000011313 0.00000000099999999993 0.00000000099999999993 0.00000000099999999993 0.00000000099999999993 
0.99999999600000011313 0.00000000099999999995 0.00000000099999999995 0.00000000099999999995 0.00000000099999999995 
0.99999999600000000211 0.00000000099999999992 0.00000000099999999992 0.00000000099999999992 0.00000000099999999992 
0.25000873604331069755 0.07440631419288196158 0.00000000099999999998 0.00000000099999999998 0.67558494776380728641 
0.02502874189874662245 0.97102529774353241176 0.00003444894977921861 0.00391151040794174027 0.00000000100000000000 
0.00695924085244203992 0.99304075614755804580 0.00000000099999999995 0.00000000099999999995 0.00000000099999999995 
0.94231599526127229893 0.05768400173872761244 0.00000000099999999998 0.00000000099999999998 0.00000000099999999998 
0.08510940737915100029 0.90256508194844309312 0.00000000099999999998 0.01232550867240585213 0.00000000099999999998 
0.99999999600000011313 0.00000000099999999991 0.00000000099999999991 0.00000000099999999991 0.00000000099999999991 
0.22169762344862811720 0.04781303235831629167 0.00000000099999999998 0.00000000099999999998 0.73048934219305539095 
0.99999999600000011313 0.00000000099999999993 0.00000000099999999993 0.00000000099999999993 0.00000000099999999993 
0.99990426772353435680 0.00009572927646567185 0.00000000099999999995 0.00000000099999999995 0.00000000099999999995 
0.24576418227640473013 0.04760647039714351048 0.00000000099999999998 0.00000000099999999998 0.70662934532645182983 
0.28187969786810934680 0.04842064057629846124 0.00000000099999999999 0.00000000099999999999 0.66969965955559218607 
0.00000000175734971014 0.99683300700519505977 0.00000000099999999998 0.00316698923745520897 0.00000000099999999998 
0.99999999600000000211 0.00000000099999999988 0.00000000099999999988 0.00000000099999999988 0.00000000099999999988 
0.04278643549508989730 0.93591652393473434568 0.00000000099999999999 0.02129703857017575114 0.00000000099999999999 
0.99999999600000011313 0.00000000099999999990 0.00000000099999999990 0.00000000099999999990 0.00000000099999999990 
