0.11375440120300636671 0.00000000099999999999 0.33101150686536112699 0.00000000099999999999 0.55465616458542710276 0.00057792534620532273 
0.97276443466490225553 0.00000000099999999998 0.00000000099999999998 0.02723556133509769106 0.00000000099999999998 0.00000000099999999998 
0.83374317438161582583 0.02319219930909680732 0.00486457381647358023 0.00004241465880986559 0.13815763683400392181 0.00000000099999999999 
0.92502134834385862927 0.00000000099999999998 0.00000000099999999998 0.00988206614318238967 0.06509658251295892539 0.00000000099999999998 
0.89568552911232968139 0.00000000099999999997 0.00000000099999999997 0.00000000099999999997 0.10431446688767041786 0.00000000099999999997 
0.99999999184065446745 0.00000000099999999996 0.00000000099999999996 0.00000000099999999996 0.00000000415934550858 0.00000000099999999996 
0.00000000099999999991 0.97180815933587372246 0.00000000099999999991 0.02819183666412629352 0.00000000099999999991 0.00000000099999999991 
0.00000000099999999990 0.00000000099999999990 0.00000000099999999990 0.00000000099999999990 0.99999999499999991937 0.00000000099999999990 
0.92681806875421490766 0.00000000099999999994 0.00000000099999999994 0.00000000099999999994 0.05650531548214662858 0.01667661276363844106 
0.00000000099999999991 0.99999999500000014141 0.00000000099999999991 0.00000000099999999991 0.00000000099999999991 0.00000000099999999991 
0.00000000099999999995 0.99999993716996316007 0.00000000367720225056 0.00000005615283455195 0.00000000099999999995 0.00000000099999999995 
0.00000000099999999995 0.99999999500000014141 0.00000000099999999995 0.00000000099999999995 0.00000000099999999995 0.00000000099999999995 
0.00000000099999999989 0.00000000099999999989 0.00000000099999999989 0.99999999500000003039 0.00000000099999999989 0.00000000099999999989 
0.12486689475196738330 0.55073435752025601264 0.16977198829735706820 0.15462476748703207763 0.00000199094338739368 0.00000000099999999999 
0.00000000099999999999 0.00000000099999999999 0.41156099416389924084 0.42255753631374354251 0.16588146652235710721 0.00000000099999999999 
0.00000000099999999992 0.99996502926431429792 0.00000000099999999992 0.00003496673568580574 0.00000000099999999992 0.00000000099999999992 
0.00244835225719854891 0.44841508003724184217 0.24026927601323888606 0.20502459899828939793 0.10384269169403133326 0.00000000099999999999 
0.04253571463632385002 0.00000000099999999999 0.23995126890494614114 0.18977828698956503151 0.52773472746916483267 0.00000000099999999999 
0.00000000099999999977 0.00000000099999999977 0.99999999499999991937 0.00000000099999999977 0.00000000099999999977 0.00000000099999999977 
0.00000000099999999998 0.00000220380612448220 0.49518291070966585776 0.50481488248420969267 0.00000000099999999998 0.00000000099999999998 
0.00000000099999999980 0.00000000099999999980 0.00000000099999999980 0.99999999499999991937 0.00000000099999999980 0.00000000099999999980 
0.00000000099999999994 0.97831613835893160847 0.00000000099999999994 0.02168385764106842140 0.00000000099999999994 0.00000000099999999994 
0.00000000099999999984 0.00000000099999999984 0.99999999499999991937 0.00000000099999999984 0.00000000099999999984 0.00000000099999999984 
0.84303718510440772693 0.00000000099999999998 0.00000000099999999998 0.05113316213709342278 0.10582964975849896982 0.00000000099999999998 
0.00000000099999999994 0.97409523514922735643 0.00000000099999999994 0.02590476085077282262 0.00000000099999999994 0.00000000099999999994 
0.00000000099999999995 0.99911072354565755305 0.00000000099999999995 0.00088927245434256073 0.00000000099999999995 0.00000000099999999995 
0.00000000099999999994 0.00000000099999999994 0.00000000099999999994 0.99999999499999991937 0.00000000099999999994 0.00000000099999999994 
0.94338774683400172805 0.00000000099999999999 0.00395233846450225579 0.02735829562297694903 0.01901948019078715524 0.00628213788773211192 
0.93536492492591982728 0.00000000099999999996 0.00000000099999999996 0.00000000099999999996 0.06463507107408021646 0.00000000099999999996 
0.00000000099999999999 0.99993552718801270718 0.00000000099999999999 0.00006445511214047784 0.00000001469984673850 0.00000000099999999999 
0.00000000100000000000 0.88285689295281233324 0.03370690613048097500 0.00000008784987289417 0.08338807984581214638 0.00004803222102159318 
0.00000000099999999997 0.93366170028994488472 0.01663667370342504850 0.03485393278029927377 0.00000000099999999997 0.01484769122633086864 
0.91254550220137597982 0.00066602702089129967 0.00000000099999999999 0.07010853783021459007 0.01667992592047257486 0.00000000602704553465 
0.00000000099999999983 0.00000000099999999983 0.00000000099999999983 0.00000000099999999983 0.00000000099999999983 0.99999999500000003039 
0.84552762448851681576 0.00000000099999999999 0.00000000099999999999 0.00599546406598432807 0.10576601953417838486 0.04271088991132066665 
0.00000000099999999996 0.99850119267188852668 0.00149880332811158840 0.00000000099999999996 0.00000000099999999996 0.00000000099999999996 
0.00000000099999999989 0.00000000099999999989 0.99999999500000003039 0.00000000099999999989 0.00000000099999999989 0.00000000099999999989 
0.00000000099999999973 0.00000000099999999973 0.00000000099999999973 0.00000000099999999973 0.00000000099999999973 0.99999999500000003039 
0.00000000099999999996 0.99999999500000003039 0.00000000099999999996 0.00000000099999999996 0.00000000099999999996 0.00000000099999999996 
0.00000000099999999993 0.99191297191379501630 0.00808702408620503785 0.00000000099999999993 0.00000000099999999993 0.00000000099999999993 
0.00000000099999999995 0.95878766298797601930 0.00000580466808942528 0.04120652934393448374 0.00000000099999999995 0.00000000099999999995 
0.00000000099999999992 0.00000000099999999992 0.00000000099999999992 0.00000000099999999992 0.99999999499999991937 0.00000000099999999992 
0.07285726549048074374 0.08590877170715091604 0.00000000100000000000 0.00120941922936855560 0.83514550640153950578 0.00487903617146026765 
0.00000000099999999993 0.00000000099999999993 0.00000000099999999993 0.99999999500000003039 0.00000000099999999993 0.00000000099999999993 
0.50752077701816844524 0.00000000099999999998 0.00000000099999999998 0.48426462378319923285 0.00821459619863247441 0.00000000099999999998 
0.00000000099999999991 0.00000000099999999991 0.00000000099999999991 0.00000000099999999991 0.99999999499999991937 0.00000000099999999991 
0.00000000099999999998 0.98102101418316645098 0.00000000099999999998 0.01047874135148676306 0.00000000099999999998 0.00850024146534691764 
0.00000000099999999990 0.00000000099999999990 0.00000000099999999990 0.00000000099999999990 0.99999999500000003039 0.00000000099999999990 
0.00000000099999999993 0.00000000099999999993 0.00000000099999999993 0.00000000099999999993 0.99999999499999991937 0.00000000099999999993 
0.00000000099999999991 0.00000000099999999991 0.00000000099999999991 0.00000000099999999991 0.99999999500000003039 0.00000000099999999991 
0.85891260556949933225 0.00000000099999999998 0.00000000099999999998 0.00000039370527794140 0.11375823485842490035 0.02732876386679792755 
0.00000000099999999986 0.00000000099999999986 0.00000000099999999986 0.00000000099999999986 0.99999999499999991937 0.00000000099999999986 
0.00615445295213794697 0.00000000099999999990 0.00000000099999999990 0.00000000099999999990 0.99384554304786210110 0.00000000099999999990 
0.00000000099999999995 0.51756445664668127016 0.00174612209855066016 0.48017800432924279130 0.00000000099999999995 0.00051141492552527292 
0.80265914607586807961 0.00000000100000000000 0.01207453441532217731 0.01891703607140569204 0.16634927345127040188 0.00000000898613369639 
0.40411544058356757558 0.00000000099999999998 0.00000000099999999998 0.00000000099999999998 0.59290837328616086133 0.00297618313027146015 
0.00003332790160702979 0.00000000099999999994 0.00000000099999999994 0.00000000099999999994 0.99996666809839296342 0.00000000099999999994 
0.99172391074903465391 0.00000000099999999997 0.00000000099999999997 0.00000000099999999997 0.00001033198301400868 0.00826575426795137132 
0.00211710145039486217 0.00000000099999999993 0.00000000099999999993 0.00000000099999999993 0.99788289454960499292 0.00000000099999999993 
0.99999999500000014141 0.00000000099999999994 0.00000000099999999994 0.00000000099999999994 0.00000000099999999994 0.00000000099999999994 
0.97273830301609720550 0.00000000099999999995 0.00000000099999999995 0.00000000099999999995 0.02726169298390277232 0.00000000099999999995 
0.04069301109118860643 0.00000000099999999996 0.00000000099999999996 0.00000000099999999996 0.95930698490881138873 0.00000000099999999996 
0.00000000099999999991 0.00000000099999999991 0.00000000099999999991 0.00000000099999999991 0.99999999499999991937 0.00000000099999999991 
0.00000000099999999999 0.07581377416182137619 0.92418607824949638996 0.00000000099999999999 0.00000014458868236387 0.00000000099999999999 
0.96857885035995472389 0.00000000099999999995 0.00000000099999999995 0.00000000099999999995 0.03142114564004520189 0.00000000099999999995 
0.00026687788800462578 0.00000000099999999998 0.00466291894091517591 0.00000000099999999998 0.97806094258682574338 0.01700925858425439419 
0.00000000099999999990 0.00000000099999999990 0.99999999499999991937 0.00000000099999999990 0.00000000099999999990 0.00000000099999999990 
0.00000000099999999997 0.99058992171303184016 0.00005863617192101758 0.00000096468630490676 0.00000000099999999997 0.00935047542874217590 
0.99999999500000014141 0.00000000099999999996 0.00000000099999999996 0.00000000099999999996 0.00000000099999999996 0.00000000099999999996 
0.00000000099999999994 0.00000000099999999994 0.99999999499999991937 0.00000000099999999994 0.00000000099999999994 0.00000000099999999994 
0.00000000099999999992 0.00000000099999999992 0.99862921025654682872 0.00137078574345305803 0.00000000099999999992 0.00000000099999999992 
0.00000000099999999996 0.02173013569738532075 0.97826986030261475769 0.00000000099999999996 0.00000000099999999996 0.00000000099999999996 
0.00000000099999999992 0.00000000099999999992 0.00000000099999999992 0.99999999499999991937 0.00000000099999999992 0.00000000099999999992 
0.00000000099999999995 0.00000000099999999995 0.37737011940804110477 0.61978992665914789395 0.00000000099999999995 0.00283995093281101153 
0.00013059384588829924 0.02303953253709251428 0.27479035882624769371 0.53626326073394847693 0.14038864145425142271 0.02538761260257152083 
0.00000000099999999993 0.00000000099999999993 0.00000000099999999993 0.99999999499999991937 0.00000000099999999993 0.00000000099999999993 
0.00000000099999999993 0.99999999500000003039 0.00000000099999999993 0.00000000099999999993 0.00000000099999999993 0.00000000099999999993 
0.00000000099999999989 0.00000000099999999989 0.99999999500000003039 0.00000000099999999989 0.00000000099999999989 0.00000000099999999989 
0.00000000099999999993 0.00000000099999999993 0.34105598199215553246 0.64134335408437859183 0.00000000099999999993 0.01760066092346588076 
0.00000000099999999994 0.00000000099999999994 0.37448720395410639572 0.60156703456647153683 0.00000000099999999994 0.02394575847942220781 
0.00000000099999999999 0.07278553609067577035 0.85262100107775240510 0.03743252355703646783 0.00000000099999999999 0.03716093727453546880 
0.20231136781938940938 0.16038970573620700555 0.07584100590183505408 0.55206950463949788777 0.00022734897727635188 0.00916106692579422323 
0.13376189758231343818 0.78989211704840855965 0.07075821790760565555 0.00001227021604871061 0.00298950608975340464 0.00258599115587033893 
0.00000000099999999993 0.00000000099999999993 0.00000000099999999993 0.99999999499999991937 0.00000000099999999993 0.00000000099999999993 
0.00000000099999999998 0.00000173671420222717 0.99068778111188016133 0.00000001472848563355 0.00000000099999999998 0.00931046544543193307 
0.00000000099999999992 0.99999999500000014141 0.00000000099999999992 0.00000000099999999992 0.00000000099999999992 0.00000000099999999992 
0.00000000099999999997 0.93052469779213486945 0.03530601084134919743 0.03416928836651610124 0.00000000099999999997 0.00000000099999999997 
0.00000000099999999991 0.00000000099999999991 0.00000000099999999991 0.99999999500000003039 0.00000000099999999991 0.00000000099999999991 
0.00000000099999999996 0.98399136452043756140 0.01201917522161002720 0.00398945725795254481 0.00000000099999999996 0.00000000099999999996 
0.00000000099999999995 0.00000000099999999995 0.36814844317131523166 0.62186434950256697096 0.00000000099999999995 0.00998720432611792733 
0.00000000099999999998 0.00000000099999999998 0.00000000099999999998 0.96076403724057035660 0.03923595875942960387 0.00000000099999999998 
0.00000000099999999993 0.06809030968548306084 0.93190968631451698290 0.00000000099999999993 0.00000000099999999993 0.00000000099999999993 
0.00000000099999999997 0.01243723836674328655 0.00000000099999999997 0.98756275763325662709 0.00000000099999999997 0.00000000099999999997 
0.00000000099999999996 0.93247154479639937641 0.04874851106081575652 0.01877994114278492416 0.00000000099999999996 0.00000000099999999996 
0.00000000099999999991 0.00000000099999999991 0.00000000099999999991 0.00000000099999999991 0.99999999500000003039 0.00000000099999999991 
0.00000000099999999982 0.00000000099999999982 0.00000000099999999982 0.00000000099999999982 0.99999999499999991937 0.00000000099999999982 
0.95553392070820353243 0.00000000099999999996 0.00000000099999999996 0.00000000099999999996 0.01496814422696123893 0.02949793206483529440 
0.97977726314416202502 0.00000000099999999995 0.00000000099999999995 0.00000000099999999995 0.02022272423681968981 0.00000000961901828695 
0.00833809271830369438 0.00012878737231891710 0.90799924407557153216 0.00939008456237106805 0.02489277197627898577 0.04925101929515584426 
0.85981253277821156900 0.00000000099999999997 0.00000000099999999997 0.08154181062737869690 0.05864565359440974956 0.00000000099999999997 
0.99999731872444064251 0.00000000099999999997 0.00000000099999999997 0.00000000099999999997 0.00000132441542880389 0.00000135386013072679 
0.00000000099999999999 0.01854974666534632555 0.85340549699304935061 0.00000000099999999999 0.12378318087108325374 0.00426157347052122815 
0.75061217228083343400 0.10424123496679979506 0.00000000099999999999 0.02383023900374613147 0.10035134037901828619 0.02096501236960250647 
0.00000000099999999988 0.00000000099999999988 0.00000000099999999988 0.00000000099999999988 0.99999999499999991937 0.00000000099999999988 
0.04969658598478481765 0.00006974021463169380 0.82432542331388836132 0.00000505441500752457 0.12590319507168748481 0.00000000099999999999 
0.00000000099999999993 0.89291465927003343950 0.08531149650329203360 0.02177384122667469155 0.00000000099999999993 0.00000000099999999993 
0.00000000099999999988 0.00000000099999999988 0.99999999500000003039 0.00000000099999999988 0.00000000099999999988 0.00000000099999999988 
0.00000000099999999990 0.00000000099999999990 0.00000000099999999990 0.99999999499999991937 0.00000000099999999990 0.00000000099999999990 
0.00000000099999999996 0.99943750710449741348 0.00000000099999999996 0.00056248889550262885 0.00000000099999999996 0.00000000099999999996 
0.99999952297149163893 0.00000000099999999996 0.00000000099999999996 0.00000000099999999996 0.00000047302850837203 0.00000000099999999996 
0.77995034925226447431 0.00000004130098276311 0.17030000755445828808 0.01003166135124615790 0.03968348425151673603 0.00003445628953158642 
0.96692679203904097207 0.00000000099999999998 0.00000000099999999998 0.00017540841065371703 0.03289779655030519723 0.00000000099999999998 
0.93042507841464827667 0.00000000099999999997 0.00000000099999999997 0.00000000099999999997 0.06957491758535178095 0.00000000099999999997 
0.94140038182252394616 0.00090698127685761827 0.00000000099999999999 0.00000000099999999999 0.05769263390061853125 0.00000000099999999999 
0.91796464902234864436 0.00000000099999999992 0.00000000099999999992 0.00000000099999999992 0.08203534697765139938 0.00000000099999999992 
0.00000000099999999996 0.96667435700233761420 0.02554033123799392263 0.00778530875966851766 0.00000000099999999996 0.00000000099999999996 
0.00000000099999999996 0.00000000099999999996 0.00000000099999999996 0.99999999500000003039 0.00000000099999999996 0.00000000099999999996 
0.00000000099999999995 0.98553825603589884086 0.01428175829914311162 0.00017998266495813128 0.00000000099999999995 0.00000000099999999995 
0.00000000099999999997 0.99999969238053365572 0.00000030361946648448 0.00000000099999999997 0.00000000099999999997 0.00000000099999999997 
0.00000000099999999989 0.00000000099999999989 0.00000000099999999989 0.99999999500000003039 0.00000000099999999989 0.00000000099999999989 
0.00000000099999999984 0.00000000099999999984 0.99999999499999991937 0.00000000099999999984 0.00000000099999999984 0.00000000099999999984 
0.00000000099999999990 0.00000000099999999990 0.99999999499999991937 0.00000000099999999990 0.00000000099999999990 0.00000000099999999990 
0.00000000099999999991 0.99999999500000003039 0.00000000099999999991 0.00000000099999999991 0.00000000099999999991 0.00000000099999999991 
0.00000000099999999993 0.99999999500000014141 0.00000000099999999993 0.00000000099999999993 0.00000000099999999993 0.00000000099999999993 
0.00000000099999999992 0.99999998932709843746 0.00000000667290170773 0.00000000099999999992 0.00000000099999999992 0.00000000099999999992 
0.00000000099999999991 0.00000000099999999991 0.99999999499999991937 0.00000000099999999991 0.00000000099999999991 0.00000000099999999991 
0.00000000099999999997 0.03870247055080115045 0.96129752544919877533 0.00000000099999999997 0.00000000099999999997 0.00000000099999999997 
0.00000000099999999993 0.99999999500000003039 0.00000000099999999993 0.00000000099999999993 0.00000000099999999993 0.00000000099999999993 
0.00000000099999999991 0.00000000099999999991 0.00000000099999999991 0.99999999499999991937 0.00000000099999999991 0.00000000099999999991 
0.00000000099999999999 0.87771299220978837852 0.03095020146649186954 0.05784121081069725639 0.00000000099999999999 0.03349559351302250354 
0.00000000099999999986 0.00000000099999999986 0.99999999500000003039 0.00000000099999999986 0.00000000099999999986 0.00000000099999999986 
0.00000000099999999992 0.99998167013017491556 0.00001832586982508232 0.00000000099999999992 0.00000000099999999992 0.00000000099999999992 
0.86428091520379379809 0.00000000099999999999 0.00000000099999999999 0.02944917295657674058 0.09433408196953564639 0.01193582787009384201 
0.00000000099999999996 0.00817305320939485866 0.83404029942130064601 0.15778454606356068224 0.00000000099999999996 0.00000209930574389379 
0.90939690325824318329 0.07447657264385426634 0.00000000099999999998 0.00000000099999999998 0.00058578444884631136 0.01554073764905631282 
0.00000000099999999986 0.00000000099999999986 0.99999999500000003039 0.00000000099999999986 0.00000000099999999986 0.00000000099999999986 
0.00000000099999999995 0.99982778952134310213 0.00000000809411519926 0.00017219938454168045 0.00000000099999999995 0.00000000099999999995 
0.00000000099999999991 0.99999999500000003039 0.00000000099999999991 0.00000000099999999991 0.00000000099999999991 0.00000000099999999991 
0.00000000099999999989 0.00000000099999999989 0.99999999499999991937 0.00000000099999999989 0.00000000099999999989 0.00000000099999999989 
0.00000000099999999992 0.99999999500000003039 0.00000000099999999992 0.00000000099999999992 0.00000000099999999992 0.00000000099999999992 
0.19318180041188573459 0.64358953199488655450 0.01342945798115280712 0.04510866843286519962 0.03434537080149476646 0.07034517037771494119 
0.00000000099999999991 0.00000000099999999991 0.99999999500000003039 0.00000000099999999991 0.00000000099999999991 0.00000000099999999991 
0.00000000099999999999 0.99926592953506687689 0.00073270004320564954 0.00000000099999999999 0.00000136742172745689 0.00000000099999999999 
0.13792743096232987221 0.00000000099999999996 0.00000000099999999996 0.00000000099999999996 0.85741356349794828340 0.00465900253972189194 
0.00000000099999999969 0.00000000099999999969 0.00000000099999999969 0.00000000099999999969 0.00000000099999999969 0.99999999499999991937 
0.99990818507238432566 0.00000000099999999993 0.00000000099999999993 0.00000000099999999993 0.00009181092761571347 0.00000000099999999993 
0.98798329988373900790 0.00000000099999999995 0.00000000099999999995 0.00000000099999999995 0.01201669611626110003 0.00000000099999999995 
0.99999999500000003039 0.00000000099999999997 0.00000000099999999997 0.00000000099999999997 0.00000000099999999997 0.00000000099999999997 
0.99621793327962737674 0.00000000099999999996 0.00000000099999999996 0.00000000099999999996 0.00378206272037279754 0.00000000099999999996 
0.95887836795657177547 0.00000000099999999998 0.01449690245047535221 0.00000000099999999998 0.02662472659295301788 0.00000000099999999998 
0.71621090732077929975 0.08036454414069023333 0.02051373075089683168 0.00000000100000000000 0.17713679070991208975 0.00577402607772152954 
0.99999999500000014141 0.00000000099999999994 0.00000000099999999994 0.00000000099999999994 0.00000000099999999994 0.00000000099999999994 
0.00000000099999999985 0.00000000099999999985 0.99999999499999991937 0.00000000099999999985 0.00000000099999999985 0.00000000099999999985 
0.94180750305508631470 0.00000000099999999998 0.00000000099999999998 0.00000000099999999998 0.04201123472292751793 0.01618125922198634936 
0.00000000099999999970 0.00000000099999999970 0.00000000099999999970 0.00000000099999999970 0.00000000099999999970 0.99999999500000003039 
0.96233537658778811608 0.00000000099999999997 0.00000000099999999997 0.00000000099999999997 0.03766461941221188603 0.00000000099999999997 
0.00000000099999999990 0.00000000099999999990 0.00000000099999999990 0.00000000099999999990 0.99999999499999991937 0.00000000099999999990 
0.00000000099999999992 0.99999999500000003039 0.00000000099999999992 0.00000000099999999992 0.00000000099999999992 0.00000000099999999992 
0.00000000099999999987 0.00000000099999999987 0.00000000099999999987 0.00000000099999999987 0.99999999500000003039 0.00000000099999999987 
0.00000000099999999990 0.00000000099999999990 0.00000000099999999990 0.00000000099999999990 0.99999999500000003039 0.00000000099999999990 
0.91408381638641478251 0.00993751046287436046 0.00000000150077809367 0.01373370813232900958 0.05653611331220580877 0.00570885020539802293 
0.89624738233736833681 0.00000000099999999997 0.00000000099999999997 0.02662175898804551924 0.07713085567458610736 0.00000000099999999997 
0.00000000099999999993 0.00000000099999999993 0.00000000099999999993 0.00000000099999999993 0.99999999500000003039 0.00000000099999999993 
0.00000000099999999990 0.00000000099999999990 0.00000000099999999990 0.00000000099999999990 0.99999999499999991937 0.00000000099999999990 
0.91732790571050415451 0.00000000099999999998 0.00000000099999999998 0.00000001281868615441 0.08267048122831763268 0.00000159824249198180 
0.00000000099999999992 0.99999999500000003039 0.00000000099999999992 0.00000000099999999992 0.00000000099999999992 0.00000000099999999992 
0.88327116020882023850 0.00000000100000000000 0.01700139925564952970 0.00000482755988335166 0.08946205265730237943 0.01026055931834439668 
0.00000000099999999989 0.00000000099999999989 0.00000000099999999989 0.00000000099999999989 0.99999999500000003039 0.00000000099999999989 
0.93742303551253969296 0.00000000099999999999 0.00000000099999999999 0.03235329079440646405 0.02999236904391435268 0.00023130264913954305 
0.94170961234597028167 0.00000000099999999997 0.00000000099999999997 0.00000000099999999997 0.05829038365402975513 0.00000000099999999997 
0.00000000099999999991 0.00000000099999999991 0.00000000099999999991 0.00000000099999999991 0.99999999499999991937 0.00000000099999999991 
0.00000000099999999992 0.99999999500000003039 0.00000000099999999992 0.00000000099999999992 0.00000000099999999992 0.00000000099999999992 
0.00000000099999999995 0.00000000099999999995 0.00000000099999999995 0.00000000099999999995 0.99999999500000003039 0.00000000099999999995 
0.96904482256722612732 0.00000000099999999998 0.00410631262514872444 0.00000000099999999998 0.02684886180762515936 0.00000000099999999998 
0.93261141940097025405 0.00000000100000000000 0.00072132847731526839 0.04064777989891530524 0.02601947022279921945 0.00000000100000000000 
0.94961971126287703093 0.00000000099999999996 0.00000000099999999996 0.00529802280532178788 0.04508226293180114808 0.00000000099999999996 
0.00000000099999999991 0.99999999500000014141 0.00000000099999999991 0.00000000099999999991 0.00000000099999999991 0.00000000099999999991 
0.80014599384123363812 0.00000000099999999998 0.00000000099999999998 0.14144831174232172510 0.05840569141644476325 0.00000000099999999998 
0.91631498183691240111 0.00000000099999999998 0.00000000099999999998 0.00087363506362921539 0.07358971153171069146 0.00922166956774768572 
0.99999999500000003039 0.00000000099999999994 0.00000000099999999994 0.00000000099999999994 0.00000000099999999994 0.00000000099999999994 
0.97729731928653251760 0.00000000099999999999 0.00000000099999999999 0.00000000099999999999 0.00165355994358325556 0.02104911776988427352 
0.13804509064708603283 0.02158093832170149273 0.00000000099999999999 0.01719330402826688836 0.82318066500294539978 0.00000000099999999999 
0.00000004424541478060 0.86558666984933974042 0.00000000099999999999 0.00000000099999999999 0.13441328290524548472 0.00000000099999999999 
0.91521321910651665110 0.00000000099999999999 0.00000000099999999999 0.06894124428505349345 0.01584553360842994030 0.00000000099999999999 
0.00000000099999999984 0.00000000099999999984 0.00000000099999999984 0.00000000099999999984 0.99999999499999991937 0.00000000099999999984 
0.00148238978950814069 0.00000000099999999998 0.00000000099999999998 0.00000000099999999998 0.99851760621049179267 0.00000000099999999998 
0.31856942067227184134 0.00000000099999999999 0.05294275255186933066 0.00000004584310271026 0.62848777893275598050 0.00000000099999999999 
0.17930621860683562674 0.39568181953247710814 0.00000000099999999999 0.06957988659140569576 0.35543062366552785614 0.00000145060375367155 
0.99999999184364896099 0.00000000099999999992 0.00000000099999999992 0.00000000099999999992 0.00000000415635117109 0.00000000099999999992 
0.40786877953137473662 0.41179876837630341457 0.06121678235381564775 0.00037212731803011975 0.09253178807780618187 0.02621175434266977133 
0.77499629575269268766 0.00000000099999999998 0.00000000099999999998 0.20749043651747342554 0.01751326259429876464 0.00000000313553527453 
0.99999496596853509889 0.00000000099999999999 0.00000000099999999999 0.00000503003146503535 0.00000000099999999999 0.00000000099999999999 
0.63951948999947028085 0.35643852815180016025 0.00000000099999999999 0.00404095825991443881 0.00000102158881515289 0.00000000099999999999 
0.63238222597830173743 0.02116003850963464605 0.00000000099999999999 0.00000000099999999999 0.34645773251206363197 0.00000000099999999999 
0.18288476467070485798 0.00000000099999999999 0.80907508478172418531 0.00000000099999999999 0.00804014754757102247 0.00000000099999999999 
0.00000000099999999989 0.00000000099999999989 0.00000000099999999989 0.99999999500000003039 0.00000000099999999989 0.00000000099999999989 
0.93833747380636167712 0.00000000099999999998 0.00000000099999999998 0.00002530550963808525 0.06163721768400021173 0.00000000099999999998 
0.00000000099999999991 0.00000000099999999991 0.00000000099999999991 0.00000000099999999991 0.99999999500000003039 0.00000000099999999991 
0.00000000099999999994 0.00000000099999999994 0.00000000099999999994 0.00000000099999999994 0.99999999499999991937 0.00000000099999999994 
0.00000000099999999991 0.00000000099999999991 0.00000000099999999991 0.00000000099999999991 0.99999999499999991937 0.00000000099999999991 
0.00000000099999999989 0.00000000099999999989 0.00000000099999999989 0.00000000099999999989 0.00000000099999999989 0.99999999499999991937 
0.96775698212466887416 0.00010319234606014539 0.00000001952944338679 0.00636670970846406337 0.02577309529136360272 0.00000000100000000000 
0.99140216680271697758 0.00000000099999999994 0.00000000099999999994 0.00000000099999999994 0.00859782919728302626 0.00000000099999999994 
0.04918765544051618976 0.00000000099999999996 0.00000000099999999996 0.00000000099999999996 0.93479851522822543508 0.01601382633125840102 
0.90325736169785819651 0.00000000099999999998 0.00000000099999999998 0.01398399315967764969 0.08275283893108917321 0.00000580421137497220 
0.00000000099999999990 0.00000000099999999990 0.00000000099999999990 0.00000000099999999990 0.99999999499999991937 0.00000000099999999990 
0.00000000099999999969 0.00000000099999999969 0.00000000099999999969 0.00000000099999999969 0.00000000099999999969 0.99999999500000003039 
0.00000000099999999992 0.00000000099999999992 0.00000000099999999992 0.00000000099999999992 0.99999999500000003039 0.00000000099999999992 
0.00020239590207113805 0.00000000099999999994 0.00000000099999999994 0.00000000099999999994 0.99979760009792884023 0.00000000099999999994 
0.00000000099999999969 0.00000000099999999969 0.00000000099999999969 0.00000000099999999969 0.00000000099999999969 0.99999999500000003039 
0.00000000099999999983 0.00000000099999999983 0.00000000099999999983 0.00000000099999999983 0.00000000099999999983 0.99999999500000003039 
0.98941447628767176248 0.00000000099999999998 0.00000000099999999998 0.00113523329453514067 0.00000000099999999998 0.00945028741779313161 
0.00000000099999999985 0.00000000099999999985 0.00000000099999999985 0.00000000099999999985 0.99999999500000003039 0.00000000099999999985 
0.92655290127848854986 0.00000000099999999998 0.00000000099999999998 0.01152942564907363625 0.03702060153454870411 0.02489706953788919583 
0.00000000099999999989 0.00000000099999999989 0.00000000099999999989 0.00000000099999999989 0.99999999499999991937 0.00000000099999999989 
