0.15277324645992798602 0.33221549214154982854 0.00000000099999999998 0.03134235013996409386 0.00000000099999999998 0.00007258016171796747 0.00000029781969187578 0.00000000099999999998 0.00000000099999999998 0.40967156943750565601 0.07392445983964247846 
0.00000000099999999994 0.00000000099999999994 0.00000000099999999994 0.00053666290489618037 0.00000000099999999994 0.00000000099999999994 0.00000000099999999994 0.00489890615349092718 0.00000000099999999994 0.00000000099999999994 0.99456442294161295781 
0.06848678918613629318 0.00000000099999999991 0.00000000099999999991 0.93151320181386376706 0.00000000099999999991 0.00000000099999999991 0.00000000099999999991 0.00000000099999999991 0.00000000099999999991 0.00000000099999999991 0.00000000099999999991 
0.06016562681154960512 0.00000000099999999996 0.00799015553162081213 0.38578012182508475414 0.00000000099999999996 0.00000000099999999996 0.00000000099999999996 0.00000000099999999996 0.00000000099999999996 0.00000000099999999996 0.54606408883174473168 
0.00000000099999999992 0.00000000099999999992 0.00000000099999999992 0.00000000099999999992 0.00000000099999999992 0.00000000099999999992 0.00000000099999999992 0.00000000099999999992 0.00000000099999999992 0.12335643893007615379 0.87664355206992394809 
0.00000000099999999986 0.00000000099999999986 0.00000000099999999986 0.00000000099999999986 0.00000000099999999986 0.00000000099999999986 0.00000000099999999986 0.00000000099999999986 0.00000000099999999986 0.00000000099999999986 0.99999998999999994975 
0.00000000099999999962 0.00000000099999999962 0.00000000099999999962 0.00000000099999999962 0.00000000099999999962 0.00000000099999999962 0.99999999000000006077 0.00000000099999999962 0.00000000099999999962 0.00000000099999999962 0.00000000099999999962 
0.28374045558881538787 0.00000000099999999980 0.00000000099999999980 0.00000000099999999980 0.00000000099999999980 0.00000000099999999980 0.00000000099999999980 0.00000000099999999980 0.00000000099999999980 0.71625953541118425605 0.00000000099999999980 
0.07402185243224791711 0.00000000099999999988 0.00000000099999999988 0.20310019489219735545 0.00000000099999999988 0.00000000099999999988 0.00000000099999999988 0.00000000099999999988 0.01270692416468295789 0.00000000099999999988 0.71017102151087163620 
0.00000000099999999979 0.00000000099999999979 0.00000000099999999979 0.00000000099999999979 0.99999999000000017180 0.00000000099999999979 0.00000000099999999979 0.00000000099999999979 0.00000000099999999979 0.00000000099999999979 0.00000000099999999979 
0.00000000099999999988 0.00000000099999999988 0.00000000099999999988 0.00000000099999999988 0.66450457692957154432 0.00000000099999999988 0.33549541407042859920 0.00000000099999999988 0.00000000099999999988 0.00000000099999999988 0.00000000099999999988 
0.00000000099999999987 0.00000000099999999987 0.00000000099999999987 0.00000000099999999987 0.99821085977337531414 0.00000000099999999987 0.00000000099999999987 0.00178913122662466826 0.00000000099999999987 0.00000000099999999987 0.00000000099999999987 
0.00000000099999999974 0.00000000099999999974 0.99999999000000017180 0.00000000099999999974 0.00000000099999999974 0.00000000099999999974 0.00000000099999999974 0.00000000099999999974 0.00000000099999999974 0.00000000099999999974 0.00000000099999999974 
0.00000000099999999995 0.00000000099999999995 0.00000000099999999995 0.00000000099999999995 0.24752834843745899485 0.19995995444156378085 0.31573497737946909503 0.14007718145623845873 0.00000000099999999995 0.00000000099999999995 0.09669953228526961819 
0.00000000099999999985 0.00000000099999999985 0.00000000099999999985 0.00000000099999999985 0.00000000099999999985 0.57033128295608881420 0.00000000099999999985 0.42966870804391132932 0.00000000099999999985 0.00000000099999999985 0.00000000099999999985 
0.00000000099999999962 0.00000000099999999962 0.00000000099999999962 0.00000000099999999962 0.00000000099999999962 0.00000000099999999962 0.99999998999999994975 0.00000000099999999962 0.00000000099999999962 0.00000000099999999962 0.00000000099999999962 
0.00000000099999999994 0.00000000099999999994 0.00000000099999999994 0.00000000099999999994 0.39019434582297957137 0.28397490166906674824 0.07289276325065727202 0.20331321866480533966 0.00000000099999999994 0.04962476459249112043 0.00000000099999999994 
0.09070410283455894451 0.00000000099999999992 0.00000000099999999992 0.00000000099999999992 0.00000000099999999992 0.27912962378306138689 0.00000000099999999992 0.18833695726577598384 0.00000000099999999992 0.44182930911660361906 0.00000000099999999992 
0.00000000099999999879 0.00000000099999999879 0.00000000099999999879 0.00000000099999999879 0.00000000099999999879 0.99999999000000006077 0.00000000099999999879 0.00000000099999999879 0.00000000099999999879 0.00000000099999999879 0.00000000099999999879 
0.00000000099999999988 0.00000000099999999988 0.00000000099999999988 0.00000000099999999988 0.00000000099999999988 0.58296673509080676467 0.00000000099999999988 0.41703325590919337884 0.00000000099999999988 0.00000000099999999988 0.00000000099999999988 
0.00000000099999999876 0.00000000099999999876 0.00000000099999999876 0.00000000099999999876 0.00000000099999999876 0.00000000099999999876 0.00000000099999999876 0.99999998999999994975 0.00000000099999999876 0.00000000099999999876 0.00000000099999999876 
0.00000000099999999975 0.00000000099999999975 0.00000000099999999975 0.00000000099999999975 0.00000000099999999975 0.00000000099999999975 0.99999998999999994975 0.00000000099999999975 0.00000000099999999975 0.00000000099999999975 0.00000000099999999975 
0.00000000099999999970 0.99999999000000028282 0.00000000099999999970 0.00000000099999999970 0.00000000099999999970 0.00000000099999999970 0.00000000099999999970 0.00000000099999999970 0.00000000099999999970 0.00000000099999999970 0.00000000099999999970 
0.00000000099999999991 0.00000000099999999991 0.00111208958765357134 0.98469005885417926205 0.00000000099999999991 0.00000000099999999991 0.00000000099999999991 0.00000000099999999991 0.00000000099999999991 0.01419784355816744448 0.00000000099999999991 
0.00000000099999999984 0.00000000099999999984 0.00000000099999999984 0.00000000099999999984 0.99999999000000017180 0.00000000099999999984 0.00000000099999999984 0.00000000099999999984 0.00000000099999999984 0.00000000099999999984 0.00000000099999999984 
0.00000000099999999990 0.00000000099999999990 0.00000000099999999990 0.00000000099999999990 0.73590807117187428954 0.00000000099999999990 0.26409191982812579846 0.00000000099999999990 0.00000000099999999990 0.00000000099999999990 0.00000000099999999990 
0.00000000099999999984 0.00000000099999999984 0.99999999000000017180 0.00000000099999999984 0.00000000099999999984 0.00000000099999999984 0.00000000099999999984 0.00000000099999999984 0.00000000099999999984 0.00000000099999999984 0.00000000099999999984 
0.00000000099999999990 0.00000000099999999990 0.00000000099999999990 0.99999999000000017180 0.00000000099999999990 0.00000000099999999990 0.00000000099999999990 0.00000000099999999990 0.00000000099999999990 0.00000000099999999990 0.00000000099999999990 
0.07220060140618672628 0.00000000099999999992 0.00000000099999999992 0.21918903429465474986 0.00000000099999999992 0.00000000099999999992 0.00000000099999999992 0.00000000099999999992 0.00000000099999999992 0.00000000099999999992 0.70861035629915836154 
0.00000000099999999992 0.00000000099999999992 0.00000000099999999992 0.00000000099999999992 0.43624361709449005486 0.00000000099999999992 0.56375637390550992212 0.00000000099999999992 0.00000000099999999992 0.00000000099999999992 0.00000000099999999992 
0.00000000099999999995 0.00000000099999999995 0.00000000099999999995 0.00000000099999999995 0.00000000099999999995 0.00000000099999999995 0.98955512750405660860 0.00000000099999999995 0.00000000099999999995 0.01044486349594349675 0.00000000099999999995 
0.00000000099999999992 0.01610081050010031198 0.00000000099999999992 0.00000000099999999992 0.70670601310662384265 0.00000000099999999992 0.23015993235368562009 0.03500293571917695301 0.01203030232041320084 0.00000000099999999992 0.00000000099999999992 
0.00000000099999999995 0.00000000099999999995 0.06804051809454075839 0.58588659837761680738 0.00000000099999999995 0.00000000099999999995 0.00000000099999999995 0.00000000099999999995 0.00000000099999999995 0.00000000099999999995 0.34607287552784266049 
0.00000000099999999966 0.00000000099999999966 0.00000000099999999966 0.00000000099999999966 0.00000000099999999966 0.00000000099999999966 0.00000000099999999966 0.00000000099999999966 0.99999999000000006077 0.00000000099999999966 0.00000000099999999966 
0.12867713689351664708 0.00000000099999999997 0.00000000099999999997 0.00000000099999999997 0.00000000099999999997 0.00000000099999999997 0.00000000099999999997 0.02202929819140291359 0.03027851500778123983 0.00000000099999999997 0.81901504290729920665 
0.00000000099999999983 0.00000000099999999983 0.00000000099999999983 0.00000000099999999983 0.99999999000000006077 0.00000000099999999983 0.00000000099999999983 0.00000000099999999983 0.00000000099999999983 0.00000000099999999983 0.00000000099999999983 
0.00000000099999999975 0.99999999000000028282 0.00000000099999999975 0.00000000099999999975 0.00000000099999999975 0.00000000099999999975 0.00000000099999999975 0.00000000099999999975 0.00000000099999999975 0.00000000099999999975 0.00000000099999999975 
0.00000000099999999944 0.00000000099999999944 0.00000000099999999944 0.00000000099999999944 0.00000000099999999944 0.00000000099999999944 0.00000000099999999944 0.00000000099999999944 0.99999999000000006077 0.00000000099999999944 0.00000000099999999944 
0.00000000099999999992 0.00000000099999999992 0.00000000099999999992 0.00000000099999999992 0.80164695794388651784 0.00000000099999999992 0.19835303305611357017 0.00000000099999999992 0.00000000099999999992 0.00000000099999999992 0.00000000099999999992 
0.00000000099999999981 0.00000000099999999981 0.00000000099999999981 0.00000000099999999981 0.99999999000000017180 0.00000000099999999981 0.00000000099999999981 0.00000000099999999981 0.00000000099999999981 0.00000000099999999981 0.00000000099999999981 
0.00000000099999999989 0.00000000099999999989 0.00023994560586449186 0.00000000099999999989 0.52432113841438166002 0.00000000099999999989 0.46976437859905867400 0.00567453038069545227 0.00000000099999999989 0.00000000099999999989 0.00000000099999999989 
0.00000000099999999977 0.00000000099999999977 0.00000000099999999977 0.00000000099999999977 0.00000000099999999977 0.00000000099999999977 0.00000000099999999977 0.00000000099999999977 0.00000000099999999977 0.99999998999999994975 0.00000000099999999977 
0.49332078767001580344 0.00000000099999999998 0.00000000099999999998 0.00000000099999999998 0.00000000099999999998 0.00000000099999999998 0.07761521233855497859 0.01106990307980717375 0.00037557218581512301 0.33952167741068761675 0.07809684231511906938 
0.00000000099999999980 0.00000000099999999980 0.99999999000000006077 0.00000000099999999980 0.00000000099999999980 0.00000000099999999980 0.00000000099999999980 0.00000000099999999980 0.00000000099999999980 0.00000000099999999980 0.00000000099999999980 
0.00527528623555192141 0.00000000099999999995 0.45333401966580455511 0.00000693907194258930 0.00000000099999999995 0.00000000099999999995 0.00000000099999999995 0.04008642469291664318 0.00000000099999999995 0.00000000099999999995 0.50129732433378415557 
0.47829157167419211749 0.00000000099999999982 0.00000000099999999982 0.00000000099999999982 0.00000000099999999982 0.00000000099999999982 0.00000000099999999982 0.00000000099999999982 0.00000000099999999982 0.52170841932580758193 0.00000000099999999982 
0.00000000099999999992 0.00000000099999999992 0.00000000099999999992 0.00000000099999999992 0.99544784617545833960 0.00000000099999999992 0.00000000099999999992 0.00455214482454164605 0.00000000099999999992 0.00000000099999999992 0.00000000099999999992 
0.99999999000000028282 0.00000000099999999968 0.00000000099999999968 0.00000000099999999968 0.00000000099999999968 0.00000000099999999968 0.00000000099999999968 0.00000000099999999968 0.00000000099999999968 0.00000000099999999968 0.00000000099999999968 
0.57724566681265476742 0.00000000099999999985 0.00000000099999999985 0.00000000099999999985 0.00000000099999999985 0.00000000099999999985 0.00000000099999999985 0.00000000099999999985 0.00000000099999999985 0.42275432418734526507 0.00000000099999999985 
0.99999999000000028282 0.00000000099999999969 0.00000000099999999969 0.00000000099999999969 0.00000000099999999969 0.00000000099999999969 0.00000000099999999969 0.00000000099999999969 0.00000000099999999969 0.00000000099999999969 0.00000000099999999969 
0.01887144610916316120 0.00000000099999999994 0.00000000099999999994 0.35296005175155281686 0.00000000099999999994 0.00000000099999999994 0.00000000099999999994 0.01689477968308911518 0.02168467293942171262 0.09231349847244114948 0.49727554604433193974 
0.99999999000000017180 0.00000000099999999962 0.00000000099999999962 0.00000000099999999962 0.00000000099999999962 0.00000000099999999962 0.00000000099999999962 0.00000000099999999962 0.00000000099999999962 0.00000000099999999962 0.00000000099999999962 
0.99999999000000017180 0.00000000099999999970 0.00000000099999999970 0.00000000099999999970 0.00000000099999999970 0.00000000099999999970 0.00000000099999999970 0.00000000099999999970 0.00000000099999999970 0.00000000099999999970 0.00000000099999999970 
0.00000000099999999988 0.00000000099999999988 0.43810357050308723625 0.00000000099999999988 0.51598314599881545117 0.00000000099999999988 0.00000000099999999988 0.04591327549809746944 0.00000000099999999988 0.00000000099999999988 0.00000000099999999988 
0.00000000099999999996 0.00000000099999999996 0.00000000099999999996 0.84338740572287640429 0.00000000099999999996 0.00000000099999999996 0.00000000099999999996 0.00000000099999999996 0.00000000099999999996 0.15661258527712376698 0.00000000099999999996 
0.00000000099999999993 0.00000000099999999993 0.00000000099999999993 0.45917856659403366582 0.00000000099999999993 0.00000000099999999993 0.00000000099999999993 0.00000000099999999993 0.00000000099999999993 0.54082142440596614463 0.00000000099999999993 
0.00000000099999999977 0.00000000099999999977 0.00000000099999999977 0.00000000099999999977 0.00000000099999999977 0.00000000099999999977 0.00000000099999999977 0.00000000099999999977 0.00000000099999999977 0.99999999000000006077 0.00000000099999999977 
0.00000000099999999992 0.00000000099999999992 0.00000000099999999992 0.54197154837353056500 0.00000000099999999992 0.00000000099999999992 0.00000000099999999992 0.00000000099999999992 0.00552884625070974162 0.00000000099999999992 0.45249959737575984331 
0.00000000099999999978 0.00000000099999999978 0.00000000099999999978 0.00000000099999999978 0.00000000099999999978 0.00000000099999999978 0.00000000099999999978 0.00000000099999999978 0.00000000099999999978 0.99999999000000006077 0.00000000099999999978 
0.00000000099999999977 0.00000000099999999977 0.00000000099999999977 0.99999999000000006077 0.00000000099999999977 0.00000000099999999977 0.00000000099999999977 0.00000000099999999977 0.00000000099999999977 0.00000000099999999977 0.00000000099999999977 
0.00000000099999999977 0.00000000099999999977 0.00000000099999999977 0.99999999000000017180 0.00000000099999999977 0.00000000099999999977 0.00000000099999999977 0.00000000099999999977 0.00000000099999999977 0.00000000099999999977 0.00000000099999999977 
0.00000000099999999982 0.00000000099999999982 0.00000000099999999982 0.00000000099999999982 0.00000000099999999982 0.00000000099999999982 0.00000000099999999982 0.00000000099999999982 0.00000000099999999982 0.99999998999999994975 0.00000000099999999982 
0.57096409997458585917 0.00000000099999999984 0.00000000099999999984 0.00000000099999999984 0.00000000099999999984 0.00000000099999999984 0.00000000099999999984 0.00000000099999999984 0.00000000099999999984 0.42903589102541422884 0.00000000099999999984 
0.00000000099999999996 0.88103032470759068406 0.00000000099999999996 0.00000000099999999996 0.07543863389449800838 0.04353103339791155463 0.00000000099999999996 0.00000000099999999996 0.00000000099999999996 0.00000000099999999996 0.00000000099999999996 
0.00000000099999999980 0.00000000099999999980 0.00000000099999999980 0.99999999000000017180 0.00000000099999999980 0.00000000099999999980 0.00000000099999999980 0.00000000099999999980 0.00000000099999999980 0.00000000099999999980 0.00000000099999999980 
0.00000000099999999989 0.00000000099999999989 0.00000000099999999989 0.00000000099999999989 0.00000000099999999989 0.00000000099999999989 0.00000000099999999989 0.00000000099999999989 0.00000000099999999989 0.99999999000000006077 0.00000000099999999989 
0.00000000099999999978 0.99773047195555497613 0.00000000099999999978 0.00000000099999999978 0.00000000099999999978 0.00226951904444522030 0.00000000099999999978 0.00000000099999999978 0.00000000099999999978 0.00000000099999999978 0.00000000099999999978 
0.00000000099999999989 0.00000000099999999989 0.00000000099999999989 0.00000000099999999989 0.99999999000000017180 0.00000000099999999989 0.00000000099999999989 0.00000000099999999989 0.00000000099999999989 0.00000000099999999989 0.00000000099999999989 
0.00000000099999999992 0.00000000099999999992 0.00000000099999999992 0.33668667225924997499 0.00000000099999999992 0.00000000099999999992 0.00000000099999999992 0.00000000099999999992 0.00000000099999999992 0.00000000099999999992 0.66331331874074983546 
0.00000000099999999987 0.93000331546721415332 0.00000000099999999987 0.00000000099999999987 0.00000000099999999987 0.06999667553278607346 0.00000000099999999987 0.00000000099999999987 0.00000000099999999987 0.00000000099999999987 0.00000000099999999987 
0.00000000099999999982 0.99999999000000017180 0.00000000099999999982 0.00000000099999999982 0.00000000099999999982 0.00000000099999999982 0.00000000099999999982 0.00000000099999999982 0.00000000099999999982 0.00000000099999999982 0.00000000099999999982 
0.00000000099999999991 0.99211429620525937167 0.00000000099999999991 0.00000000099999999991 0.00000000099999999991 0.00000000099999999991 0.00788569479474074062 0.00000000099999999991 0.00000000099999999991 0.00000000099999999991 0.00000000099999999991 
0.00000000099999999978 0.00000000099999999978 0.99999999000000017180 0.00000000099999999978 0.00000000099999999978 0.00000000099999999978 0.00000000099999999978 0.00000000099999999978 0.00000000099999999978 0.00000000099999999978 0.00000000099999999978 
0.00000000099999999988 0.34480556640419951497 0.63941562879475466463 0.00000000099999999988 0.00000000099999999988 0.01577879680104578644 0.00000000099999999988 0.00000000099999999988 0.00000000099999999988 0.00000000099999999988 0.00000000099999999988 
0.14296152156051836202 0.26925631342693162606 0.50611375252693746596 0.00000000099999999999 0.00000000099999999999 0.00011262539307880015 0.05182189415374267860 0.01457548461167656496 0.01515840432711446605 0.00000000099999999999 0.00000000099999999999 
0.00000000099999999985 0.00000000099999999985 0.99340436467699144707 0.00000000099999999985 0.00000000099999999985 0.00000000099999999985 0.00000000099999999985 0.00659562632300851430 0.00000000099999999985 0.00000000099999999985 0.00000000099999999985 
0.00000000099999999983 0.00000000099999999983 0.00000000099999999983 0.00000000099999999983 0.99999999000000006077 0.00000000099999999983 0.00000000099999999983 0.00000000099999999983 0.00000000099999999983 0.00000000099999999983 0.00000000099999999983 
0.00000000099999999978 0.99638642295715473818 0.00000000099999999978 0.00000000099999999978 0.00000000099999999978 0.00361356804284543916 0.00000000099999999978 0.00000000099999999978 0.00000000099999999978 0.00000000099999999978 0.00000000099999999978 
0.00000000099999999984 0.34023760176376632858 0.65518710316475070599 0.00000000099999999984 0.00000000099999999984 0.00000000099999999984 0.00000000099999999984 0.00000000099999999984 0.00457528707148315700 0.00000000099999999984 0.00000000099999999984 
0.00000000099999999987 0.35183091101368857423 0.62457317187412642046 0.00000000099999999987 0.00000000099999999987 0.01448523674801718494 0.00000000099999999987 0.00000000099999999987 0.00911067336416799753 0.00000000099999999987 0.00000000099999999987 
0.00000000099999999997 0.86508821984762929169 0.02867124718666851785 0.00000000099999999997 0.01956330165329280002 0.00000000099999999997 0.05389154039450035766 0.00000000099999999997 0.03278568491790914002 0.00000000099999999997 0.00000000099999999997 
0.00000000099999999999 0.00000000099999999999 0.52842161778159779661 0.00000000099999999999 0.16546839018920816988 0.06701705798043601503 0.00000013199331408130 0.03357253016072431900 0.00725122763944454924 0.00000262197716564140 0.19826641927810928490 
0.00000000099999999998 0.06318583928310239628 0.00000000099999999998 0.14750259862018957890 0.58178403107624598878 0.00256156644143904193 0.20368858048402993521 0.00000000099999999998 0.00127737909499316387 0.00000000099999999998 0.00000000099999999998 
0.00000000099999999986 0.00000000099999999986 0.91866511710943576929 0.00000000099999999986 0.00000000099999999986 0.00000000099999999986 0.00000000099999999986 0.08133487389056419381 0.00000000099999999986 0.00000000099999999986 0.00000000099999999986 
0.00000000099999999992 0.99999999000000028282 0.00000000099999999992 0.00000000099999999992 0.00000000099999999992 0.00000000099999999992 0.00000000099999999992 0.00000000099999999992 0.00000000099999999992 0.00000000099999999992 0.00000000099999999992 
0.00000000099999999983 0.00000000099999999983 0.00000000099999999983 0.00000000099999999983 0.50496988484049809554 0.00000000099999999983 0.49503010615950215900 0.00000000099999999983 0.00000000099999999983 0.00000000099999999983 0.00000000099999999983 
0.00000000099999999992 0.00000000099999999992 0.00000000099999999992 0.00000000099999999992 0.00000000099999999992 0.00000000099999999992 0.99999998999999994975 0.00000000099999999992 0.00000000099999999992 0.00000000099999999992 0.00000000099999999992 
0.00000000099999999980 0.00000000099999999980 0.99999999000000017180 0.00000000099999999980 0.00000000099999999980 0.00000000099999999980 0.00000000099999999980 0.00000000099999999980 0.00000000099999999980 0.00000000099999999980 0.00000000099999999980 
0.00000000099999999987 0.00000000099999999987 0.00000000099999999987 0.00000000099999999987 0.99999999000000017180 0.00000000099999999987 0.00000000099999999987 0.00000000099999999987 0.00000000099999999987 0.00000000099999999987 0.00000000099999999987 
0.00000000099999999987 0.36461741871822367367 0.63538257228177663638 0.00000000099999999987 0.00000000099999999987 0.00000000099999999987 0.00000000099999999987 0.00000000099999999987 0.00000000099999999987 0.00000000099999999987 0.00000000099999999987 
0.01833146460648932968 0.00000000099999999994 0.98166852639351076526 0.00000000099999999994 0.00000000099999999994 0.00000000099999999994 0.00000000099999999994 0.00000000099999999994 0.00000000099999999994 0.00000000099999999994 0.00000000099999999994 
0.00000000099999999987 0.94299955959756165402 0.00000000099999999987 0.00000000099999999987 0.05523834252541928030 0.00000000099999999987 0.00000000099999999987 0.00176208987701909699 0.00000000099999999987 0.00000000099999999987 0.00000000099999999987 
0.00000000099999999990 0.00000000099999999990 0.99999999000000017180 0.00000000099999999990 0.00000000099999999990 0.00000000099999999990 0.00000000099999999990 0.00000000099999999990 0.00000000099999999990 0.00000000099999999990 0.00000000099999999990 
0.00000000099999999991 0.04900221707460732795 0.02242492963161495101 0.00000000099999999991 0.68036021554995285143 0.00000000099999999991 0.24821263074382504676 0.00000000099999999991 0.00000000099999999991 0.00000000099999999991 0.00000000099999999991 
0.31489563006164850156 0.00000000099999999983 0.00000000099999999983 0.00000000099999999983 0.00000000099999999983 0.00000000099999999983 0.00000000099999999983 0.00000000099999999983 0.00000000099999999983 0.68510436093835125337 0.00000000099999999983 
0.00000000099999999963 0.00000000099999999963 0.00000000099999999963 0.00000000099999999963 0.00000000099999999963 0.00000000099999999963 0.00000000099999999963 0.00000000099999999963 0.00000000099999999963 0.99999998999999994975 0.00000000099999999963 
0.00000000099999999991 0.00000000099999999991 0.00000000099999999991 0.34265434344836265268 0.00000000099999999991 0.00000000099999999991 0.00000000099999999991 0.00000000099999999991 0.02441062141865686652 0.00000111769216361067 0.63293391044081681596 
0.00000000099999999982 0.00000000099999999982 0.00000000099999999982 0.99999999000000017180 0.00000000099999999982 0.00000000099999999982 0.00000000099999999982 0.00000000099999999982 0.00000000099999999982 0.00000000099999999982 0.00000000099999999982 
0.01014422248128427247 0.89347590133029364257 0.00000000099999999999 0.00000000099999999999 0.00000000099999999999 0.00744759897187051347 0.00000000099999999999 0.02758382995551767955 0.04435947473580048594 0.00000000099999999999 0.01698896752523350664 
0.06679697701995307435 0.00000000099999999992 0.08563743330047517144 0.40539598824124051246 0.00000000099999999992 0.00000000099999999992 0.00000000099999999992 0.00000000099999999992 0.00000000099999999992 0.00000000099999999992 0.44216959443833131482 
0.00000000099999999986 0.00000000099999999986 0.00000000099999999986 0.00000000099999999986 0.00000000099999999986 0.00000000099999999986 0.00000000099999999986 0.00000000099999999986 0.00000000099999999986 0.00000000099999999986 0.99999998999999994975 
0.00000000099999999996 0.87330651243282841900 0.00000000099999999996 0.00000000099999999996 0.00000000099999999996 0.00000000099999999996 0.00000000099999999996 0.00000000099999999996 0.00000000099999999996 0.12669347856717178002 0.00000000099999999996 
0.00000000099999999996 0.00000000099999999996 0.00000000099999999996 0.46508146019272250671 0.00000000099999999996 0.00000000099999999996 0.13788366077014038713 0.00000000099999999996 0.01182267193498435891 0.10000073261812278402 0.28521146848402995078 
0.00000000099999999968 0.00000000099999999968 0.00000000099999999968 0.00000000099999999968 0.00000000099999999968 0.00000000099999999968 0.00000000099999999968 0.00000000099999999968 0.00000000099999999968 0.99999998999999994975 0.00000000099999999968 
0.00000000099999999998 0.82393502612781666095 0.00000000099999999998 0.00000000099999999998 0.00000000099999999998 0.00000000099999999998 0.00000000099999999998 0.00000000099999999998 0.00000000099999999998 0.13167815683509989655 0.04438680903708361325 
0.00000000099999999982 0.00000000099999999982 0.00000000099999999982 0.00000000099999999982 0.88045688930916810033 0.11954310169083195992 0.00000000099999999982 0.00000000099999999982 0.00000000099999999982 0.00000000099999999982 0.00000000099999999982 
0.00000000099999999976 0.99999999000000017180 0.00000000099999999976 0.00000000099999999976 0.00000000099999999976 0.00000000099999999976 0.00000000099999999976 0.00000000099999999976 0.00000000099999999976 0.00000000099999999976 0.00000000099999999976 
0.00000000099999999981 0.00000000099999999981 0.74233674343839084475 0.00000000099999999981 0.00000000099999999981 0.00000000099999999981 0.00000000099999999981 0.25766324756160935427 0.00000000099999999981 0.00000000099999999981 0.00000000099999999981 
0.00000000099999999991 0.00000000099999999991 0.00000033472379326349 0.00000000099999999991 0.72383992277857245323 0.00000000099999999991 0.27615973449763431269 0.00000000099999999991 0.00000000099999999991 0.00000000099999999991 0.00000000099999999991 
0.00000000099999999987 0.00000000099999999987 0.00000000099999999987 0.00000000099999999987 0.00000000099999999987 0.00000000099999999987 0.00000000099999999987 0.00000000099999999987 0.00000000099999999987 0.00000000099999999987 0.99999998999999994975 
0.04955867703541788627 0.16838668770540321518 0.00000000100000000000 0.17414860374390142561 0.00000000100000000000 0.00005702617310847645 0.00000000100000000000 0.01122348750767486469 0.00000000100000000000 0.00000072386740814344 0.59662478996708578904 
0.00000000099999999995 0.00000000099999999995 0.00000000099999999995 0.54258430545143521151 0.00000000099999999995 0.00000000099999999995 0.00000000099999999995 0.00438307811944436097 0.00000000099999999995 0.02623092658104759362 0.42680168284807290524 
0.00000000099999999992 0.00000000099999999992 0.00000000099999999992 0.00000000099999999992 0.00000000099999999992 0.00000000099999999992 0.00000000099999999992 0.00000000099999999992 0.00000000099999999992 0.05428626975937184129 0.94571372124062813569 
0.00000000099999999987 0.00000000099999999987 0.00000000099999999987 0.99999999000000017180 0.00000000099999999987 0.00000000099999999987 0.00000000099999999987 0.00000000099999999987 0.00000000099999999987 0.00000000099999999987 0.00000000099999999987 
0.07265873749892724776 0.00000000099999999981 0.00000000099999999981 0.00000000099999999981 0.00000000099999999981 0.00000000099999999981 0.00000000099999999981 0.00000000099999999981 0.00000000099999999981 0.00000007124294882344 0.92734118325812386896 
0.00000000099999999992 0.00401879901816464512 0.00000000099999999992 0.00000000099999999992 0.57204529654812485973 0.00936091826540354222 0.41457497916830721163 0.00000000099999999992 0.00000000099999999992 0.00000000099999999992 0.00000000099999999992 
0.00000000099999999987 0.00000000099999999987 0.99999999000000017180 0.00000000099999999987 0.00000000099999999987 0.00000000099999999987 0.00000000099999999987 0.00000000099999999987 0.00000000099999999987 0.00000000099999999987 0.00000000099999999987 
0.00000000099999999987 0.00000000099999999987 0.00000000099999999987 0.00000000099999999987 0.99999999000000017180 0.00000000099999999987 0.00000000099999999987 0.00000000099999999987 0.00000000099999999987 0.00000000099999999987 0.00000000099999999987 
0.00000000099999999992 0.00000000099999999992 0.00000000099999999992 0.00000000099999999992 0.76857331325820810175 0.00000000099999999992 0.23142667774179201401 0.00000000099999999992 0.00000000099999999992 0.00000000099999999992 0.00000000099999999992 
0.00000000099999999976 0.00000000099999999976 0.99999999000000006077 0.00000000099999999976 0.00000000099999999976 0.00000000099999999976 0.00000000099999999976 0.00000000099999999976 0.00000000099999999976 0.00000000099999999976 0.00000000099999999976 
0.00000000099999999967 0.99999999000000028282 0.00000000099999999967 0.00000000099999999967 0.00000000099999999967 0.00000000099999999967 0.00000000099999999967 0.00000000099999999967 0.00000000099999999967 0.00000000099999999967 0.00000000099999999967 
0.00000000099999999978 0.99999999000000028282 0.00000000099999999978 0.00000000099999999978 0.00000000099999999978 0.00000000099999999978 0.00000000099999999978 0.00000000099999999978 0.00000000099999999978 0.00000000099999999978 0.00000000099999999978 
0.00000000099999999981 0.00000000099999999981 0.00000000099999999981 0.00000000099999999981 0.62184269140559533806 0.00000000099999999981 0.36475014028968738566 0.01340716030471739151 0.00000000099999999981 0.00000000099999999981 0.00000000099999999981 
0.00000000099999999986 0.00000000099999999986 0.00000000099999999986 0.00000000099999999986 0.64190929627598902751 0.00000000099999999986 0.35050735352379513987 0.00758334220021591402 0.00000000099999999986 0.00000000099999999986 0.00000000099999999986 
0.00000000099999999983 0.00000000099999999983 0.00000000099999999983 0.00000000099999999983 0.61562073557470375906 0.00000000099999999983 0.38437925542529627343 0.00000000099999999983 0.00000000099999999983 0.00000000099999999983 0.00000000099999999983 
0.00000000099999999978 0.99999999000000028282 0.00000000099999999978 0.00000000099999999978 0.00000000099999999978 0.00000000099999999978 0.00000000099999999978 0.00000000099999999978 0.00000000099999999978 0.00000000099999999978 0.00000000099999999978 
0.00000000099999999992 0.98077189552456223165 0.00000000099999999992 0.00000000099999999992 0.00000000099999999992 0.00000000099999999992 0.01841168042897714865 0.00081641604646070772 0.00000000099999999992 0.00000000099999999992 0.00000000099999999992 
0.00000000099999999979 0.00000000099999999979 0.00000000099999999979 0.00000000099999999979 0.99999999000000017180 0.00000000099999999979 0.00000000099999999979 0.00000000099999999979 0.00000000099999999979 0.00000000099999999979 0.00000000099999999979 
0.00000000099999999978 0.00000000099999999978 0.99999999000000017180 0.00000000099999999978 0.00000000099999999978 0.00000000099999999978 0.00000000099999999978 0.00000000099999999978 0.00000000099999999978 0.00000000099999999978 0.00000000099999999978 
0.00000000099999999996 0.03117122286652765709 0.06086272017964759751 0.00000000099999999996 0.71962797417781199094 0.00000000099999999996 0.15944743051073956286 0.00000000099999999996 0.02889064626527325721 0.00000000099999999996 0.00000000099999999996 
0.00000000099999999970 0.99999999000000017180 0.00000000099999999970 0.00000000099999999970 0.00000000099999999970 0.00000000099999999970 0.00000000099999999970 0.00000000099999999970 0.00000000099999999970 0.00000000099999999970 0.00000000099999999970 
0.00000000099999999982 0.00000000099999999982 0.00000000099999999982 0.00000000099999999982 0.47382817496786022726 0.00000000099999999982 0.52617181603213980523 0.00000000099999999982 0.00000000099999999982 0.00000000099999999982 0.00000000099999999982 
0.00000000099999999996 0.00000000099999999996 0.00000000099999999996 0.59721387997584740592 0.00000000099999999996 0.00000000099999999996 0.00000000099999999996 0.02403211426864469008 0.01183210003807099418 0.08390738900354452467 0.28301451071389233105 
0.00000000099999999989 0.83795249557187401201 0.16204749542812624252 0.00000000099999999989 0.00000000099999999989 0.00000000099999999989 0.00000000099999999989 0.00000000099999999989 0.00000000099999999989 0.00000000099999999989 0.00000000099999999989 
0.00000000099999999995 0.00000000099999999995 0.00000000099999999995 0.48921415677030644087 0.00000000099999999995 0.00000000099999999995 0.06955144230187745857 0.00000000099999999995 0.01527337053180625841 0.00000000099999999995 0.42596102339600983022 
0.00000000099999999970 0.99999999000000028282 0.00000000099999999970 0.00000000099999999970 0.00000000099999999970 0.00000000099999999970 0.00000000099999999970 0.00000000099999999970 0.00000000099999999970 0.00000000099999999970 0.00000000099999999970 
0.00000000099999999971 0.00000000099999999971 0.00000000099999999971 0.00000000099999999971 0.00000000099999999971 0.00000000099999999971 0.99999998999999994975 0.00000000099999999971 0.00000000099999999971 0.00000000099999999971 0.00000000099999999971 
0.00000000099999999984 0.00000000099999999984 0.00000000099999999984 0.00000000099999999984 0.53709788046025408459 0.00000000099999999984 0.46290211053974611444 0.00000000099999999984 0.00000000099999999984 0.00000000099999999984 0.00000000099999999984 
0.00000000099999999976 0.99999999000000028282 0.00000000099999999976 0.00000000099999999976 0.00000000099999999976 0.00000000099999999976 0.00000000099999999976 0.00000000099999999976 0.00000000099999999976 0.00000000099999999976 0.00000000099999999976 
0.00000000099999999966 0.00000000099999999966 0.00000000099999999966 0.00000000099999999966 0.00000000099999999966 0.00000000099999999966 0.99999998999999994975 0.00000000099999999966 0.00000000099999999966 0.00000000099999999966 0.00000000099999999966 
0.00000000724257243806 0.00578378939628378021 0.00000310379910315114 0.00000000100000000000 0.34194848467792249291 0.00633396375753502838 0.32168120324228915985 0.02288659178636179639 0.06394999293264105877 0.02776941466519521756 0.20964344750009566987 
0.00000000099999999982 0.96807289166800658542 0.00000000099999999982 0.00000000099999999982 0.00000000099999999982 0.03192709933199352340 0.00000000099999999982 0.00000000099999999982 0.00000000099999999982 0.00000000099999999982 0.00000000099999999982 
0.00000000099999999990 0.00000000099999999990 0.00000000099999999990 0.00000000099999999990 0.99999999000000017180 0.00000000099999999990 0.00000000099999999990 0.00000000099999999990 0.00000000099999999990 0.00000000099999999990 0.00000000099999999990 
0.47327994099549486329 0.00000000099999999991 0.00000000099999999991 0.00000002425808113033 0.00000000099999999991 0.00000000099999999991 0.00000000099999999991 0.00000000099999999991 0.00381354075945153923 0.39278157638758337544 0.13012491159938879837 
0.00000000099999999936 0.00000000099999999936 0.00000000099999999936 0.00000000099999999936 0.00000000099999999936 0.00000000099999999936 0.00000000099999999936 0.00000000099999999936 0.99999998999999994975 0.00000000099999999936 0.00000000099999999936 
0.00008072546243413129 0.00000000099999999984 0.00000000099999999984 0.63006294718627886553 0.00000000099999999984 0.00000000099999999984 0.00000000099999999984 0.00000000099999999984 0.00000000099999999984 0.00000000099999999984 0.36985631935128732151 
0.00000000099999999985 0.00000000099999999985 0.00000000099999999985 0.00000000099999999985 0.00000000099999999985 0.00000000099999999985 0.00000000099999999985 0.00000000099999999985 0.00000000099999999985 0.00000000099999999985 0.99999999000000006077 
0.00000000099999999993 0.00000000099999999993 0.00000000099999999993 0.35292989014848519247 0.00000000099999999993 0.00000000099999999993 0.00000000099999999993 0.00000000099999999993 0.00000000099999999993 0.00000000099999999993 0.64707010085151461798 
0.00000000099999999993 0.00000000099999999993 0.00000000099999999993 0.49207483122205847303 0.00000000099999999993 0.00000000099999999993 0.00000000099999999993 0.00865134399651974056 0.00000000099999999993 0.00000000099999999993 0.49927381678142185306 
0.00000000099999999986 0.00000000099999999986 0.00000000099999999986 0.99999999000000006077 0.00000000099999999986 0.00000000099999999986 0.00000000099999999986 0.00000000099999999986 0.00000000099999999986 0.00000000099999999986 0.00000000099999999986 
0.00000000492137721392 0.00000000099999999998 0.00000000099999999998 0.63894495553321750680 0.08421770195398860237 0.01920015920185345892 0.00000000099999999998 0.00000000099999999998 0.00074811456654893767 0.16707065145323246602 0.08981840836978181863 
0.00000000099999999977 0.00000000099999999977 0.00000000099999999977 0.99999999000000017180 0.00000000099999999977 0.00000000099999999977 0.00000000099999999977 0.00000000099999999977 0.00000000099999999977 0.00000000099999999977 0.00000000099999999977 
0.00000000099999999969 0.99999999000000017180 0.00000000099999999969 0.00000000099999999969 0.00000000099999999969 0.00000000099999999969 0.00000000099999999969 0.00000000099999999969 0.00000000099999999969 0.00000000099999999969 0.00000000099999999969 
0.04335049580645509298 0.00000000099999999993 0.00000000099999999993 0.56724745063654058441 0.00000000099999999993 0.00000000099999999993 0.00000000099999999993 0.01568750826168964843 0.00774924405348457589 0.00000000099999999993 0.36596529524183019078 
0.00000000099999999939 0.00000000099999999939 0.00000000099999999939 0.00000000099999999939 0.00000000099999999939 0.00000000099999999939 0.00000000099999999939 0.00000000099999999939 0.99999999000000006077 0.00000000099999999939 0.00000000099999999939 
0.00000000099999999982 0.00000000099999999982 0.00000000099999999982 0.99999999000000017180 0.00000000099999999982 0.00000000099999999982 0.00000000099999999982 0.00000000099999999982 0.00000000099999999982 0.00000000099999999982 0.00000000099999999982 
0.59737268355121575514 0.00000000099999999980 0.00000000099999999980 0.00000000099999999980 0.00000000099999999980 0.00000000099999999980 0.00000000099999999980 0.00000000099999999980 0.00000000099999999980 0.40262730744878433287 0.00000000099999999980 
