0.32602356101127138999 0.00000000099999999998 0.00000000099999999998 0.00000000099999999998 0.51841946596346255571 0.00000000099999999998 0.15555696702526591868 0.00000000099999999998 0.00000000099999999998 
0.00000000099999999994 0.00000000099999999994 0.00000000099999999994 0.99784077190014641712 0.00000000099999999994 0.00215922109985361996 0.00000000099999999994 0.00000000099999999994 0.00000000099999999994 
0.00000000099999999997 0.00000000099999999997 0.00497347413016118508 0.94322972374744240565 0.05179678522828478487 0.00000001189411183774 0.00000000099999999997 0.00000000099999999997 0.00000000099999999997 
0.00000000099999999997 0.00281765291515599344 0.00000000099999999997 0.51028298079513689789 0.04253797562813396715 0.00000000100622507690 0.44436138491618387691 0.00000000099999999997 0.00000000173916426599 
0.00000000099999999990 0.00000000099999999990 0.00000000099999999990 0.94177135073301609935 0.05822864226698388351 0.00000000099999999990 0.00000000099999999990 0.00000000099999999990 0.00000000099999999990 
0.00000000099999999980 0.00000000099999999980 0.00000000099999999980 0.00000000099999999980 0.00000000099999999980 0.00000000099999999980 0.99999999199999989319 0.00000000099999999980 0.00000000099999999980 
0.00000000099999999987 0.00000784240294798926 0.96339052763358667963 0.00000000099999999987 0.00000000099999999987 0.03660162396346545305 0.00000000099999999987 0.00000000099999999987 0.00000000099999999987 
0.00000000099999999983 0.00000000099999999983 0.00000000099999999983 0.00000000099999999983 0.99999999200000011523 0.00000000099999999983 0.00000000099999999983 0.00000000099999999983 0.00000000099999999983 
0.00000000099999999989 0.00000000099999999989 0.00000000099999999989 0.45623388992541363818 0.03634622045396485035 0.00000000099999999989 0.49340563925024233383 0.01401424537037909875 0.00000000099999999989 
0.00000000099999999986 0.00000000099999999986 0.99999999200000011523 0.00000000099999999986 0.00000000099999999986 0.00000000099999999986 0.00000000099999999986 0.00000000099999999986 0.00000000099999999986 
0.00005608546548471109 0.00000000099999999991 0.99993949966973560972 0.00000000099999999991 0.00000000099999999991 0.00000440886477971399 0.00000000099999999991 0.00000000099999999991 0.00000000099999999991 
0.00000000099999999993 0.01530171527058466797 0.98469827772941531663 0.00000000099999999993 0.00000000099999999993 0.00000000099999999993 0.00000000099999999993 0.00000000099999999993 0.00000000099999999993 
0.00000000099999999980 0.00000000099999999980 0.00000000099999999980 0.00000000099999999980 0.00000000099999999980 0.99999999200000000421 0.00000000099999999980 0.00000000099999999980 0.00000000099999999980 
0.00000000099999999995 0.00000000099999999995 0.56962915919267864684 0.00000000099999999995 0.00000000099999999995 0.05221084381165570776 0.11568945276917526332 0.00000000099999999995 0.26247053922649038471 
0.00000000099999999987 0.00000000099999999987 0.00000000099999999987 0.00000000099999999987 0.00000000099999999987 0.00000000099999999987 0.00000000099999999987 0.00000000099999999987 0.99999999199999989319 
0.00000000099999999989 0.00000000099999999989 0.99999999200000000421 0.00000000099999999989 0.00000000099999999989 0.00000000099999999989 0.00000000099999999989 0.00000000099999999989 0.00000000099999999989 
0.00000000099999999995 0.00000000099999999995 0.47502013063284975747 0.00000000099999999995 0.03243140188971512655 0.10273332878320606820 0.00000000099999999995 0.00000000099999999995 0.38981513369422909898 
0.00000000099999999995 0.00000000099999999995 0.00000000099999999995 0.00000000099999999995 0.56480290919854714282 0.00010256610723214776 0.00000000099999999995 0.00000000099999999995 0.43509451869422083314 
0.00000000099999999918 0.00000000099999999918 0.00000000099999999918 0.00000000099999999918 0.00000000099999999918 0.00000000099999999918 0.00000000099999999918 0.00000000099999999918 0.99999999199999989319 
0.00000000099999999991 0.29086936339261942885 0.00000000099999999991 0.00000000099999999991 0.00000000099999999991 0.08637748953486042158 0.00000000099999999991 0.00000000099999999991 0.62275314107251988904 
0.00000000099999999972 0.00000000099999999972 0.00000000099999999972 0.00000000099999999972 0.00000000099999999972 0.83705587801464109710 0.00000000099999999972 0.00000000099999999972 0.16294411498535896210 
0.00000000099999999990 0.03456690240114473206 0.96543295366647374767 0.00000000099999999990 0.00000000099999999990 0.00000013793238146917 0.00000000099999999990 0.00000000099999999990 0.00000000099999999990 
0.99999999200000011523 0.00000000099999999976 0.00000000099999999976 0.00000000099999999976 0.00000000099999999976 0.00000000099999999976 0.00000000099999999976 0.00000000099999999976 0.00000000099999999976 
0.00000000099999999994 0.00000000099999999994 0.00000000099999999994 0.41368664533193366672 0.08527282005140258969 0.05304281616172130953 0.44799771345494249219 0.00000000099999999994 0.00000000099999999994 
0.00000000099999999990 0.01808945101305784939 0.96369337503835972303 0.00000000099999999990 0.00000000099999999990 0.01821716794858255564 0.00000000099999999990 0.00000000099999999990 0.00000000099999999990 
0.00000000099999999993 0.01292434733582550899 0.98707564566417449470 0.00000000099999999993 0.00000000099999999993 0.00000000099999999993 0.00000000099999999993 0.00000000099999999993 0.00000000099999999993 
0.00000000099999999987 0.00000000099999999987 0.00000000099999999987 0.00000000099999999987 0.00000000099999999987 0.99999999200000000421 0.00000000099999999987 0.00000000099999999987 0.00000000099999999987 
0.00000000099999999997 0.02828703368439597701 0.00000000099999999997 0.45589130783544773440 0.00095162437946313808 0.00008257198633646943 0.51478745811435655533 0.00000000099999999997 0.00000000099999999997 
0.00000000099999999993 0.00000000099999999993 0.00000000099999999993 0.48205259078661905070 0.04620248648157014582 0.00000000099999999993 0.47174491673181095930 0.00000000099999999993 0.00000000099999999993 
0.00000000099999999997 0.01752885722565986765 0.98237924126957276716 0.00000000099999999997 0.00000000099999999997 0.00000000099999999997 0.00009189550476750977 0.00000000099999999997 0.00000000099999999997 
0.00000000099999999998 0.00000000099999999998 0.86388494631363288434 0.00000000099999999998 0.07317613685949472813 0.00000000099999999998 0.00000000099999999998 0.00000000099999999998 0.06293891082687232130 
0.02091526386683252234 0.01374572945121608006 0.92440799453394284502 0.00000000099999999995 0.00000000099999999995 0.02560060837120214233 0.00000000099999999995 0.01533039977680637246 0.00000000099999999995 
0.00000000099999999996 0.00000000099999999996 0.00000000099999999996 0.47139814397827967118 0.00000759697292681614 0.06927814514969295179 0.45931610889910051698 0.00000000099999999996 0.00000000099999999996 
0.00000000099999999973 0.00000000099999999973 0.00000000099999999973 0.00000000099999999973 0.00000000099999999973 0.00000000099999999973 0.00000000099999999973 0.99999999199999989319 0.00000000099999999973 
0.00000000099999999998 0.00000000099999999998 0.00000000099999999998 0.37948218593197641235 0.08738704188293261454 0.01071114060873526973 0.48723759465915600364 0.03518203291719981113 0.00000000099999999998 
0.00882048397514254359 0.00000000099999999993 0.99117950902485751907 0.00000000099999999993 0.00000000099999999993 0.00000000099999999993 0.00000000099999999993 0.00000000099999999993 0.00000000099999999993 
0.99999999200000022626 0.00000000099999999980 0.00000000099999999980 0.00000000099999999980 0.00000000099999999980 0.00000000099999999980 0.00000000099999999980 0.00000000099999999980 0.00000000099999999980 
0.00000000099999999955 0.00000000099999999955 0.00000000099999999955 0.00000000099999999955 0.00000000099999999955 0.00000000099999999955 0.00000000099999999955 0.99999999200000000421 0.00000000099999999955 
0.00000000099999999993 0.00000000099999999993 0.97243916707184907544 0.00000000099999999993 0.00000000099999999993 0.00000000099999999993 0.00000000099999999993 0.00000000099999999993 0.02756082592815096988 
0.01911270443763349661 0.00000000099999999989 0.98088728856236651055 0.00000000099999999989 0.00000000099999999989 0.00000000099999999989 0.00000000099999999989 0.00000000099999999989 0.00000000099999999989 
0.00000000099999999991 0.04902909002159441115 0.95096240654592545383 0.00000000099999999991 0.00000000099999999991 0.00000849743248025245 0.00000000099999999991 0.00000000099999999991 0.00000000099999999991 
0.00000000099999999988 0.00000000099999999988 0.00000000099999999988 0.00000000099999999988 0.99999999200000011523 0.00000000099999999988 0.00000000099999999988 0.00000000099999999988 0.00000000099999999988 
0.00000000099999999999 0.00000000099999999999 0.08423036073838181814 0.00000000099999999999 0.81158645776490045964 0.00005845226975144004 0.10118544641927403049 0.00293927880769214280 0.00000000099999999999 
0.00000000099999999985 0.00000000099999999985 0.00000000099999999985 0.00000000099999999985 0.00000000099999999985 0.99999999200000000421 0.00000000099999999985 0.00000000099999999985 0.00000000099999999985 
0.00000000099999999997 0.00000000099999999997 0.00000000099999999997 0.43683956589561656614 0.00008789444351357044 0.48618244403781624152 0.07689009062305358910 0.00000000099999999997 0.00000000099999999997 
0.00000000099999999985 0.00000000099999999985 0.00000000099999999985 0.00000000099999999985 0.99999999200000000421 0.00000000099999999985 0.00000000099999999985 0.00000000099999999985 0.00000000099999999985 
0.00000000099999999996 0.00000000099999999996 0.97409967052836055057 0.00000000099999999996 0.00000000099999999996 0.01563527552035535659 0.00000000099999999996 0.01026504795128420008 0.00000000099999999996 
0.00000000099999999985 0.00000000099999999985 0.00000000099999999985 0.00000000099999999985 0.99999999200000011523 0.00000000099999999985 0.00000000099999999985 0.00000000099999999985 0.00000000099999999985 
0.00000000099999999989 0.00000000099999999989 0.00000000099999999989 0.00000000099999999989 0.99999999200000011523 0.00000000099999999989 0.00000000099999999989 0.00000000099999999989 0.00000000099999999989 
0.00000000099999999986 0.00000000099999999986 0.00000000099999999986 0.00000000099999999986 0.99999999200000011523 0.00000000099999999986 0.00000000099999999986 0.00000000099999999986 0.00000000099999999986 
0.00000000099999999993 0.00000000099999999993 0.00000000099999999993 0.88839949234081727614 0.09073860435381347900 0.00000000099999999993 0.00000000099999999993 0.02086189730536938333 0.00000000099999999993 
0.00000000099999999977 0.00000000099999999977 0.00000000099999999977 0.00000000099999999977 0.99999999200000011523 0.00000000099999999977 0.00000000099999999977 0.00000000099999999977 0.00000000099999999977 
0.00000000099999999985 0.00000000099999999985 0.00000000099999999985 0.00000000099999999985 0.97073296298142741634 0.00000000099999999985 0.02926703001857255612 0.00000000099999999985 0.00000000099999999985 
0.00000000099999999991 0.07467083550874842324 0.49870599343785809721 0.00000000099999999991 0.00000000099999999991 0.42662316505339353823 0.00000000099999999991 0.00000000099999999991 0.00000000099999999991 
0.00000000099999999999 0.02687875048571114478 0.00000000099999999999 0.29232427850633707633 0.15050103114021545769 0.00000000099999999999 0.52993527473288792873 0.00000000099999999999 0.00036066113484837543 
0.00000000099999999996 0.00000000099999999996 0.00000000099999999996 0.44127808375964278076 0.55872188416604351424 0.00000000099999999996 0.00000000099999999996 0.00000002607431355848 0.00000000099999999996 
0.00000000099999999990 0.00000000099999999990 0.00000000099999999990 0.01645040492690730272 0.98354958807309267321 0.00000000099999999990 0.00000000099999999990 0.00000000099999999990 0.00000000099999999990 
0.00000000099999999994 0.00000000099999999994 0.00000000099999999994 0.44916581493094831501 0.00000000099999999994 0.00000000099999999994 0.54879773198290271452 0.00203644708614883789 0.00000000099999999994 
0.00000000099999999990 0.00000000099999999990 0.00000000099999999990 0.03015048835215689352 0.96984950464784314139 0.00000000099999999990 0.00000000099999999990 0.00000000099999999990 0.00000000099999999990 
0.00000000099999999991 0.00000000099999999991 0.00000000099999999991 0.68812790617712138452 0.00000000099999999991 0.00000000099999999991 0.31187208682287875794 0.00000000099999999991 0.00000000099999999991 
0.00000000099999999982 0.00000000099999999982 0.00000000099999999982 0.00000000099999999982 0.00000000099999999982 0.00000000099999999982 0.99999999199999989319 0.00000000099999999982 0.00000000099999999982 
0.00000000099999999991 0.00000000099999999991 0.00000000099999999991 0.00000000099999999991 0.90847711884675319549 0.00000000099999999991 0.09152287415324675268 0.00000000099999999991 0.00000000099999999991 
0.00000000099999999987 0.00000000099999999987 0.00000000099999999987 0.00000000099999999987 0.99999999200000000421 0.00000000099999999987 0.00000000099999999987 0.00000000099999999987 0.00000000099999999987 
0.93111730851884522142 0.00000000099999999997 0.06888266855427879753 0.00000000099999999997 0.00000000099999999997 0.00000000099999999997 0.00000000099999999997 0.00000000099999999997 0.00000001692687620892 
0.00000000099999999992 0.00000000099999999992 0.00000000099999999992 0.65166931731575417075 0.00326105967551852064 0.00000000099999999992 0.34506961700872734733 0.00000000099999999992 0.00000000099999999992 
0.00037154308560588388 0.00000000099999999998 0.00000000099999999998 0.00002597965563104360 0.97635787247021132984 0.00000000099999999998 0.00046711018909427688 0.01804353285752015659 0.00473395874193745063 
0.99999999200000022626 0.00000000099999999983 0.00000000099999999983 0.00000000099999999983 0.00000000099999999983 0.00000000099999999983 0.00000000099999999983 0.00000000099999999983 0.00000000099999999983 
0.00737918314176325835 0.00000000099999999995 0.98273078300474669966 0.00000000099999999995 0.00000000099999999995 0.00001132270580520701 0.00000000099999999995 0.00987870614768498675 0.00000000099999999995 
0.00000000099999999986 0.00000000099999999986 0.00000000099999999986 0.99999999200000011523 0.00000000099999999986 0.00000000099999999986 0.00000000099999999986 0.00000000099999999986 0.00000000099999999986 
0.90016510636819713209 0.04987783282201421753 0.00000000099999999990 0.00000000099999999990 0.00000000099999999990 0.00000000099999999990 0.00000000099999999990 0.00000000099999999990 0.04995705480978875762 
0.99999999200000022626 0.00000000099999999986 0.00000000099999999986 0.00000000099999999986 0.00000000099999999986 0.00000000099999999986 0.00000000099999999986 0.00000000099999999986 0.00000000099999999986 
0.99999999200000022626 0.00000000099999999993 0.00000000099999999993 0.00000000099999999993 0.00000000099999999993 0.00000000099999999993 0.00000000099999999993 0.00000000099999999993 0.00000000099999999993 
0.00000000099999999985 0.00000000099999999985 0.00000000099999999985 0.00000000099999999985 0.00000000099999999985 0.99999999200000000421 0.00000000099999999985 0.00000000099999999985 0.00000000099999999985 
0.00000000099999999970 0.99999999200000022626 0.00000000099999999970 0.00000000099999999970 0.00000000099999999970 0.00000000099999999970 0.00000000099999999970 0.00000000099999999970 0.00000000099999999970 
0.00000000099999999995 0.91599917303047628803 0.00000000099999999995 0.00000000099999999995 0.08400081996952395158 0.00000000099999999995 0.00000000099999999995 0.00000000099999999995 0.00000000099999999995 
0.00000000099999999989 0.00000000099999999989 0.00000000099999999989 0.00000000099999999989 0.00000000099999999989 0.99999999200000000421 0.00000000099999999989 0.00000000099999999989 0.00000000099999999989 
0.00000000099999999990 0.00000000099999999990 0.99999999200000011523 0.00000000099999999990 0.00000000099999999990 0.00000000099999999990 0.00000000099999999990 0.00000000099999999990 0.00000000099999999990 
0.99999999200000022626 0.00000000099999999983 0.00000000099999999983 0.00000000099999999983 0.00000000099999999983 0.00000000099999999983 0.00000000099999999983 0.00000000099999999983 0.00000000099999999983 
0.00000000099999999954 0.99999999200000011523 0.00000000099999999954 0.00000000099999999954 0.00000000099999999954 0.00000000099999999954 0.00000000099999999954 0.00000000099999999954 0.00000000099999999954 
0.00000000099999999960 0.99999999200000022626 0.00000000099999999960 0.00000000099999999960 0.00000000099999999960 0.00000000099999999960 0.00000000099999999960 0.00000000099999999960 0.00000000099999999960 
0.86084755205247276422 0.02328512332052564901 0.07613391870318755861 0.00000000099999999999 0.00000000099999999999 0.00006109902054541732 0.00539523847245137328 0.03427706543081723151 0.00000000099999999999 
0.00000000100000000000 0.10647451698948226517 0.16223354336963322075 0.20276928030929466940 0.00000000100000000000 0.46339828316324888080 0.00000001057683477380 0.00001227639501809970 0.06511208719648821364 
0.05310754794348093721 0.04404324002358875334 0.76510575782646428333 0.00000000099999999999 0.00000000099999999999 0.00000000099999999999 0.13774176787027950231 0.00000000099999999999 0.00000168233618658400 
0.00000000099999999986 0.00000000099999999986 0.00000000099999999986 0.00000000099999999986 0.00000000099999999986 0.99999999200000000421 0.00000000099999999986 0.00000000099999999986 0.00000000099999999986 
0.90908782349835826064 0.09041049487717700561 0.00000000099999999992 0.00000000099999999992 0.00000000099999999992 0.00000000099999999992 0.00000000099999999992 0.00000000099999999992 0.00050167562446486332 
0.00000000099999999989 0.00000000099999999989 0.99999999200000011523 0.00000000099999999989 0.00000000099999999989 0.00000000099999999989 0.00000000099999999989 0.00000000099999999989 0.00000000099999999989 
0.01848843097664347804 0.05197071421365602462 0.92857880676366355566 0.00000000099999999996 0.00000000099999999996 0.00096204304603696828 0.00000000099999999996 0.00000000099999999996 0.00000000099999999996 
0.00000000099999999984 0.00000000099999999984 0.00000000099999999984 0.00000000099999999984 0.00000000099999999984 0.99999999200000000421 0.00000000099999999984 0.00000000099999999984 0.00000000099999999984 
0.02024990623289840003 0.00000000099999999992 0.95194859126358399859 0.00000000099999999992 0.00000000099999999992 0.02780149650351775026 0.00000000099999999992 0.00000000099999999992 0.00000000099999999992 
0.00000000099999999959 0.99999999200000011523 0.00000000099999999959 0.00000000099999999959 0.00000000099999999959 0.00000000099999999959 0.00000000099999999959 0.00000000099999999959 0.00000000099999999959 
0.00000000099999999997 0.05523935401535005896 0.00000000099999999997 0.00000000099999999997 0.01184275134067921086 0.93291788864397084957 0.00000000099999999997 0.00000000099999999997 0.00000000099999999997 
0.95173302934623560390 0.00000000099999999990 0.04826696365376460102 0.00000000099999999990 0.00000000099999999990 0.00000000099999999990 0.00000000099999999990 0.00000000099999999990 0.00000000099999999990 
0.00000000099999999993 0.00000000099999999993 0.00000000106162174093 0.00000000099999999993 0.00000000099999999993 0.99999999193837829647 0.00000000099999999993 0.00000000099999999993 0.00000000099999999993 
0.04352860508700918257 0.02763305603538045510 0.92883763597629631636 0.00000000099999999994 0.00000000099999999994 0.00000069790131416438 0.00000000099999999994 0.00000000099999999994 0.00000000099999999994 
0.00000000099999999986 0.00000000099999999986 0.00000000099999999986 0.00000000099999999986 0.99999999200000000421 0.00000000099999999986 0.00000000099999999986 0.00000000099999999986 0.00000000099999999986 
0.00000000099999999973 0.00000000099999999973 0.00000000099999999973 0.00000000099999999973 0.99999999200000000421 0.00000000099999999973 0.00000000099999999973 0.00000000099999999973 0.00000000099999999973 
0.00000000099999999992 0.00000000099999999992 0.00000000099999999992 0.36716668753069930942 0.00000000099999999992 0.00000000099999999992 0.61464409238796968715 0.01818921408133096149 0.00000000099999999992 
0.00000000099999999988 0.00000000099999999988 0.00000000099999999988 0.99999998097439335432 0.00000001202560678409 0.00000000099999999988 0.00000000099999999988 0.00000000099999999988 0.00000000099999999988 
0.87287147748142834836 0.00000000099999999999 0.00000000099999999999 0.02378238550604717255 0.00780403794300565772 0.00000001444730133267 0.00000000099999999999 0.04687955623491717877 0.04866252538730037741 
0.00000000099999999993 0.00000000099999999993 0.00000000099999999993 0.30333086897707861596 0.04622089324388724274 0.08251678961845340665 0.56793144316058075116 0.00000000099999999993 0.00000000099999999993 
0.00000000099999999983 0.00000000099999999983 0.00000000099999999983 0.00000000099999999983 0.00000000099999999983 0.00000000099999999983 0.99999999199999989319 0.00000000099999999983 0.00000000099999999983 
0.87727544182788486093 0.00000000099999999998 0.00000776279214571734 0.00000000099999999998 0.12095468414254215150 0.00000000099999999998 0.00000000099999999998 0.00176210623742741306 0.00000000099999999998 
0.00000000099999999999 0.00000000099999999999 0.10239778450837140611 0.59153193136708093203 0.08823885105153277120 0.02712899944148190398 0.17225387647416934289 0.01844855415736370088 0.00000000099999999999 
0.00000000099999999981 0.00000000099999999981 0.00000000099999999981 0.00000000099999999981 0.99999999200000000421 0.00000000099999999981 0.00000000099999999981 0.00000000099999999981 0.00000000099999999981 
0.82347649728897520660 0.00000001901604332068 0.00000000099999999999 0.00000000099999999999 0.10985916992539961068 0.00000000099999999999 0.06666430876958195917 0.00000000099999999999 0.00000000099999999999 
0.00000000099999999986 0.00000000099999999986 0.87675773040581439499 0.00000000099999999986 0.00000000099999999986 0.00000000099999999986 0.00000000099999999986 0.00000000099999999986 0.12324226259418567808 
0.99999999200000022626 0.00000000099999999981 0.00000000099999999981 0.00000000099999999981 0.00000000099999999981 0.00000000099999999981 0.00000000099999999981 0.00000000099999999981 0.00000000099999999981 
0.00000000099999999985 0.00000000099999999985 0.00000000099999999985 0.00000000099999999985 0.00000000099999999985 0.99999999200000000421 0.00000000099999999985 0.00000000099999999985 0.00000000099999999985 
0.00000000099999999994 0.00000000099999999994 0.99495401395220206542 0.00000000099999999994 0.00000000099999999994 0.00504597904779797383 0.00000000099999999994 0.00000000099999999994 0.00000000099999999994 
0.00000000099999999992 0.00000000099999999992 0.00000000099999999992 0.45429572826252795359 0.00000000099999999992 0.00000000099999999992 0.54570426473747213336 0.00000000099999999992 0.00000000099999999992 
0.15149103442002617714 0.00002087642263180034 0.00000000099999999999 0.23559136644085632017 0.01883304650426795290 0.00000000099999999999 0.57629685053182078125 0.00000000099999999999 0.01776682268039701112 
0.00000000099999999996 0.00000000099999999996 0.00000000099999999996 0.72390285755554939495 0.00963383736774441578 0.00000000099999999996 0.26646329907670607273 0.00000000099999999996 0.00000000099999999996 
0.00000000099999999994 0.00000000099999999994 0.00000000099999999994 0.44580262233229234203 0.04575852375584973930 0.00000000099999999994 0.50843884791185800509 0.00000000099999999994 0.00000000099999999994 
0.00000000099999999991 0.00000000099999999991 0.00000000099999999991 0.99999999200000000421 0.00000000099999999991 0.00000000099999999991 0.00000000099999999991 0.00000000099999999991 0.00000000099999999991 
0.00000000099999999984 0.00000000099999999984 0.00000000099999999984 0.95288538791682098061 0.04711460508317914103 0.00000000099999999984 0.00000000099999999984 0.00000000099999999984 0.00000000099999999984 
0.00000000099999999993 0.05577406374907422498 0.93649655193887559879 0.00000000099999999993 0.00000000099999999993 0.00000000099999999993 0.00000000099999999993 0.00000000099999999993 0.00772937831205046128 
0.00000000099999999992 0.05080036902305880286 0.00000000099999999992 0.00000000099999999992 0.00000000099999999992 0.94919962397694124245 0.00000000099999999992 0.00000000099999999992 0.00000000099999999992 
0.00000106378882621927 0.00000000099999999993 0.97808282409859437223 0.00000000099999999993 0.00000000099999999993 0.00383075082721125474 0.00000000099999999993 0.00000000099999999993 0.01808535628536836123 
0.00000473988696105312 0.00000000099999999995 0.99999525311303893993 0.00000000099999999995 0.00000000099999999995 0.00000000099999999995 0.00000000099999999995 0.00000000099999999995 0.00000000099999999995 
0.00000000099999999981 0.00000000099999999981 0.00000000099999999981 0.00000000099999999981 0.00000000099999999981 0.99999999200000011523 0.00000000099999999981 0.00000000099999999981 0.00000000099999999981 
0.99999999200000022626 0.00000000099999999974 0.00000000099999999974 0.00000000099999999974 0.00000000099999999974 0.00000000099999999974 0.00000000099999999974 0.00000000099999999974 0.00000000099999999974 
0.99999999200000011523 0.00000000099999999984 0.00000000099999999984 0.00000000099999999984 0.00000000099999999984 0.00000000099999999984 0.00000000099999999984 0.00000000099999999984 0.00000000099999999984 
0.00000000099999999986 0.00000000099999999986 0.99999999200000011523 0.00000000099999999986 0.00000000099999999986 0.00000000099999999986 0.00000000099999999986 0.00000000099999999986 0.00000000099999999986 
0.00000000099999999990 0.00000000099999999990 0.99999999200000000421 0.00000000099999999990 0.00000000099999999990 0.00000000099999999990 0.00000000099999999990 0.00000000099999999990 0.00000000099999999990 
0.00028119816969165507 0.00000000099999999988 0.99971879483030845481 0.00000000099999999988 0.00000000099999999988 0.00000000099999999988 0.00000000099999999988 0.00000000099999999988 0.00000000099999999988 
0.99999999200000022626 0.00000000099999999983 0.00000000099999999983 0.00000000099999999983 0.00000000099999999983 0.00000000099999999983 0.00000000099999999983 0.00000000099999999983 0.00000000099999999983 
0.98694481207632245301 0.00000000099999999993 0.01305518092367765996 0.00000000099999999993 0.00000000099999999993 0.00000000099999999993 0.00000000099999999993 0.00000000099999999993 0.00000000099999999993 
0.00000000099999999989 0.00000000099999999989 0.99999999200000011523 0.00000000099999999989 0.00000000099999999989 0.00000000099999999989 0.00000000099999999989 0.00000000099999999989 0.00000000099999999989 
0.00000000099999999984 0.00000000099999999984 0.00000000099999999984 0.00000000099999999984 0.00000000099999999984 0.99999999200000011523 0.00000000099999999984 0.00000000099999999984 0.00000000099999999984 
0.02920868245809742081 0.01755516426499563118 0.87423404754947975359 0.00000000099999999998 0.00000000099999999998 0.04606674198290901245 0.00000000099999999998 0.03293535974451834714 0.00000000099999999998 
0.99999999200000011523 0.00000000099999999977 0.00000000099999999977 0.00000000099999999977 0.00000000099999999977 0.00000000099999999977 0.00000000099999999977 0.00000000099999999977 0.00000000099999999977 
0.00050781711875149316 0.00618681177191158019 0.99330536510933709060 0.00000000099999999988 0.00000000099999999988 0.00000000099999999988 0.00000000099999999988 0.00000000099999999988 0.00000000099999999988 
0.00000000099999999998 0.00000000099999999998 0.00000000099999999998 0.60163435424259059658 0.07537986937701078582 0.02782920650340658941 0.28397826779604962155 0.01117829808094240006 0.00000000099999999998 
0.80152008375261118989 0.10222546336314644599 0.00088795139803982538 0.00000000099999999992 0.00000000099999999992 0.09536649648620254549 0.00000000099999999992 0.00000000099999999992 0.00000000099999999992 
0.00000000099999999995 0.00000000099999999995 0.06186036362226143143 0.00000000099999999995 0.00000000099999999995 0.00000000099999999995 0.93813962937773853756 0.00000000099999999995 0.00000000099999999995 
0.99999999200000022626 0.00000000099999999976 0.00000000099999999976 0.00000000099999999976 0.00000000099999999976 0.00000000099999999976 0.00000000099999999976 0.00000000099999999976 0.00000000099999999976 
0.00026705542097534436 0.00233821439898976432 0.99739450573688692714 0.00000000099999999992 0.00000000099999999992 0.00000021944314804710 0.00000000099999999992 0.00000000099999999992 0.00000000099999999992 
0.00000000099999999988 0.00000000099999999988 0.99999999200000011523 0.00000000099999999988 0.00000000099999999988 0.00000000099999999988 0.00000000099999999988 0.00000000099999999988 0.00000000099999999988 
0.99999999200000022626 0.00000000099999999982 0.00000000099999999982 0.00000000099999999982 0.00000000099999999982 0.00000000099999999982 0.00000000099999999982 0.00000000099999999982 0.00000000099999999982 
0.00000000099999999988 0.00001024443566878969 0.99998974856433131553 0.00000000099999999988 0.00000000099999999988 0.00000000099999999988 0.00000000099999999988 0.00000000099999999988 0.00000000099999999988 
0.00555438573888116481 0.00000000100000000000 0.63373868926876975038 0.21752344617473176602 0.01292573812799186969 0.04405752291568990758 0.00000000100000000000 0.06589825076863757569 0.02030196500529788534 
0.98805813899443384329 0.00000000099999999985 0.00000000099999999985 0.00000000099999999985 0.00000000099999999985 0.00000000099999999985 0.00000000099999999985 0.00000000099999999985 0.01194185400556624886 
0.01272554657492068649 0.00000000099999999997 0.98727444233162309217 0.00000000099999999997 0.00000000509345616735 0.00000000099999999997 0.00000000099999999997 0.00000000099999999997 0.00000000099999999997 
0.00000000099999999993 0.00000000099999999993 0.00000000099999999993 0.13001449476868431887 0.84889089772664860778 0.00000000099999999993 0.01513585689949121724 0.00595874560517564971 0.00000000099999999993 
0.00000000099999999950 0.00000000099999999950 0.00000000099999999950 0.00000000099999999950 0.00000000099999999950 0.00000000099999999950 0.00000000099999999950 0.99999999200000000421 0.00000000099999999950 
0.00000000099999999986 0.00000000099999999986 0.00000000099999999986 0.99999999200000011523 0.00000000099999999986 0.00000000099999999986 0.00000000099999999986 0.00000000099999999986 0.00000000099999999986 
0.00000000099999999986 0.00000000099999999986 0.00000000099999999986 0.99999999200000011523 0.00000000099999999986 0.00000000099999999986 0.00000000099999999986 0.00000000099999999986 0.00000000099999999986 
0.00000000099999999987 0.00000000099999999987 0.00000000099999999987 0.99999999200000000421 0.00000000099999999987 0.00000000099999999987 0.00000000099999999987 0.00000000099999999987 0.00000000099999999987 
0.00000000099999999986 0.00000000099999999986 0.00000000099999999986 0.00000000099999999986 0.00000000099999999986 0.00000000099999999986 0.99999999200000000421 0.00000000099999999986 0.00000000099999999986 
0.00000000099999999992 0.00000000099999999992 0.00000000099999999992 0.99999999200000011523 0.00000000099999999992 0.00000000099999999992 0.00000000099999999992 0.00000000099999999992 0.00000000099999999992 
0.00000000099999999999 0.00000010617242751633 0.07835794535041988584 0.47285160839365281138 0.15769534898488105079 0.00000000099999999999 0.26509886115625680425 0.00065415050867135562 0.02534197743369056080 
0.00000000099999999990 0.00000000099999999990 0.00000000099999999990 0.52914403236096541061 0.00000000099999999990 0.00000000099999999990 0.47085596063903462083 0.00000000099999999990 0.00000000099999999990 
0.99999999200000011523 0.00000000099999999978 0.00000000099999999978 0.00000000099999999978 0.00000000099999999978 0.00000000099999999978 0.00000000099999999978 0.00000000099999999978 0.00000000099999999978 
0.00000000099999999993 0.00000000099999999993 0.00000000099999999993 0.99999946157942742886 0.00000000099999999993 0.00000000099999999993 0.00000000099999999993 0.00000053142057255077 0.00000000099999999993 
0.00000000099999999953 0.00000000099999999953 0.00000000099999999953 0.00000000099999999953 0.00000000099999999953 0.00000000099999999953 0.00000000099999999953 0.99999999199999989319 0.00000000099999999953 
0.00000000099999999985 0.00000000099999999985 0.00000000099999999985 0.00000000099999999985 0.00000000099999999985 0.00000000099999999985 0.99999999200000000421 0.00000000099999999985 0.00000000099999999985 
0.00000000099999999984 0.00000000099999999984 0.00000000099999999984 0.00000000099999999984 0.99999999200000000421 0.00000000099999999984 0.00000000099999999984 0.00000000099999999984 0.00000000099999999984 
0.00000000099999999988 0.00000000099999999988 0.99999999200000000421 0.00000000099999999988 0.00000000099999999988 0.00000000099999999988 0.00000000099999999988 0.00000000099999999988 0.00000000099999999988 
0.00000000099999999981 0.00000000099999999981 0.00000000099999999981 0.00000000099999999981 0.99999999200000011523 0.00000000099999999981 0.00000000099999999981 0.00000000099999999981 0.00000000099999999981 
0.00000000099999999985 0.00000000099999999985 0.00000000099999999985 0.00000000099999999985 0.99999999200000000421 0.00000000099999999985 0.00000000099999999985 0.00000000099999999985 0.00000000099999999985 
0.00066729655460958401 0.00000000099999999997 0.00303119639539427190 0.53534074945647103227 0.03875809711142625541 0.02038026228148964031 0.39887660853478651424 0.00294578766582272297 0.00000000099999999997 
0.00000000099999999995 0.00289398082575479613 0.00000000099999999995 0.97274729772143830875 0.02434281858725016387 0.00001589786555669748 0.00000000099999999995 0.00000000099999999995 0.00000000099999999995 
0.00000000099999999989 0.00000000099999999989 0.00000000099999999989 0.00000000099999999989 0.99999999200000011523 0.00000000099999999989 0.00000000099999999989 0.00000000099999999989 0.00000000099999999989 
0.00000000099999999984 0.00000000099999999984 0.00000000099999999984 0.00000000099999999984 0.99999999200000000421 0.00000000099999999984 0.00000000099999999984 0.00000000099999999984 0.00000000099999999984 
0.00000000099999999989 0.00000000099999999989 0.00000000099999999989 0.98050285242321288948 0.01949714057678710033 0.00000000099999999989 0.00000000099999999989 0.00000000099999999989 0.00000000099999999989 
0.00000000099999999988 0.00000000099999999988 0.99999999200000000421 0.00000000099999999988 0.00000000099999999988 0.00000000099999999988 0.00000000099999999988 0.00000000099999999988 0.00000000099999999988 
0.00003069703661967045 0.01882514890932113563 0.00000000099999999998 0.47213727406884242743 0.06964995727228819045 0.00000000099999999998 0.43778477287997263900 0.00157214683295604893 0.00000000099999999998 
0.00000000099999999983 0.00000000099999999983 0.00000000099999999983 0.00000000099999999983 0.99999999200000000421 0.00000000099999999983 0.00000000099999999983 0.00000000099999999983 0.00000000099999999983 
0.00000000099999999997 0.02678990416699928573 0.00000000099999999997 0.69199554333719759391 0.01253441449854223073 0.00000000099999999997 0.26868013299726090093 0.00000000099999999997 0.00000000099999999997 
0.00000000099999999991 0.00000000099999999991 0.00000000099999999991 0.99999999200000011523 0.00000000099999999991 0.00000000099999999991 0.00000000099999999991 0.00000000099999999991 0.00000000099999999991 
0.00000000099999999985 0.00000000099999999985 0.00000000099999999985 0.00000000099999999985 0.99999999200000000421 0.00000000099999999985 0.00000000099999999985 0.00000000099999999985 0.00000000099999999985 
0.00000000099999999988 0.00000000099999999988 0.99999999200000011523 0.00000000099999999988 0.00000000099999999988 0.00000000099999999988 0.00000000099999999988 0.00000000099999999988 0.00000000099999999988 
0.00000000099999999991 0.00000000099999999991 0.00000000099999999991 0.00000000099999999991 0.99999999200000011523 0.00000000099999999991 0.00000000099999999991 0.00000000099999999991 0.00000000099999999991 
0.00000000099999999996 0.00124707814531043143 0.00000000099999999996 0.49902960366074511356 0.00000818052162850794 0.00000000099999999996 0.49971513267231598698 0.00000000099999999996 0.00000000099999999996 
0.00000000099999999993 0.04030597699271129541 0.00000000099999999993 0.00000000099999999993 0.00000000099999999993 0.00000000099999999993 0.95969401600728887480 0.00000000099999999993 0.00000000099999999993 
0.00000000099999999988 0.00000000099999999988 0.00000000099999999988 0.99999999200000011523 0.00000000099999999988 0.00000000099999999988 0.00000000099999999988 0.00000000099999999988 0.00000000099999999988 
0.00000000099999999988 0.00000000099999999988 0.99999999200000000421 0.00000000099999999988 0.00000000099999999988 0.00000000099999999988 0.00000000099999999988 0.00000000099999999988 0.00000000099999999988 
0.00000000099999999997 0.00878917810456769644 0.00000000099999999997 0.80591910564315172305 0.04802658858139117332 0.13504381204210338940 0.00222131162878602163 0.00000000099999999997 0.00000000099999999997 
0.00000000099999999995 0.00000000099999999995 0.00000000099999999995 0.42872004101592980918 0.03964393067350733407 0.00000000099999999995 0.53163602231056272807 0.00000000099999999995 0.00000000099999999995 
0.00000000099999999989 0.00000000099999999989 0.00000000099999999989 0.66840291899358628136 0.00000000099999999989 0.00000000099999999989 0.33159707400641386110 0.00000000099999999989 0.00000000099999999989 
0.00000000099999999998 0.00000000099999999998 0.00000000099999999998 0.39175013657351137608 0.00000000099999999998 0.00000000099999999998 0.59797167670561124364 0.00817386896669998822 0.00210431275417729841 
0.00000000099999999997 0.00000000099999999997 0.01795966160530490865 0.00000000099999999997 0.81003061988839619723 0.00694141053185801105 0.16506830297444094469 0.00000000099999999997 0.00000000099999999997 
0.00000000099999999998 0.00000000099999999998 0.86474658684651484197 0.00002915702916046585 0.13522425012432467972 0.00000000099999999998 0.00000000099999999998 0.00000000099999999998 0.00000000099999999998 
0.00000000099999999996 0.03211511877170887541 0.00000000099999999996 0.46981687334384164556 0.00014270544542284834 0.02847644880930219960 0.46944884962972444065 0.00000000099999999996 0.00000000099999999996 
0.00000000099999999974 0.00000000099999999974 0.00000000099999999974 0.00000000099999999974 0.99999999200000000421 0.00000000099999999974 0.00000000099999999974 0.00000000099999999974 0.00000000099999999974 
0.00000000099999999997 0.00000000099999999997 0.00000000099999999997 0.00006852470978640558 0.99992732814450824286 0.00000000099999999997 0.00000414114570548133 0.00000000099999999997 0.00000000099999999997 
0.04672890835668168374 0.00000000099999999997 0.00000000099999999997 0.00000000099999999997 0.57842309276568759646 0.00000000099999999997 0.37484799287763082010 0.00000000099999999997 0.00000000099999999997 
0.00000000099999999998 0.00000000099999999998 0.38137071565841063059 0.00000000099999999998 0.32949473066235995811 0.08000775002637512678 0.20912679865285430103 0.00000000099999999998 0.00000000099999999998 
0.00000000099999999976 0.00000000099999999976 0.00000000099999999976 0.00000000099999999976 0.00000000099999999976 0.00000000099999999976 0.99999999199999989319 0.00000000099999999976 0.00000000099999999976 
0.05229263403032047286 0.00004874960554600948 0.40068802575780848585 0.00000000100000000000 0.04777297888238887791 0.00000001708697370123 0.46667675163704064323 0.03252084099992184202 0.00000000100000000000 
0.00000000099999999996 0.00000000099999999996 0.00000000099999999996 0.40678172215386243504 0.00049602547218906734 0.20861123355945157543 0.38411101381449702652 0.00000000099999999996 0.00000000099999999996 
0.00000000099999999990 0.00000000099999999990 0.00000000099999999990 0.00000000099999999990 0.00000000099999999990 0.00000000099999999990 0.99999999200000000421 0.00000000099999999990 0.00000000099999999990 
