0.00000651125237867658 0.66910537582961349123 0.33088811291800779291 
0.05954680613863522903 0.93842726808277232564 0.00202592577859255722 
0.05249300593820187960 0.93725203173822491109 0.01025496232357329257 
0.03103992733516483873 0.95737218759152376002 0.01158788507331138563 
0.01108859244477116215 0.97888255353706599138 0.01002885401816286035 
0.02702309368751514354 0.96703924802032581454 0.00593765829215907315 
0.99999999800000005656 0.00000000099999999995 0.00000000099999999995 
0.00000000099999999996 0.99999999800000005656 0.00000000099999999996 
0.00737545201665285987 0.99140789135326889969 0.00121665663007809906 
0.99999999800000005656 0.00000000099999999996 0.00000000099999999996 
0.99999843156308931835 0.00000000099999999997 0.00000156743691059756 
0.99999788940937817117 0.00000000099999999998 0.00000210959062176937 
0.70587925052463684761 0.13624447926886060212 0.15787627020650257803 
0.67250839036773113477 0.13430418960662374173 0.19318742002564509574 
0.27541988124301503005 0.21705245364041120260 0.50752766511657376736 
0.99999999799999994554 0.00000000099999999996 0.00000000099999999996 
0.60935115940262152279 0.12580360078237529109 0.26484523981500329715 
0.11097192847745390720 0.61107571020233941717 0.27795236132020673114 
0.00000000099999999991 0.00000000099999999991 0.99999999800000005656 
0.33970068737167502526 0.04343685427046267006 0.61686245835786235325 
0.71029150049752565188 0.10756857251132843911 0.18213992699114597840 
0.99999924089453695597 0.00000000099999999997 0.00000075810546301952 
0.00000000099999999994 0.00000000099999999994 0.99999999800000005656 
0.06151176626927504221 0.93598091741731181958 0.00250731631341313691 
0.99999996130573887143 0.00000000099999999997 0.00000003769426123891 
0.99999999800000005656 0.00000000099999999997 0.00000000099999999997 
0.69685182024087810593 0.14220899054607114009 0.16093918921305072622 
0.03790679688957825783 0.93813287611948581457 0.02396032699093574719 
0.00016463341807550444 0.98506912778112543094 0.01476623880079916927 
0.99999686185085712165 0.00000001930281702135 0.00000311884632583227 
0.89075039180815718254 0.07615895817789426758 0.03309065001394851518 
0.96965809230976773847 0.00000000099999999999 0.03034190669023230716 
0.08963651142492093382 0.91031424808733929499 0.00004924048773968854 
0.00000008859061997848 0.29708460767763938959 0.70291530373174060387 
0.00999163709193163531 0.94836279524655686668 0.04164556766151146505 
0.99986548389855112173 0.00000000099999999998 0.00013451510144891089 
0.00000000099999999994 0.00000000099999999994 0.99999999800000005656 
0.01900228293310528283 0.27382213977279473704 0.70717557729409996625 
0.99996499544026318240 0.00000000099999999999 0.00003500355973684748 
0.99186926763426919162 0.00000000099999999997 0.00813073136573082104 
0.99965391636225764405 0.00000000099999999998 0.00034608263774241828 
0.00000000099999999996 0.99999999800000005656 0.00000000099999999996 
0.08158164389893464430 0.91840921117305696075 0.00000914492800843258 
0.70601161299232872981 0.13693284303007818847 0.15705554397759313723 
0.33919713769729858965 0.59136983193589021113 0.06943303036681124085 
0.00000000099999999995 0.99999999800000005656 0.00000000099999999995 
0.99999373511287359406 0.00000000099999999999 0.00000626388712649031 
0.00000000099999999995 0.99999999799999994554 0.00000000099999999995 
0.00000000099999999997 0.99999999800000005656 0.00000000099999999997 
0.00000000099999999996 0.99999999800000005656 0.00000000099999999996 
0.01800126813377439863 0.95882006865113045269 0.02317866321509511746 
0.00000000099999999993 0.99999999799999994554 0.00000000099999999993 
0.00000000099999999994 0.99999999800000005656 0.00000000099999999994 
0.88877868590031261498 0.00004013684389891644 0.11118117725578847976 
0.03593037124542727834 0.93538941366043615311 0.02868021509413646100 
0.00000001649681299939 0.99999996681647806973 0.00000001668670886500 
0.00000000099999999995 0.99999999800000005656 0.00000000099999999995 
0.00566320399790505927 0.96740663740089238853 0.02693015860120251750 
0.00000000099999999996 0.99999999799999994554 0.00000000099999999996 
0.01542585651431487362 0.97057862591089172355 0.01399551757479346702 
0.02538825280479194146 0.97461174619520807294 0.00000000099999999999 
0.00000000099999999997 0.99999999800000005656 0.00000000099999999997 
0.00000000099999999995 0.99999999799999994554 0.00000000099999999995 
0.06775946944453797860 0.00000938331265192216 0.93223114724281008758 
0.00000939957390792541 0.98552079391703273359 0.01446980650905932766 
0.00000000099999999999 0.98953739607896284980 0.01046260292103707266 
0.00000000099999999996 0.00000000099999999996 0.99999999800000005656 
0.99000392595645481109 0.00000000099999999998 0.00999607304354534557 
0.02859896573614390675 0.96488271870596431512 0.00651831555789182324 
0.00000005357295974435 0.00000000099999999998 0.99999994542704018219 
0.00020932707590088802 0.00000000099999999997 0.99979067192409909470 
0.03751271263680771434 0.00000000099999999998 0.96248728636319214047 
0.70320982602001003148 0.13009849663816350218 0.16669167734182643859 
0.36805897986036623104 0.04439755904634806738 0.58754346109328581260 
0.32679222693256942955 0.22979377171119760859 0.44341400135623304513 
0.65781538126856353710 0.13740174453543946287 0.20478287419599700003 
0.99999996319135742162 0.00000000099999999998 0.00000003580864255926 
0.00000000099999999995 0.00000000099999999995 0.99999999799999994554 
0.40588822213964614871 0.01576183928704873866 0.57834993857330518896 
0.36002458210895749158 0.03926106338202052515 0.60071435450902210818 
0.10159260923827330425 0.00000152344276332777 0.89840586731896343586 
0.51380166645274238935 0.28232162375025338097 0.20387670979700425744 
0.80157923393961105774 0.12063769324915511738 0.07778307281123364447 
0.72048993884525736053 0.15607781260686745539 0.12343224854787522571 
0.00123475571915068446 0.00000000099999999998 0.99876524328084925752 
0.99999998017118452154 0.00000000099999999997 0.00000001882881550493 
0.96715771594504562625 0.00000000099999999999 0.03284228305495445061 
0.74752282844598683109 0.10487586982489276177 0.14760130172912039326 
0.99270099034121472847 0.00000000099999999998 0.00729900865878535619 
0.38438322812713426879 0.03836754281450274057 0.57724922905836306697 
0.65089204612716811127 0.19370652188527157089 0.15540143198756037335 
0.07232325151960630749 0.00000000099999999997 0.92767674748039374855 
0.70068970971401456360 0.15820659200033307390 0.14110369828565239025 
0.95559871628150838685 0.00000000099999999998 0.04440128271849150959 
0.00000000099999999995 0.99999999800000005656 0.00000000099999999995 
0.00000000099999999993 0.99999999800000005656 0.00000000099999999993 
0.00893030831972839619 0.97052861471046691921 0.02054107696980472450 
0.00291232276369069679 0.99707804172565950296 0.00000963551064984217 
0.01420385413855120883 0.03920443290052453428 0.94659171296092425862 
0.05045278397471781445 0.92161594269212532282 0.02793127333315678987 
0.01346898967024564783 0.97202849539464342143 0.01450251493511078849 
0.02700688259437560718 0.11124386630299015755 0.86174925110263433936 
0.15212055228531665141 0.83201314911834378663 0.01586629859633955503 
0.00000000099999999995 0.99999999800000005656 0.00000000099999999995 
0.01387326926990628366 0.16438410016502361111 0.82174263056507002023 
0.92728631956299389927 0.00000000099999999997 0.07271367943700604575 
0.00000000099999999995 0.00000000099999999995 0.99999999800000005656 
0.68380992602577972406 0.12268599640868832479 0.19350407756553206218 
0.99999999799999994554 0.00000000099999999998 0.00000000099999999998 
0.00000055071647896194 0.96197108060945557551 0.03802836867406541449 
0.03515157830395732735 0.77365584742941762020 0.19119257426662497612 
0.02697287425540505906 0.95319457514373606699 0.01983255060085878721 
0.03002171770575652252 0.96435785096577542053 0.00562043132846801619 
0.05122114860151793375 0.94877800182596661038 0.00000084957251554186 
0.00142772548022934340 0.99857221272752028085 0.00000006179225047900 
0.98458330577529162841 0.00000000099999999998 0.01541669322470844844 
0.68266513464282796431 0.13396038484175512573 0.18337448051541688221 
0.98981880211491668486 0.00000000099999999998 0.01018119688508323760 
0.99988593832578898102 0.00000000099999999999 0.00011406067421108559 
0.73961306375332591667 0.09922374059332819685 0.16116319565334588648 
0.00000000099999999993 0.00000000099999999993 0.99999999799999994554 
0.00000000099999999995 0.00000000099999999995 0.99999999799999994554 
0.99999999799999994554 0.00000000099999999996 0.00000000099999999996 
0.99999999800000005656 0.00000000099999999996 0.00000000099999999996 
0.99990129779617287209 0.00000000099999999997 0.00009870120382716038 
0.00000013809461766128 0.00000000099999999996 0.99999986090538239836 
0.03549345952627537548 0.00000000099999999999 0.96450653947372455566 
0.99999999800000005656 0.00000000099999999996 0.00000000099999999996 
0.73382164992774889800 0.11100620451605613948 0.15517214555619501803 
0.93576574037772364267 0.00000004805305730918 0.06423421156921890751 
0.00000000099999999993 0.00000000099999999993 0.99999999799999994554 
0.99987589392150633127 0.00000000099999999997 0.00012410507849379648 
0.04518898634639004902 0.93403144668386905991 0.02077956696974090495 
0.11860941835838621772 0.00000000099999999998 0.88139058064161379669 
0.11119088051921802163 0.88788804598368664678 0.00092107349709516072 
0.00000000099999999995 0.00000000099999999995 0.99999999800000005656 
0.99990606028296391550 0.00000000099999999998 0.00009393871703603730 
0.99999999800000005656 0.00000000099999999997 0.00000000099999999997 
0.00000000099999999995 0.00000000099999999995 0.99999999800000005656 
0.99999999800000005656 0.00000000099999999996 0.00000000099999999996 
0.68473440222635562069 0.24624027720676230913 0.06902532056688222284 
0.00000000099999999996 0.00000000099999999996 0.99999999799999994554 
0.99831935508482183561 0.00000000099999999999 0.00168064391517825816 
0.00000000099999999998 0.99999999799999994554 0.00000000099999999998 
0.00000000099999999999 0.27857132453430955010 0.72142867446569047818 
0.00000102083800944059 0.98289877467450204040 0.01710020448748850175 
0.00000079037253237932 0.97669478220988903416 0.02330442741757857150 
0.00091779590401804944 0.96016311827593503470 0.03891908582004678652 
0.02256422047104562206 0.96250448922796982831 0.01493129030098448370 
0.02011592103573302606 0.94853397086627455614 0.03135010809799234494 
0.09889152125189781817 0.86602632846698412994 0.03508215028111807965 
0.00007872375971442865 0.97529062249440356958 0.02463065374588200435 
0.00000000099999999994 0.00000000099999999994 0.99999999800000005656 
0.02259795999184690748 0.96001725928419157086 0.01738478072396153207 
0.00000000099999999999 0.26757945129128146711 0.73242054770871867220 
0.00001355558021407125 0.97729257469841002148 0.02269386972137592273 
0.00000000099999999994 0.99999999800000005656 0.00000000099999999994 
0.99999999800000005656 0.00000000099999999996 0.00000000099999999996 
0.00000000099999999994 0.99999999800000005656 0.00000000099999999994 
0.00000000099999999994 0.99999999800000005656 0.00000000099999999994 
0.05217182577280122385 0.92441050667992619161 0.02341766754727253250 
0.01639021355473830460 0.95466879523619119219 0.02894099120907041300 
0.00000000099999999997 0.99999999800000005656 0.00000000099999999997 
0.00000000099999999995 0.99999999799999994554 0.00000000099999999995 
0.01769133840728240314 0.96174377144189748812 0.02056489015082018854 
0.99999975188063594533 0.00000000099999999997 0.00000024711936417544 
0.01988919350418807616 0.94007873853724088775 0.04003206795857106037 
0.00000000099999999995 0.99999999800000005656 0.00000000099999999995 
0.03891245711553220632 0.93420328916042993939 0.02688425372403784736 
0.03146655736100204687 0.96715848054352548946 0.00137496209547250878 
0.00000093043570324795 0.99999906856429676694 0.00000000099999999999 
0.99999999800000005656 0.00000000099999999997 0.00000000099999999997 
0.00000000099999999997 0.99999999800000005656 0.00000000099999999997 
0.02143466435197491360 0.95726416331264774229 0.02130117233537726085 
0.05333845539071249697 0.91696990393912836126 0.02969164067015910360 
0.04146134940106537686 0.95853458345699649179 0.00000406714193807203 
0.99999999799999994554 0.00000000099999999996 0.00000000099999999996 
0.09166719963629917090 0.85938408336053195846 0.04894871700316889146 
0.04201009386155003800 0.95798501410991443450 0.00000489202853550736 
0.02930375949039201039 0.97044167107186263266 0.00025456943774538194 
0.00159652310894720637 0.95483002569928099312 0.04357345119177187531 
0.03162951541736039318 0.96837048358263966286 0.00000000099999999999 
0.87103966772460239554 0.12895617983883000957 0.00000415243656766605 
0.06795709403598487741 0.91136856881904071415 0.02067433714497451600 
0.00000000099999999993 0.99999999799999994554 0.00000000099999999993 
0.00000489655797685988 0.99996468273481908806 0.00003042070720412098 
0.00000060356084229309 0.94887960550829408835 0.05111979093086360670 
0.46005027285803518078 0.53994920875942453709 0.00000051838254027827 
0.00105732797276172127 0.99887610772626267419 0.00006656430097560222 
0.43021067758157482963 0.48243895972761036139 0.08735036269081486449 
0.12740155765215446793 0.83749008927460211194 0.03510835307324333687 
0.03783366760730511730 0.95760177632193144159 0.00456455607076338993 
0.39598711371120121072 0.60401283184613707711 0.00000005444266179665 
0.03193604646248168061 0.96797790894403956674 0.00008604459347860691 
0.00021156217217173503 0.17631918455704703730 0.82346925327078113188 
0.70427113991253020853 0.12521678005139452727 0.17051208003607526420 
0.03469904405100482370 0.96515724169786221154 0.00014371425113299041 
0.00000000099999999997 0.99999999799999994554 0.00000000099999999997 
0.00000000099999999998 0.99999999799999994554 0.00000000099999999998 
0.00000000099999999994 0.99999999799999994554 0.00000000099999999994 
0.00000000099999999999 0.32147944600419053884 0.67852055299580937842 
0.03346142729894348994 0.94548829978511161887 0.02105027291594484956 
0.00000002843998870399 0.98150848971620718864 0.01849148184380420071 
0.00000000099999999998 0.99999999800000005656 0.00000000099999999998 
0.04210117276569953770 0.95789873973558337106 0.00000008749871699647 
0.00000000099999999995 0.99999999799999994554 0.00000000099999999995 
0.00000000099999999999 0.26960143711916301212 0.73039856188083696065 
0.00000000099999999996 0.99999999800000005656 0.00000000099999999996 
0.00000000099999999997 0.99999999799999994554 0.00000000099999999997 
0.00000000099999999999 0.29320504855608897632 0.70679495044391105196 
0.00000000131380151379 0.32830174960746077995 0.67169824907873776354 
0.01622154404462388538 0.95242090411969659858 0.03135755183567952298 
0.00000000099999999993 0.99999999799999994554 0.00000000099999999993 
0.00861313479181001658 0.95630843450745406376 0.03507843070073593528 
0.00000000099999999995 0.99999999799999994554 0.00000000099999999995 
