0.32615912858807905028 0.00037519058565181856 0.67346564485079907225 0.00000003597546993256 
0.00000148074800606376 0.01303717146867801324 0.93253117583703304394 0.05443017194628285704 
0.01654931399875483183 0.00000000129063330543 0.93720050335331628322 0.04625018135729559721 
0.01555270708461860621 0.00060892718776127484 0.95732948050160937559 0.02650888522601080322 
0.01437636200251927142 0.00000494102233806379 0.97776546605784697697 0.00785323091729569697 
0.01063635730102246817 0.00000000099999999999 0.96528586894213075364 0.02407777275684692270 
0.00000000099999999994 0.00000000099999999994 0.00000000099999999994 0.99999999699999997382 
0.00000000099999999995 0.00000000099999999995 0.99999999699999986280 0.00000000099999999995 
0.00000000099999999998 0.03685022164371811598 0.96314977635628185038 0.00000000099999999998 
0.00000000099999999995 0.00000000099999999995 0.00000000099999999995 0.99999999700000008485 
0.00000000099999999996 0.00000000099999999996 0.00000000099999999996 0.99999999699999997382 
0.00000000654992739746 0.00000000099999999998 0.00000000099999999998 0.99999999145007267831 
0.13333761462537840892 0.02397881798254919428 0.13237475981694132865 0.71030880757513104040 
0.19726229251257718089 0.00000000099999999999 0.13603196388071511769 0.66670574260670767419 
0.50016792234480200730 0.00895988691799643779 0.22217365320698403974 0.26869853753021760712 
0.00000000099999999994 0.00000000099999999994 0.00000000099999999994 0.99999999700000008485 
0.27264334003978296650 0.00000000099999999999 0.12916161822580668472 0.59819504073441043257 
0.27689165244357416551 0.00000145693732586566 0.61475792607624080155 0.10834896454285923573 
0.99999999699999997382 0.00000000099999999987 0.00000000099999999987 0.00000000099999999987 
0.61256244706099338693 0.00015956472888932819 0.04924907753178974640 0.33802891067832752103 
0.16836929715519394213 0.01421431807922956224 0.10630659363958365471 0.71110979112599281837 
0.00000000099999999996 0.00000000099999999996 0.00000000099999999996 0.99999999700000008485 
0.99999999700000008485 0.00000000099999999990 0.00000000099999999990 0.00000000099999999990 
0.00284132502744818133 0.00470323145300137815 0.93278589755498009239 0.05966954596457024751 
0.00000000099999999996 0.00000000099999999996 0.00000000099999999996 0.99999999700000008485 
0.00000000099999999996 0.00000000099999999996 0.00000000099999999996 0.99999999700000008485 
0.12602389310081860141 0.04204946434047858450 0.13171781367129675733 0.70020882888740609840 
0.02483592609519076969 0.00457383820375228782 0.93538324532319483406 0.03520699037786213792 
0.01694433762254193843 0.00000043265373835520 0.98305522791690769235 0.00000000180681199284 
0.00000000099999999999 0.00000000099999999999 0.00000004163855312275 0.99999995636144689559 
0.03276638825304086650 0.00432236485157322468 0.07406549596770439781 0.88884575092768147719 
0.01775986447071796481 0.01535971203946373022 0.00000000099999999998 0.96688042248981820315 
0.00000000099999999999 0.02199695979359736139 0.89912912739129746686 0.07887391181510504390 
0.00000000099999999990 0.99999999700000008485 0.00000000099999999990 0.00000000099999999990 
0.00022737484860320628 0.05744737383903480987 0.93100736668362493731 0.01131788462873698116 
0.00012375073641261933 0.00000001320057154924 0.00000000099999999998 0.99987623506301581688 
0.99999999699999997382 0.00000000099999999993 0.00000000099999999993 0.00000000099999999993 
0.00000000099999999984 0.99999999700000008485 0.00000000099999999984 0.00000000099999999984 
0.00000370095995129042 0.00000000099999999998 0.00000000099999999998 0.99999629704004866504 
0.01507733540597229992 0.00000000099999999997 0.00000000099999999997 0.98492266259402760920 
0.00282110052845200134 0.00000000099999999996 0.00000000099999999996 0.99717889747154797586 
0.00000000099999999995 0.00000000099999999995 0.99999999699999986280 0.00000000099999999995 
0.00000001272726271521 0.00582925795529665430 0.91590716451078979521 0.07826356480665090654 
0.12543803865545555265 0.03750793566477127194 0.12720879136517379560 0.70984523431459933818 
0.04789646356871025967 0.03378885340478006427 0.57952102982102771112 0.33879365320548193719 
0.00000000099999999993 0.00000000099999999993 0.99999999699999997382 0.00000000099999999993 
0.00000000099999999998 0.00823676716564662043 0.00000000099999999998 0.99176323083435335981 
0.00000000099999999994 0.00000000099999999994 0.99999999699999997382 0.00000000099999999994 
0.00000000099999999997 0.00000000099999999997 0.99999999699999997382 0.00000000099999999997 
0.00000000099999999995 0.00000000099999999995 0.99999999699999997382 0.00000000099999999995 
0.00012635061947133827 0.05099018889621058370 0.93758369121039397687 0.01129976927392408077 
0.00000000099999999991 0.00000000099999999991 0.99999999699999986280 0.00000000099999999991 
0.00000000099999999991 0.00000000099999999991 0.99999999699999986280 0.00000000099999999991 
0.08955934619714853162 0.02072306606758012384 0.00000405999881593877 0.88971352773645540069 
0.02783619924252985281 0.01051371099136604904 0.93101497721732640045 0.03063511254877770290 
0.00000000099999999999 0.00957838099193405318 0.99042161700806596869 0.00000000099999999999 
0.00000000099999999994 0.00000000099999999994 0.99999999699999997382 0.00000000099999999994 
0.00646998284477125207 0.04665757843515081632 0.94682214243898721318 0.00005029628109076361 
0.00000000099999999995 0.00000000099999999995 0.99999999699999997382 0.00000000099999999995 
0.01270268542819024543 0.00279423491859589557 0.96893480309131163608 0.01556827656190221815 
0.00000000099999999999 0.01191689716503166636 0.96771655755636976082 0.02036654427859863059 
0.00000000099999999996 0.00272608227806870598 0.99727391572193135882 0.00000000099999999996 
0.00000000099999999994 0.00000000099999999994 0.99999999699999997382 0.00000000099999999994 
0.92854360891315135262 0.00000000099999999999 0.00000001343411094903 0.07145637665273776862 
0.01388333312535391419 0.00564652291871451262 0.98047014295593160060 0.00000000100000000000 
0.00082823494851538414 0.02166409191871362244 0.97750767213277089951 0.00000000099999999999 
0.99999999699999997382 0.00000000099999999994 0.00000000099999999994 0.00000000099999999994 
0.00088798601935117930 0.00593047998540901112 0.00000000099999999998 0.99318153299523981303 
0.00247885657624542831 0.01519611854505104227 0.95723343517394854363 0.02509158970475489428 
0.99999999700000008485 0.00000000099999999996 0.00000000099999999996 0.00000000099999999996 
0.99999999421271634770 0.00000000099999999995 0.00000000099999999995 0.00000000378728362458 
0.97943657726162514088 0.00000000099999999998 0.00000000099999999998 0.02056342073837482201 
0.16887374642361802080 0.00000000099999999999 0.13170859087937183962 0.69941766169701014011 
0.53468616189854079046 0.05667016944194263467 0.03763657738842816208 0.37100709127108838503 
0.41999540268686519351 0.03029666617508211882 0.22667276464714833373 0.32303516649090419088 
0.17233972328663435536 0.03569225833300416345 0.12990356283640572266 0.66206445554395587649 
0.00000000099999999996 0.00000000099999999996 0.00000000099999999996 0.99999999700000008485 
0.99999999700000008485 0.00000000099999999993 0.00000000099999999993 0.00000000099999999993 
0.50874214932026395886 0.08265183468053496907 0.00000168574631309680 0.40860433025288794839 
0.54001545973213171958 0.07420795178628891708 0.02361973372539555999 0.36215685475618386580 
0.86982705885839994853 0.03602202497388877489 0.00000000100000000000 0.09415091516771123548 
0.17421724240638797321 0.03486268573859161585 0.27439747201457503900 0.51652259984044535113 
0.07272245098545411512 0.01285513531974390340 0.11663308876653018242 0.79778932492827192569 
0.10608728309837946180 0.01738239225323188336 0.15220494019359614990 0.72432538445479255351 
0.99401674086649027817 0.00597776681052852952 0.00000000099999999999 0.00000549132298129877 
0.00000000099999999996 0.00000000099999999996 0.00000000099999999996 0.99999999699999997382 
0.03895792756866717221 0.00000000099999999998 0.00000000099999999998 0.96104207043133293986 
0.12346593784894893675 0.02732227299027398942 0.09798165451708618079 0.75123013464369092773 
0.00916393166926582348 0.00000089277762422779 0.00000000099999999998 0.99083517455310998745 
0.53110742834761459630 0.05025367032959249941 0.03100657603720844216 0.38763232528558438927 
0.14451407315721251368 0.00758571764356319195 0.19409545116527304742 0.65380475803395132761 
0.93669122639740098890 0.00000000099999999996 0.00000000099999999996 0.06330877160259902603 
0.10271014125057946476 0.04762940603671778073 0.14456705063681576928 0.70509340207588699911 
0.04717591776151674327 0.00000000099999999998 0.00000000099999999998 0.95282408023848319534 
0.00000000099999999993 0.00000000099999999993 0.99999999699999997382 0.00000000099999999993 
0.00000000099999999990 0.00000000099999999990 0.99999999699999997382 0.00000000099999999990 
0.00000000099999999999 0.06065872773490620096 0.93934127026509361968 0.00000000099999999999 
0.00000000099999999999 0.02719954853860770752 0.97280044946139232476 0.00000000099999999999 
0.91586321221428435013 0.05014015452393685152 0.03062401255919910276 0.00337262070257981442 
0.02530372397498825005 0.01209121790995913714 0.91675708104884090499 0.04584797706621172864 
0.00803735431570148234 0.02034348982824266475 0.96366687827087404994 0.00795227758518179777 
0.85590150870041736830 0.01095175311706319404 0.11558009315763531633 0.01756664502488410398 
0.00018564365602551840 0.03599919256628408837 0.81596873863555452466 0.14784642514213583442 
0.00000000099999999994 0.00000000099999999994 0.99999999699999997382 0.00000000099999999994 
0.83040553523849280904 0.00000000100000000000 0.16812757146634438321 0.00146689229516283734 
0.08820817702451883013 0.00000000099999999995 0.00000000099999999995 0.91179182097548105990 
0.99999999700000008485 0.00000000099999999993 0.00000000099999999993 0.00000000099999999993 
0.17024637399147410366 0.01667465549993962445 0.12038705216088101124 0.69269191834770538208 
0.00000000099999999997 0.00000000099999999997 0.00000000099999999997 0.99999999699999997382 
0.03329322330277831310 0.01119135353809978112 0.95551542215912199651 0.00000000099999999999 
0.19036695124124383693 0.01770859597773057417 0.77056000670536950459 0.02136444607565613288 
0.02408762863480067365 0.00005532023446551921 0.95383870069304965700 0.02201835043768423164 
0.00905337192189641093 0.00000315571988571008 0.96412740347373371286 0.02681606888448414064 
0.00000000130927001033 0.00586407592883643122 0.94532567598916261709 0.04881024677273092249 
0.00000000099999999999 0.01088887921218933096 0.98911097620897936444 0.00000014357883119934 
0.02169808624472335107 0.00000000099999999997 0.00000000099999999997 0.97830191175527658753 
0.15431474143982013003 0.03461504896068896830 0.12657574598677659439 0.68449446361271437667 
0.01804009957692638902 0.00000000099999999996 0.00000000099999999996 0.98195989842307362938 
0.00003477118959839149 0.00000000099999999998 0.00000000099999999998 0.99996522681040167502 
0.14585314938057181156 0.02015975784244154051 0.09368521128442369728 0.74030188149256304087 
0.99999999699999997382 0.00000000099999999990 0.00000000099999999990 0.00000000099999999990 
0.99999999700000008485 0.00000000099999999994 0.00000000099999999994 0.00000000099999999994 
0.00000000099999999994 0.00000000099999999994 0.00000000099999999994 0.99999999700000008485 
0.00000000099999999995 0.00000000099999999995 0.00000000099999999995 0.99999999700000008485 
0.00006032403154301937 0.00000000099999999996 0.00000000099999999996 0.99993967396845706563 
0.99999999687687590733 0.00000000099999999995 0.00000000099999999995 0.00000000112312405586 
0.96492819754674341581 0.00000450473900677187 0.00000000099999999999 0.03506729671424978212 
0.00000000099999999995 0.00000000099999999995 0.00000000099999999995 0.99999999700000008485 
0.13545108621387613734 0.02081807111999274887 0.10646774414614619542 0.73726309851998483857 
0.03900896531699929448 0.03389433950294141323 0.00000000099999999999 0.92709669418005935526 
0.99999999699999997382 0.00000000099999999992 0.00000000099999999992 0.00000000099999999992 
0.00157983680438262414 0.00000000099999999996 0.00000000099999999996 0.99842016119561738385 
0.00954847329774445759 0.02717633074294330611 0.92156590006149174954 0.04170929589782051972 
0.87658146373235534821 0.00369763898819525094 0.00000000099999999998 0.11972089627944934587 
0.00000000100000000000 0.03488744421185987349 0.86787508470360275048 0.09723747008453739737 
0.99999999699999997382 0.00000000099999999992 0.00000000099999999992 0.00000000099999999992 
0.00003176932958455808 0.00000000099999999997 0.00000000099999999997 0.99996822867041545990 
0.00000000099999999995 0.00000000099999999995 0.00000000099999999995 0.99999999700000008485 
0.99999999699999997382 0.00000000099999999994 0.00000000099999999994 0.00000000099999999994 
0.00000000099999999995 0.00000000099999999995 0.00000000099999999995 0.99999999700000008485 
0.01344121501787471674 0.07727902921766638400 0.21737171823095105538 0.69190803753350793581 
0.99999999699999997382 0.00000000099999999995 0.00000000099999999995 0.00000000099999999995 
0.00485011099028935695 0.00000000099999999999 0.00000000099999999999 0.99514988700971063196 
0.00000000099999999998 0.00197732201003028747 0.99802267598996974307 0.00000000099999999998 
0.00000000099999999981 0.99999999699999997382 0.00000000099999999981 0.00000000099999999981 
0.00538660792531725757 0.02364249015112098243 0.97097090092356175273 0.00000000100000000000 
0.01410900889820104233 0.01711902917578738206 0.96877196092601158828 0.00000000099999999999 
0.03840539911381017635 0.00341150760059585065 0.95818231083989335861 0.00000078244570055711 
0.01482563919244213151 0.00949459427612223995 0.95804893231190013658 0.01763083421953551624 
0.03901931360660085973 0.00000000100000000000 0.94942480569116860512 0.01155587970223051660 
0.02659416286023158146 0.02066979651989422212 0.85701318785819269319 0.09572285276168143731 
0.01953094225208356141 0.01136709998028810793 0.96910195405271326585 0.00000000371491511925 
0.99999999699999997382 0.00000000099999999990 0.00000000099999999990 0.00000000099999999990 
0.00003352707785174838 0.02624933259827433307 0.95183011789817784098 0.02188702242569615444 
0.00000000099999999982 0.99999999699999997382 0.00000000099999999982 0.00000000099999999982 
0.01359616505276197915 0.02081639058451296639 0.96558744336272495090 0.00000000100000000000 
0.00000000099999999992 0.00000000099999999992 0.99999999699999986280 0.00000000099999999992 
0.00000000099999999995 0.00000000099999999995 0.00000000099999999995 0.99999999699999997382 
0.00000000099999999992 0.00000000099999999992 0.99999999699999997382 0.00000000099999999992 
0.00000000099999999992 0.00000000099999999992 0.99999999699999997382 0.00000000099999999992 
0.02052094418370631335 0.00930407232002979263 0.91989722855850686312 0.05027775493775710203 
0.02543292366817513986 0.01087418542560578821 0.95176338321003506326 0.01192950769618405203 
0.00000000099999999995 0.00000000099999999995 0.99999999699999997382 0.00000000099999999995 
0.00000000099999999993 0.00000000099999999993 0.99999999699999997382 0.00000000099999999993 
0.00280815334913152911 0.03098124620802990281 0.95444053919643623285 0.01177006124640237947 
0.00000000099999999995 0.00000000099999999995 0.00000000099999999995 0.99999999700000008485 
0.03021013321662601239 0.02369219753234471162 0.93106647801263253683 0.01503119123839667844 
0.00000000099999999993 0.00000000099999999993 0.99999999699999997382 0.00000000099999999993 
0.01964452118930002170 0.02178821860235082356 0.92289580936223736263 0.03567145084611182682 
0.00006877038796353961 0.01425151773094990998 0.95958517583601787848 0.02609453604506862742 
0.00000000099999999999 0.00000000488388508598 0.99999999234641390178 0.00000000176970105355 
0.00000000099999999996 0.00000000099999999996 0.00000000099999999996 0.99999999700000008485 
0.00000000099999999997 0.00000000099999999997 0.99999999699999986280 0.00000000099999999997 
0.02522701080087236258 0.00022694369103350455 0.95621300014026600067 0.01833304536782799990 
0.02529454494143839813 0.01324987247962355549 0.90989797018301410425 0.05155761239592383111 
0.00000013652992464925 0.00263473660260340938 0.95592296253839947884 0.04144216432907239095 
0.00000000099999999994 0.00000000099999999994 0.00000000099999999994 0.99999999700000008485 
0.04784529778835635433 0.01226181083597039506 0.85331692100122713551 0.08657597037444614285 
0.00000000099999999999 0.02784525314885354791 0.94201223413311474530 0.03014251171803181140 
0.00000000100000000000 0.02816827372004356705 0.95417622319888439897 0.01765550208107201022 
0.00966949740019814978 0.05616243183165706143 0.93416187133977535151 0.00000619942836941451 
0.00000000099999999998 0.00000000099999999998 0.96592687389064091352 0.03407312410935915692 
0.00000000100000000000 0.00165674608799492532 0.12760277676372364097 0.87074047614828153918 
0.01765895520836475302 0.00833029232659713258 0.90804365254591845602 0.06596709991911954563 
0.00000000099999999991 0.00000000099999999991 0.99999999699999997382 0.00000000099999999991 
0.00000000099999999999 0.00865737758321874495 0.99134262041678111732 0.00000000099999999999 
0.05322373785866550688 0.00000000099999999999 0.94677626014133453580 0.00000000099999999999 
0.00000000100000000000 0.00049364460202109542 0.53837738360393738724 0.46112897079404152612 
0.00000000099999999999 0.02413095811492087239 0.97586903988507900376 0.00000000099999999999 
0.06171226623650981347 0.03674281400216446863 0.47070037312159473952 0.43084454663973098532 
0.02434409137136397949 0.02289657638135746132 0.82693405805377739881 0.12582527419350106324 
0.00500580510179244546 0.00749430813040566877 0.95279974203493789098 0.03470014473286393147 
0.00000000100000000000 0.00001569059225011347 0.60400689987516287260 0.39597740853258689420 
0.00000357007315803165 0.00032369608689863103 0.96836076791755409943 0.03131196592238923160 
0.81985077363222769176 0.00000000099999999999 0.18014922436777230930 0.00000000099999999999 
0.14436707760934297529 0.02514480425257130045 0.12101496146322400504 0.70947315667486177126 
0.00000000100000000000 0.01166950993887184637 0.95742807550876851685 0.03090241355235951587 
0.00000000099999999996 0.00000000099999999996 0.99999999699999997382 0.00000000099999999996 
0.00000000099999999997 0.00000000099999999997 0.99999999699999986280 0.00000000099999999997 
0.00000000099999999993 0.00000000099999999993 0.99999999699999997382 0.00000000099999999993 
0.00000000099999999993 0.99999999700000008485 0.00000000099999999993 0.00000000099999999993 
0.02173703522310005756 0.00016468347077906238 0.94429179794610185184 0.03380648336001896431 
0.00632733099365402618 0.01976822359047469835 0.97390444441587120661 0.00000000099999999999 
0.00000000099999999997 0.01023647836204660128 0.98976351963795328182 0.00000000099999999997 
0.00000000099999999999 0.03218570859975571768 0.93998447780067306834 0.02782981259957122491 
0.00000000099999999993 0.00000000099999999993 0.99999999699999986280 0.00000000099999999993 
0.00000000099999999982 0.99999999699999997382 0.00000000099999999982 0.00000000099999999982 
0.00000000099999999995 0.00000000099999999995 0.99999999699999997382 0.00000000099999999995 
0.00000000099999999996 0.00000000099999999996 0.99999999699999986280 0.00000000099999999996 
0.00000000099999999981 0.99999999699999997382 0.00000000099999999981 0.00000000099999999981 
0.00000000099999999990 0.99999999700000008485 0.00000000099999999990 0.00000000099999999990 
0.02143346775442945759 0.02128788273646205209 0.94429155084196014780 0.01298709866714833905 
0.00000000099999999990 0.00000000099999999990 0.99999999699999997382 0.00000000099999999990 
0.00977066350890622680 0.04896606398094892343 0.93140268814629745275 0.00986058436384737967 
0.00000000099999999995 0.00000371750726751858 0.99999628049273248109 0.00000000099999999995 
