0.10362612371056928451 0.32969523655442489751 0.00000000100000000000 0.56517781742079853391 0.00150082131420731929 
0.99490548256285527007 0.00000000099999999999 0.00508877479486038575 0.00000574064228424511 0.00000000099999999999 
0.82853331698232512981 0.00323090428829191220 0.02269304424789055433 0.14554273348149227019 0.00000000099999999999 
0.93210450419195856053 0.00000000099999999998 0.00000000099999999998 0.06789549280804155207 0.00000000099999999998 
0.89137598840983189863 0.00000000099999999997 0.00000000099999999997 0.10862400859016811683 0.00000000099999999997 
0.99999617610601576612 0.00000000099999999996 0.00000000099999999996 0.00000382089398423415 0.00000000099999999996 
0.00000000099999999991 0.00000000099999999991 0.99999999599999989108 0.00000000099999999991 0.00000000099999999991 
0.00000000099999999992 0.00000000099999999992 0.00000000099999999992 0.99999999600000000211 0.00000000099999999992 
0.91854859574199143601 0.00000000099999999996 0.00000000099999999996 0.06726377283567096244 0.01418762942233765985 
0.00000000099999999992 0.00000000099999999992 0.99999999599999989108 0.00000000099999999992 0.00000000099999999992 
0.00000000099999999994 0.00000000099999999994 0.99999999600000000211 0.00000000099999999994 0.00000000099999999994 
0.00000000099999999996 0.00000000099999999996 0.99999999600000000211 0.00000000099999999996 0.00000000099999999996 
0.15769914422938113852 0.13552295391296204086 0.69112691570101425498 0.00000000554298008216 0.01565098061366249418 
0.14215704794685057877 0.19575810592040626679 0.66206251909939506373 0.00002232603334792530 0.00000000099999999999 
0.00116634901655793721 0.50828855937230366102 0.27438481016501103937 0.20885779902543799569 0.00730248242068921426 
0.00000000099999999992 0.00000000099999999992 0.99999999599999989108 0.00000000099999999992 0.00000000099999999992 
0.02277462446522140679 0.27504713135929809154 0.59498388270095259323 0.10719436047452771121 0.00000000099999999999 
0.08283388894233856270 0.28537269284563732130 0.10671561446386547412 0.52507779386961683787 0.00000000987854177031 
0.00000000099999999981 0.99999999600000000211 0.00000000099999999981 0.00000000099999999981 0.00000000099999999981 
0.05786225250960592287 0.61648612245686218447 0.32565145169024467542 0.00000004259186669337 0.00000013075142052438 
0.13553023106059522429 0.17520968138102813172 0.68619513397011322464 0.00000000099999999999 0.00306495258826343419 
0.00000000099999999994 0.00000000099999999994 0.99999999599999989108 0.00000000099999999994 0.00000000099999999994 
0.00000000099999999986 0.99999999600000000211 0.00000000099999999986 0.00000000099999999986 0.00000000099999999986 
0.86420842139273001958 0.00000000099999999999 0.02529119824212000545 0.11050037836514993439 0.00000000099999999999 
0.00000000099999999994 0.00000000099999999994 0.99999999600000000211 0.00000000099999999994 0.00000000099999999994 
0.00000000099999999994 0.00000000099999999994 0.99999999600000000211 0.00000000099999999994 0.00000000099999999994 
0.15829741850216455523 0.12836215883693063988 0.67731877853036881465 0.00000000099999999999 0.03602164313053598382 
0.94949189842055214950 0.01768940992528697867 0.00000000100000000000 0.02799123584188472832 0.00482745481227621689 
0.92750126700622070874 0.00000000099999999996 0.00000000099999999996 0.07249872999377932059 0.00000000099999999996 
0.00000000099999999998 0.00000000099999999998 0.99810513264071087924 0.00189486435928895602 0.00000000099999999998 
0.00000000100000000000 0.03225629528488242748 0.88786284615298305400 0.07960635378899372228 0.00027450377314085716 
0.00000000099999999997 0.01870747579579924366 0.96669975421843823415 0.00000000099999999997 0.01459276798576256660 
0.92052205082664317892 0.00000000099999999999 0.05214983184767294638 0.02121507827534586596 0.00611303805033818013 
0.00000000099999999986 0.00000000099999999986 0.00000000099999999986 0.00000000099999999986 0.99999999600000000211 
0.85033417105412689718 0.00000000100000000000 0.00000000168094180665 0.10792660255162402072 0.04173922371330734959 
0.00000000099999999996 0.00001407006123676881 0.99998592693876331428 0.00000000099999999996 0.00000000099999999996 
0.00000000099999999990 0.99999999600000000211 0.00000000099999999990 0.00000000099999999990 0.00000000099999999990 
0.00000000099999999978 0.00000000099999999978 0.00000000099999999978 0.00000000099999999978 0.99999999600000000211 
0.00000000099999999997 0.00000000531621028110 0.99999999168378972403 0.00000000099999999997 0.00000000099999999997 
0.00000000099999999994 0.01431116306388697038 0.98568883393611295141 0.00000000099999999994 0.00000000099999999994 
0.00000000099999999994 0.00308958591992276790 0.99691041108007727445 0.00000000099999999994 0.00000000099999999994 
0.00000000099999999993 0.00000000099999999993 0.00000000099999999993 0.99999999600000000211 0.00000000099999999993 
0.06314885168611154842 0.00000000100000000000 0.08924131692325514009 0.84174252831348872483 0.00586730207714458978 
0.15086306134289978464 0.12858147866877969734 0.69291230696666739064 0.00000003819137872930 0.02764311483027444283 
0.62399815180706641460 0.04480829444160053243 0.30818379174156551592 0.00433921541357458300 0.01867054659619287252 
0.00000000099999999993 0.00000000099999999993 0.00000000099999999993 0.99999999600000000211 0.00000000099999999993 
0.00000000099999999998 0.00000000099999999998 0.99159528337799840436 0.00000000099999999998 0.00840471362200158681 
0.00000000099999999992 0.00000000099999999992 0.00000000099999999992 0.99999999599999989108 0.00000000099999999992 
0.00000000099999999995 0.00000000099999999995 0.00000000099999999995 0.99999999599999989108 0.00000000099999999995 
0.00000000099999999993 0.00000000099999999993 0.00000000099999999993 0.99999999599999989108 0.00000000099999999993 
0.85544894094683399111 0.00000000099999999998 0.00000000099999999998 0.11901605556741978731 0.02553500148574637876 
0.00000000099999999989 0.00000000099999999989 0.00000000099999999989 0.99999999599999989108 0.00000000099999999989 
0.00150497863776823831 0.00000000099999999992 0.00000000099999999992 0.99849501836223186757 0.00000000099999999992 
0.01369577772389438813 0.09218976300175638072 0.87696467332441330189 0.00000000099999999999 0.01714978494993595753 
0.81222788292683345546 0.01799286844817451700 0.00018591251371124050 0.16959258108919764152 0.00000075502208324559 
0.39363277453349082569 0.00000000099999999999 0.00000000099999999999 0.60368287346181659370 0.00268435000469250448 
0.00016504196003280986 0.00000000099999999995 0.00000000099999999995 0.99983495503996711040 0.00000000099999999995 
0.99425695397348445859 0.00000000099999999997 0.00000000099999999997 0.00003570337134336907 0.00570734065517223329 
0.00050495539799062577 0.00000000099999999994 0.00000000099999999994 0.99949504160200930425 0.00000000099999999994 
0.99999999347543011563 0.00000000099999999995 0.00000000099999999995 0.00000000352456997909 0.00000000099999999995 
0.96619657036491490842 0.00000000099999999995 0.00000000099999999995 0.03380342663508514173 0.00000000099999999995 
0.03850578594881731015 0.00000000099999999997 0.00000000099999999997 0.96149421105118260122 0.00000000099999999997 
0.00000000099999999994 0.00000000099999999994 0.00000000099999999994 0.99999999599999989108 0.00000000099999999994 
0.00000000099999999999 0.92846149485842988103 0.07153833979821822009 0.00000016334335191911 0.00000000099999999999 
0.96797944347167319545 0.00000000099999999995 0.00000000099999999995 0.03202055352832675061 0.00000000099999999995 
0.00026837234788428161 0.00629672237443750990 0.00000000099999999999 0.97747731460164488659 0.01595758967603342834 
0.00000000099999999991 0.99999999600000000211 0.00000000099999999991 0.00000000099999999991 0.00000000099999999991 
0.00000000099999999997 0.00061798419286941957 0.99484275473953487356 0.00000000099999999997 0.00453925906759566726 
0.99999987124025224716 0.00000000099999999997 0.00000000099999999997 0.00000012575974782525 0.00000000099999999997 
0.00000000099999999994 0.99999999600000000211 0.00000000099999999994 0.00000000099999999994 0.00000000099999999994 
0.00000000099999999992 0.99999999600000000211 0.00000000099999999992 0.00000000099999999992 0.00000000099999999992 
0.00000000099999999996 0.97916479935743649943 0.02083519764256352991 0.00000000099999999996 0.00000000099999999996 
0.15448693036865138173 0.16942281581871201923 0.67609025181263671112 0.00000000099999999998 0.00000000099999999998 
0.04856201126799859075 0.53795638506928900036 0.36068704785225869092 0.00000000100000000000 0.05279455481045359361 
0.09509177579407997183 0.42519949680747848308 0.31860573618073478874 0.13484590961902975792 0.02625708159867690475 
0.14820866652391634366 0.17796372215150943474 0.64342896861503418027 0.00021205310807511605 0.03018658960146486728 
0.00000000099999999994 0.00000000099999999994 0.99999999600000000211 0.00000000099999999994 0.00000000099999999994 
0.00000000099999999989 0.99999999600000011313 0.00000000099999999989 0.00000000099999999989 0.00000000099999999989 
0.01806526188597596533 0.51324342951847090610 0.39471498537415716790 0.00000000099999999999 0.07397632222139588487 
0.03961343402453699342 0.54377989465035980743 0.35195413945217596252 0.00000000099999999999 0.06465253087292725798 
0.00000000099999999999 0.87134296599616345436 0.09353004715569647465 0.00000000099999999999 0.03512698484814012062 
0.30294807374304988379 0.17584988081182831299 0.49965397958363388931 0.00041884991051567089 0.02112921595097228683 
0.11414385375670500766 0.07305224031931480122 0.79274775846308220828 0.01152153402053355050 0.00853461344036446877 
0.17737734075619182583 0.10945142294856859133 0.70347853434977003495 0.00000002058584403025 0.00969268135962546816 
0.00000000099999999997 0.99319000829492798399 0.00000001420206635225 0.00000000099999999997 0.00680997550300585855 
0.00000000099999999993 0.00000000099999999993 0.99999999599999989108 0.00000000099999999993 0.00000000099999999993 
0.00000000099999999997 0.03855013309279444605 0.96144986390720543756 0.00000000099999999997 0.00000000099999999997 
0.12663531906795544302 0.12688392630466951982 0.72978807308791138198 0.00000000099999999999 0.01669268053946379449 
0.00000000099999999996 0.00972855385691553595 0.99027144240038911249 0.00000000099999999996 0.00000000174269527232 
0.04424322737990688675 0.53338774669141886253 0.37824185476551552831 0.00000000099999999999 0.04412717016315880619 
0.17111268184431022155 0.14781079405162608764 0.63922527327750255921 0.04093562243112619514 0.00091562839543506949 
0.00000000099999999994 0.93653914742981192454 0.06346084957018799377 0.00000000099999999994 0.00000000099999999994 
0.16351378252703144267 0.10660928304048977733 0.68934560069616346301 0.00152152615271062023 0.03900980758360481082 
0.00000000099999999996 0.04803829737011441892 0.95196169962988563817 0.00000000099999999996 0.00000000099999999996 
0.00000000099999999993 0.00000000099999999993 0.00000000099999999993 0.99999999599999989108 0.00000000099999999993 
0.00000000099999999986 0.00000000099999999986 0.00000000099999999986 0.99999999599999989108 0.00000000099999999986 
0.95549542144197008309 0.00000000099999999997 0.00000000099999999997 0.01793034420344104263 0.02657423235458885452 
0.97135773865629626567 0.00000000099999999995 0.00000000099999999995 0.02864225834370377408 0.00000000099999999995 
0.00082604925715212450 0.91668709047049556915 0.00097476664035405901 0.03132309714428010983 0.05018899648771822652 
0.92042810860417989538 0.00981671363777785258 0.01573075545383689766 0.05402392018747896596 0.00000050211672626089 
0.99965345009289419131 0.00000000099999999997 0.00000000099999999997 0.00034177114469310617 0.00000477676241265097 
0.00000000099999999999 0.85958864774014687171 0.01299133882524974686 0.12102240486386239837 0.00639760757074104170 
0.74848121616554796898 0.00000000099999999999 0.12184940183952250314 0.10762335470219919209 0.02204602629273028080 
0.00000000099999999990 0.00000000099999999990 0.00000000099999999990 0.99999999599999989108 0.00000000099999999990 
0.04469798216162002708 0.83031727579858305432 0.00005416045358601828 0.12493058058621092643 0.00000000099999999999 
0.00000000099999999992 0.08839605278979437153 0.91160394421020563005 0.00000000099999999992 0.00000000099999999992 
0.00000000099999999990 0.99999999600000000211 0.00000000099999999990 0.00000000099999999990 0.00000000099999999990 
0.14492589409204204021 0.17387952182800964218 0.67281582390352523415 0.00000000100000000000 0.00837875917642315338 
0.00000000099999999995 0.00000000099999999995 0.99999999600000000211 0.00000000099999999995 0.00000000099999999995 
0.99964839561422635938 0.00000000099999999997 0.00000000099999999997 0.00035160138577376026 0.00000000099999999997 
0.77920219674247626074 0.17466576769573916028 0.00000212446307034158 0.04611826606912507176 0.00001164502958913576 
0.96147862148457363674 0.00000000099999999998 0.00000000099999999998 0.03852137551542652444 0.00000000099999999998 
0.92247733893310801534 0.00000000099999999997 0.00000000099999999997 0.07752265806689208338 0.00000000099999999997 
0.93402902850959268477 0.00000000099999999999 0.00000064833950818873 0.06597032115089901394 0.00000000099999999999 
0.91295544122128480247 0.00000000099999999993 0.00000000099999999993 0.08704455577871514360 0.00000000099999999993 
0.00000000099999999995 0.02262033682624559755 0.97737966017375432770 0.00000000099999999995 0.00000000099999999995 
0.14707102066756697067 0.15854449697304909273 0.66749252586100771278 0.00049436850542948182 0.02639758799294672498 
0.00000000099999999994 0.01789169557502155034 0.98210830142497851369 0.00000000099999999994 0.00000000099999999994 
0.00000000099999999997 0.00000076604538483644 0.99999923095461518141 0.00000000099999999997 0.00000000099999999997 
0.11724693390921572811 0.14988333282447433015 0.72095966016159629408 0.00000000100000000000 0.01191007210471369676 
0.00000000099999999986 0.99999999600000011313 0.00000000099999999986 0.00000000099999999986 0.00000000099999999986 
0.00000000099999999990 0.99999999600000000211 0.00000000099999999990 0.00000000099999999990 0.00000000099999999990 
0.00000000099999999991 0.00000000099999999991 0.99999999599999989108 0.00000000099999999991 0.00000000099999999991 
0.00000000099999999993 0.00000000099999999993 0.99999999600000000211 0.00000000099999999993 0.00000000099999999993 
0.00000000099999999993 0.00000194226994140531 0.99999805473005853873 0.00000000099999999993 0.00000000099999999993 
0.00000000099999999992 0.99999999600000000211 0.00000000099999999992 0.00000000099999999992 0.00000000099999999992 
0.00000000099999999997 0.96478459753616119254 0.03521539622152985993 0.00000000099999999997 0.00000000424230903974 
0.00000000099999999992 0.00000000099999999992 0.99999999599999989108 0.00000000099999999992 0.00000000099999999992 
0.13656691626812014762 0.14024309810431712098 0.71319112189871514129 0.00000000099999999999 0.00999886272884755942 
0.00000000099999999998 0.03972700123412908901 0.92648647260864558373 0.00000000099999999998 0.03378652415722541852 
0.00000000099999999987 0.99999999600000011313 0.00000000099999999987 0.00000000099999999987 0.00000000099999999987 
0.00000000099999999992 0.00030890188832405986 0.99969109511167597582 0.00000000099999999992 0.00000000099999999992 
0.87873127090427582964 0.00000000100000000000 0.00428280126946655078 0.09672105649464016186 0.02026487033161753631 
0.00000000099999999997 0.87847947820807203989 0.11913360296933497851 0.00000000099999999997 0.00238691682259297225 
0.90917189850812307750 0.00000000099999999999 0.06969732194069000464 0.00353639638338445941 0.01759438216780253444 
0.00000000099999999987 0.99999999600000000211 0.00000000099999999987 0.00000000099999999987 0.00000000099999999987 
0.00000000099999999994 0.00000126790129158438 0.99999872909870846094 0.00000000099999999994 0.00000000099999999994 
0.00000000099999999992 0.00000000099999999992 0.99999999600000000211 0.00000000099999999992 0.00000000099999999992 
0.00000000099999999990 0.99999999600000011313 0.00000000099999999990 0.00000000099999999990 0.00000000099999999990 
0.00000000099999999992 0.00000000099999999992 0.99999999600000000211 0.00000000099999999992 0.00000000099999999992 
0.18709441710443613927 0.01277493583956428730 0.68814381171351501898 0.04007228217864591824 0.07191455316383853213 
0.00000000099999999992 0.99999999600000011313 0.00000000099999999992 0.00000000099999999992 0.00000000099999999992 
0.00000000099999999999 0.00401513293041769886 0.99598486406958219863 0.00000000099999999999 0.00000000099999999999 
0.13582239625659894844 0.00000000099999999997 0.00000000099999999997 0.85953738774700860770 0.00464021399639238594 
0.00000000099999999974 0.00000000099999999974 0.00000000099999999974 0.00000000099999999974 0.99999999599999989108 
0.99829653223195080614 0.00000000099999999995 0.00000000099999999995 0.00170346476804922710 0.00000000099999999995 
0.97996388311490945089 0.00000000099999999996 0.00000000099999999996 0.02003611388509059232 0.00000000099999999996 
0.99984633426100677500 0.00000000099999999998 0.00000000099999999998 0.00015366273899331952 0.00000000099999999998 
0.99383453967406332197 0.00000000099999999997 0.00000000099999999997 0.00616545732593659981 0.00000000099999999997 
0.95484245561600578078 0.01263662791016293037 0.00000000099999999998 0.03252091447383127776 0.00000000099999999998 
0.70995953560899549561 0.02101168730643271018 0.07961320976390144633 0.18315842455455702553 0.00625714276611348975 
0.99999999600000011313 0.00000000099999999994 0.00000000099999999994 0.00000000099999999994 0.00000000099999999994 
0.00000000099999999986 0.99999999600000000211 0.00000000099999999986 0.00000000099999999986 0.00000000099999999986 
0.93549038990308719388 0.00000000099999999998 0.00000000099999999998 0.04884102442123004068 0.01566858367568289487 
0.00000000099999999976 0.00000000099999999976 0.00000000099999999976 0.00000000099999999976 0.99999999599999989108 
0.95334395396308835302 0.00000000099999999997 0.00000000099999999997 0.04665604303691176652 0.00000000099999999997 
0.00000000109250736752 0.00000000099999999992 0.00000000099999999992 0.99999999590749255596 0.00000000099999999992 
0.00000000099999999993 0.00000000099999999993 0.99999999600000000211 0.00000000099999999993 0.00000000099999999993 
0.00000000099999999990 0.00000000099999999990 0.00000000099999999990 0.99999999600000000211 0.00000000099999999990 
0.00000002943287364507 0.00000000099999999992 0.00000000099999999992 0.99999996756712639101 0.00000000099999999992 
0.91149278691427326748 0.00000072294247221716 0.01725012364988121050 0.06524314605285236324 0.00601322044052097701 
0.91482421905237298887 0.00000000099999999999 0.00000000099999999999 0.08517577616309317257 0.00000000278453395436 
0.00000000099999999994 0.00000000099999999994 0.00000000099999999994 0.99999999600000000211 0.00000000099999999994 
0.00000000099999999992 0.00000000099999999992 0.00000000099999999992 0.99999999600000000211 0.00000000099999999992 
0.91294101825593765298 0.00000000099999999998 0.00000000099999999998 0.08705896690109886371 0.00000001284296352833 
0.00000000099999999992 0.00000000099999999992 0.99999999599999989108 0.00000000099999999992 0.00000000099999999992 
0.87874578855203278049 0.01465240941737627409 0.00000000100000000000 0.09585830566344109849 0.01074349536714986654 
0.00000000099999999992 0.00000000099999999992 0.00000000099999999992 0.99999999600000000211 0.00000000099999999992 
0.97108320342436671435 0.00000000100000000000 0.00002051729311301348 0.02121784809686247733 0.00767843018565785452 
0.93608218469453186028 0.00000000099999999997 0.00000000099999999997 0.06391781230546816905 0.00000000099999999997 
0.00000000099999999993 0.00000000099999999993 0.00000000099999999993 0.99999999600000000211 0.00000000099999999993 
0.00000000099999999994 0.00000000099999999994 0.99999999599999989108 0.00000000099999999994 0.00000000099999999994 
0.00000000099999999996 0.00000000099999999996 0.00000000099999999996 0.99999999599999989108 0.00000000099999999996 
0.96010177522283912666 0.00013839516000545889 0.00000000099999999999 0.03975982761715537300 0.00000000099999999999 
0.94070062192911108045 0.01254776700324868911 0.01240176049476030863 0.03434984847668414581 0.00000000209619592973 
0.94958348853260110545 0.00000000099999999996 0.00000000099999999996 0.05041650846739884062 0.00000000099999999996 
0.00000000099999999992 0.00000000099999999992 0.99999999600000000211 0.00000000099999999992 0.00000000099999999992 
0.85726483831692046333 0.02209378246171868343 0.06648095212938838483 0.05416042609197228158 0.00000000100000000000 
0.91096777598290434863 0.00000000099999999998 0.00000000099999999998 0.08096092152602529790 0.00807130049107047075 
0.99999999600000000211 0.00000000099999999995 0.00000000099999999995 0.00000000099999999995 0.00000000099999999995 
0.97036663640406783937 0.00000000099999999999 0.00000000099999999999 0.00879888813424355848 0.02083447346168878708 
0.14301192581293473149 0.00000000099999999999 0.03511513093515031270 0.82187294125191501237 0.00000000099999999999 
0.00000000099999999999 0.00000000099999999999 0.86789813940976268114 0.13210179494721752125 0.00000006364301963689 
0.94046753580590869426 0.00000850454901824838 0.03328713997286315840 0.02397162306736703996 0.00226519660484293586 
0.00000000099999999987 0.00000000099999999987 0.00000000099999999987 0.99999999600000000211 0.00000000099999999987 
0.00101592161684613529 0.00000000099999999999 0.00000000099999999999 0.99898407538315392440 0.00000000099999999999 
0.31426965777311882677 0.05337023015781832552 0.00000000099999999999 0.63236011006906267529 0.00000000099999999999 
0.18349317239640136612 0.00000000100000000000 0.45899491731936969963 0.35750534024472224726 0.00000656903950656355 
0.99999649826939607244 0.00000000099999999994 0.00000000099999999994 0.00000349873060388727 0.00000000099999999994 
0.37930356703120926554 0.05590150792056712559 0.42147122754815674606 0.11376419160640742489 0.02955950589365934078 
0.85466507726979557003 0.02248901243513415707 0.09356382267893069427 0.01723250904406919276 0.01204957857207048476 
0.99999999600000000211 0.00000000099999999999 0.00000000099999999999 0.00000000099999999999 0.00000000099999999999 
0.63243674708735819756 0.00000000099999999999 0.36749926448886888197 0.00006398642377290496 0.00000000099999999999 
0.62662302333494712681 0.00000000099999999999 0.02113002976322902321 0.35224694490182389961 0.00000000099999999999 
0.17076984958547314353 0.81344808082397579430 0.00000000099999999999 0.01578206759055093139 0.00000000099999999999 
0.15393190240037099570 0.15437184276855861476 0.68074427685411620370 0.00000000100000000000 0.01095197697695429913 
0.93406673375324689168 0.00000000099999999998 0.00000000099999999998 0.06593326324675315153 0.00000000099999999998 
0.00000000099999999993 0.00000000099999999993 0.00000000099999999993 0.99999999599999989108 0.00000000099999999993 
0.00000000099999999995 0.00000000099999999995 0.00000000099999999995 0.99999999599999989108 0.00000000099999999995 
0.00000000099999999993 0.00000000099999999993 0.00000000099999999993 0.99999999599999989108 0.00000000099999999993 
0.00000000099999999991 0.00000000099999999991 0.00000000099999999991 0.00000000099999999991 0.99999999600000000211 
0.96966476358046393980 0.00000010604722931159 0.00000043701221513165 0.03033469236009173758 0.00000000100000000000 
0.98507046867058367656 0.00000000099999999995 0.00000000099999999995 0.01492952832941625389 0.00000000099999999995 
0.04629213333100873351 0.00000000099999999997 0.00000000099999999997 0.93756638093679978141 0.01614148373219136123 
0.91310098679168172353 0.00000000099999999999 0.00000436367385898361 0.08568417196491487364 0.00121047656954458103 
0.00000000099999999993 0.00000000099999999993 0.00000000099999999993 0.99999999600000000211 0.00000000099999999993 
0.00000000099999999975 0.00000000099999999975 0.00000000099999999975 0.00000000099999999975 0.99999999599999989108 
0.00000000099999999994 0.00000000099999999994 0.00000000099999999994 0.99999999600000000211 0.00000000099999999994 
0.00000985529483017469 0.00000000099999999996 0.00000000099999999996 0.99999014170516986599 0.00000000099999999996 
0.00000000099999999975 0.00000000099999999975 0.00000000099999999975 0.00000000099999999975 0.99999999599999989108 
0.00000000099999999986 0.00000000099999999986 0.00000000099999999986 0.00000000099999999986 0.99999999600000000211 
0.99155440045101617130 0.00000000099999999998 0.00000000099999999998 0.00000000419971350427 0.00844559334927037081 
0.00000000099999999988 0.00000000099999999988 0.00000000099999999988 0.99999999599999989108 0.00000000099999999988 
0.93589182577702945132 0.00000000099999999998 0.00000000099999999998 0.03917357373150587990 0.02493459849146481555 
0.00000000099999999991 0.00000000099999999991 0.00000000099999999991 0.99999999600000000211 0.00000000099999999991 
