0.00000000099999999998 0.00000000099999999998 0.52640618331053856682 0.03900624595244372300 0.00000000099999999998 0.00000000099999999998 0.00000016583220807744 0.00000000099999999998 0.00000000099999999998 0.32563269161985902711 0.10895470728495081081 
0.00000000099999999981 0.00000000099999999981 0.00000000099999999981 0.99999999000000017180 0.00000000099999999981 0.00000000099999999981 0.00000000099999999981 0.00000000099999999981 0.00000000099999999981 0.00000000099999999981 0.00000000099999999981 
0.00000003171008440805 0.00000000099999999996 0.07140671977704880768 0.34739737797497988181 0.00000000099999999996 0.00000000099999999996 0.00000000099999999996 0.58119586353788688093 0.00000000099999999996 0.00000000099999999996 0.00000000099999999996 
0.00000000099999999984 0.00000000099999999984 0.00000000099999999984 0.99999999000000017180 0.00000000099999999984 0.00000000099999999984 0.00000000099999999984 0.00000000099999999984 0.00000000099999999984 0.00000000099999999984 0.00000000099999999984 
0.00000000099999999989 0.00000000099999999989 0.07119476375807419488 0.37668988666318714564 0.00000000099999999989 0.00000000099999999989 0.00000000099999999989 0.53785879504965661280 0.00000000099999999989 0.00000000099999999989 0.01425654752908205904 
0.00000000099999999975 0.00000000099999999975 0.00000000099999999975 0.99999999000000017180 0.00000000099999999975 0.00000000099999999975 0.00000000099999999975 0.00000000099999999975 0.00000000099999999975 0.00000000099999999975 0.00000000099999999975 
0.00000000099999999958 0.00000000099999999958 0.00000000099999999958 0.00000000099999999958 0.99999999000000006077 0.00000000099999999958 0.00000000099999999958 0.00000000099999999958 0.00000000099999999958 0.00000000099999999958 0.00000000099999999958 
0.00000000099999999982 0.00000000099999999982 0.99999999000000006077 0.00000000099999999982 0.00000000099999999982 0.00000000099999999982 0.00000000099999999982 0.00000000099999999982 0.00000000099999999982 0.00000000099999999982 0.00000000099999999982 
0.00000000099999999974 0.00000000099999999974 0.00000000099999999974 0.00000000099999999974 0.00000000099999999974 0.00000000099999999974 0.00000000099999999974 0.99999999000000006077 0.00000000099999999974 0.00000000099999999974 0.00000000099999999974 
0.00000000099999999982 0.52628690233709896074 0.00000000099999999982 0.00000000099999999982 0.00000000099999999982 0.00000000099999999982 0.00000000099999999982 0.00000000099999999982 0.47371308866290129380 0.00000000099999999982 0.00000000099999999982 
0.00000000099999999989 0.41466840950452743542 0.00000000099999999989 0.00000000099999999989 0.33177000349864010920 0.00000000099999999989 0.00000000099999999989 0.00000000099999999989 0.25356157899683234858 0.00000000099999999989 0.00000000099999999989 
0.00000000099999999988 0.37137211325131025408 0.00000000099999999988 0.00000000099999999988 0.00000000099999999988 0.00000000099999999988 0.00000000099999999988 0.00000000099999999988 0.62862787774868966739 0.00000000099999999988 0.00000000099999999988 
0.99999999000000017180 0.00000000099999999972 0.00000000099999999972 0.00000000099999999972 0.00000000099999999972 0.00000000099999999972 0.00000000099999999972 0.00000000099999999972 0.00000000099999999972 0.00000000099999999972 0.00000000099999999972 
0.00000000099999999997 0.31593040439955644150 0.00000000099999999997 0.00000000099999999997 0.00712138025921723716 0.18578337175069070675 0.00000000099999999997 0.00000000099999999997 0.23530945886228316066 0.12092064416129991167 0.13493473556695237403 
0.00000000099999999996 0.00000000099999999996 0.15506893175712757604 0.00000000099999999996 0.00000000099999999996 0.60345369106445179153 0.00000000099999999996 0.00000000099999999996 0.00000000099999999996 0.24147736917842060889 0.00000000099999999996 
0.00000000099999999970 0.99999999000000028282 0.00000000099999999970 0.00000000099999999970 0.00000000099999999970 0.00000000099999999970 0.00000000099999999970 0.00000000099999999970 0.00000000099999999970 0.00000000099999999970 0.00000000099999999970 
0.00000000099999999998 0.16217483242229319140 0.10356524382097904990 0.00000000099999999998 0.14160922050018012741 0.28669165384528522145 0.00000000099999999998 0.00000012850983427376 0.14599769956647615232 0.15996121542752439471 0.00000000290742761641 
0.00000000099999999996 0.00000000099999999996 0.52888803133923323330 0.03447070356212788428 0.00000000099999999996 0.27898062309864563035 0.00000000099999999996 0.00000000099999999996 0.00000000099999999996 0.15766063499999322106 0.00000000099999999996 
0.00000000099999999958 0.00000000099999999958 0.00000000099999999958 0.00000000099999999958 0.00000000099999999958 0.00000000099999999958 0.00000000099999999958 0.00000000099999999958 0.00000000099999999958 0.99999998999999994975 0.00000000099999999958 
0.00000000099999999989 0.00000000099999999989 0.00000000099999999989 0.00000000099999999989 0.00000000099999999989 0.68448884903977258443 0.00000000099999999989 0.00000000099999999989 0.00000000099999999989 0.31551114196022744807 0.00000000099999999989 
0.00000000099999999951 0.00000000099999999951 0.00000000099999999951 0.00000000099999999951 0.00000000099999999951 0.99999999000000017180 0.00000000099999999951 0.00000000099999999951 0.00000000099999999951 0.00000000099999999951 0.00000000099999999951 
0.00000000099999999981 0.00000000099999999981 0.00000000099999999981 0.00000000099999999981 0.00000000099999999981 0.00000000099999999981 0.00000000099999999981 0.00000000099999999981 0.99999999000000006077 0.00000000099999999981 0.00000000099999999981 
0.00000000099999999971 0.00000000099999999971 0.00000000099999999971 0.00000000099999999971 0.00000000099999999971 0.00000000099999999971 0.00000000099999999971 0.00000000099999999971 0.00000000099999999971 0.99999998999999994975 0.00000000099999999971 
0.05552169087021788241 0.00000000099999999995 0.07537648092456648852 0.48473806713875544627 0.00000000099999999995 0.00000000099999999995 0.00000000099999999995 0.00000000099999999995 0.00000000099999999995 0.00000000099999999995 0.38436375406646033914 
0.02062558374654281657 0.35712421450240627863 0.00000000099999999989 0.00000000099999999989 0.29317631185639037028 0.00000000099999999989 0.00000000099999999989 0.00000000099999999989 0.32907388289466060760 0.00000000099999999989 0.00000000099999999989 
0.00000000099999999979 0.99999999000000017180 0.00000000099999999979 0.00000000099999999979 0.00000000099999999979 0.00000000099999999979 0.00000000099999999979 0.00000000099999999979 0.00000000099999999979 0.00000000099999999979 0.00000000099999999979 
0.99999999000000028282 0.00000000099999999982 0.00000000099999999982 0.00000000099999999982 0.00000000099999999982 0.00000000099999999982 0.00000000099999999982 0.00000000099999999982 0.00000000099999999982 0.00000000099999999982 0.00000000099999999982 
0.00000000099999999984 0.00000000099999999984 0.00000000099999999984 0.00000000099999999984 0.00000000099999999984 0.00000000099999999984 0.00000000099999999984 0.00000000099999999984 0.00000000099999999984 0.00000000099999999984 0.99999998999999994975 
0.00000000099999999979 0.00000000099999999979 0.00000000099999999979 0.00000000099999999979 0.00000000099999999979 0.00000000099999999979 0.00000000099999999979 0.99999999000000006077 0.00000000099999999979 0.00000000099999999979 0.00000000099999999979 
0.00000000099999999984 0.00000000099999999984 0.00000000099999999984 0.00000000099999999984 0.00000000099999999984 0.00000000099999999984 0.00000000099999999984 0.00000000099999999984 0.99999998999999994975 0.00000000099999999984 0.00000000099999999984 
0.00000000099999999998 0.48312571805808579573 0.07893178182002694165 0.00000000099999999998 0.00000000099999999998 0.00000000099999999998 0.00000000099999999998 0.00000000099999999998 0.43577064253174901953 0.00217185059013847879 0.00000000099999999998 
0.00000000099999999991 0.22173149648616569118 0.00000000099999999991 0.00000000099999999991 0.06405251751047401354 0.05087522498871102639 0.01116011635480692113 0.00000000099999999991 0.65218063865984221561 0.00000000099999999991 0.00000000099999999991 
0.07499121146918773240 0.00000000099999999995 0.00000000099999999995 0.00000000099999999995 0.00000000099999999995 0.00000000099999999995 0.00000000099999999995 0.57938544459565977096 0.00000000099999999995 0.00000000099999999995 0.34562333593515265351 
0.00000000099999999965 0.00000000099999999965 0.00000000099999999965 0.00000000099999999965 0.00000000099999999965 0.00000000099999999965 0.99999998999999994975 0.00000000099999999965 0.00000000099999999965 0.00000000099999999965 0.00000000099999999965 
0.00000000099999999998 0.00000000099999999998 0.08754911119740414749 0.32237322401237966663 0.00000000099999999998 0.00000000099999999998 0.04354808113910291212 0.06919083334434086852 0.00000000099999999998 0.00000000099999999998 0.47733874430677236678 
0.00000000099999999965 0.00000000099999999965 0.00000000099999999965 0.00000000099999999965 0.99999999000000017180 0.00000000099999999965 0.00000000099999999965 0.00000000099999999965 0.00000000099999999965 0.00000000099999999965 0.00000000099999999965 
0.00000000099999999977 0.00000000099999999977 0.00000000099999999977 0.00000000099999999977 0.00000000099999999977 0.00000000099999999977 0.00000000099999999977 0.00000000099999999977 0.00000000099999999977 0.99999999000000006077 0.00000000099999999977 
0.00000000099999999946 0.00000000099999999946 0.00000000099999999946 0.00000000099999999946 0.00000000099999999946 0.00000000099999999946 0.99999998999999994975 0.00000000099999999946 0.00000000099999999946 0.00000000099999999946 0.00000000099999999946 
0.00000000099999999989 0.26378025565114748829 0.00000000099999999989 0.00000000099999999989 0.00000000099999999989 0.00000000099999999989 0.00000000099999999989 0.00000000099999999989 0.73621973534885221113 0.00000000099999999989 0.00000000099999999989 
0.00000000099999999973 0.00000000099999999973 0.00000000099999999973 0.00000000099999999973 0.00000000099999999973 0.00000000099999999973 0.00000000099999999973 0.00000000099999999973 0.99999999000000006077 0.00000000099999999973 0.00000000099999999973 
0.00000000099999999979 0.99999999000000017180 0.00000000099999999979 0.00000000099999999979 0.00000000099999999979 0.00000000099999999979 0.00000000099999999979 0.00000000099999999979 0.00000000099999999979 0.00000000099999999979 0.00000000099999999979 
0.00000000099999999986 0.00000000099999999986 0.99999999000000017180 0.00000000099999999986 0.00000000099999999986 0.00000000099999999986 0.00000000099999999986 0.00000000099999999986 0.00000000099999999986 0.00000000099999999986 0.00000000099999999986 
0.00000000099999999998 0.08042959829554241491 0.80590803536983424138 0.00000000099999999998 0.00000000099999999998 0.00000000099999999998 0.00508235675897141144 0.00000000099999999998 0.00000000099999999998 0.00000000099999999998 0.10858000257565196545 
0.99999999000000017180 0.00000000099999999979 0.00000000099999999979 0.00000000099999999979 0.00000000099999999979 0.00000000099999999979 0.00000000099999999979 0.00000000099999999979 0.00000000099999999979 0.00000000099999999979 0.00000000099999999979 
0.48696315747233381854 0.00000000099999999993 0.00000000099999999993 0.51303683352766615844 0.00000000099999999993 0.00000000099999999993 0.00000000099999999993 0.00000000099999999993 0.00000000099999999993 0.00000000099999999993 0.00000000099999999993 
0.00000000099999999983 0.00000000099999999983 0.99999998978816506678 0.00000000121183494607 0.00000000099999999983 0.00000000099999999983 0.00000000099999999983 0.00000000099999999983 0.00000000099999999983 0.00000000099999999983 0.00000000099999999983 
0.00000000099999999990 0.00000000099999999990 0.00000000099999999990 0.00000000099999999990 0.57919895234037743759 0.00000000099999999990 0.00000000099999999990 0.00000000099999999990 0.42080103865962270593 0.00000000099999999990 0.00000000099999999990 
0.00000000099999999982 0.00000000099999999982 0.99999999000000017180 0.00000000099999999982 0.00000000099999999982 0.00000000099999999982 0.00000000099999999982 0.00000000099999999982 0.00000000099999999982 0.00000000099999999982 0.00000000099999999982 
0.00000000099999999986 0.00000000099999999986 0.99999999000000017180 0.00000000099999999986 0.00000000099999999986 0.00000000099999999986 0.00000000099999999986 0.00000000099999999986 0.00000000099999999986 0.00000000099999999986 0.00000000099999999986 
0.00000000099999999983 0.00000000099999999983 0.99999999000000006077 0.00000000099999999983 0.00000000099999999983 0.00000000099999999983 0.00000000099999999983 0.00000000099999999983 0.00000000099999999983 0.00000000099999999983 0.00000000099999999983 
0.00000000099999999995 0.00000000099999999995 0.09409493752857193971 0.38170118259139262928 0.00000000099999999995 0.00000000099999999995 0.02471808001684627776 0.17575981098897280885 0.00000000099999999995 0.00000000099999999995 0.32372598287421638918 
0.00000000099999999975 0.00000000099999999975 0.99999999000000006077 0.00000000099999999975 0.00000000099999999975 0.00000000099999999975 0.00000000099999999975 0.00000000099999999975 0.00000000099999999975 0.00000000099999999975 0.00000000099999999975 
0.00000000099999999981 0.00000000099999999981 0.93766813536858040212 0.00000000099999999981 0.00000000099999999981 0.00000000099999999981 0.00000000099999999981 0.06233185563141965813 0.00000000099999999981 0.00000000099999999981 0.00000000099999999981 
0.40056021343078745955 0.00000000099999999987 0.00000000099999999987 0.00000000099999999987 0.12327310744040699542 0.09275034178792955497 0.00000000099999999987 0.00000000099999999987 0.38341633034087602150 0.00000000099999999987 0.00000000099999999987 
0.00000000099999999999 0.00000000099999999999 0.13604026379203584818 0.41384150225630716990 0.00000000099999999999 0.01809042863961708020 0.00000000099999999999 0.00000000099999999999 0.00219407557111013984 0.00000001229429414753 0.42983371244663576283 
0.00000000099999999994 0.00000000099999999994 0.56631129667199253674 0.00000000099999999994 0.00000000099999999994 0.00000000099999999994 0.00136542501126992702 0.00000000099999999994 0.00000000099999999994 0.00000000099999999994 0.43232327031673761786 
0.00000000099999999988 0.00000000099999999988 0.93455450840471843144 0.00000000099999999988 0.00000000099999999988 0.00000000099999999988 0.00000000099999999988 0.06544548259528165657 0.00000000099999999988 0.00000000099999999988 0.00000000099999999988 
0.00000000099999999990 0.00000000099999999990 0.00000000099999999990 0.00000000099999999990 0.00000000099999999990 0.00000000099999999990 0.00000000122048301197 0.63959489018765958157 0.00000000099999999990 0.00000000099999999990 0.36040510059185748570 
0.00000000099999999987 0.00000000099999999987 0.96979737327114601264 0.03020261772885417251 0.00000000099999999987 0.00000000099999999987 0.00000000099999999987 0.00000000099999999987 0.00000000099999999987 0.00000000099999999987 0.00000000099999999987 
0.00000000099999999974 0.00000000099999999974 0.00000000099999999974 0.00000000099999999974 0.00000000099999999974 0.00000000099999999974 0.00000000099999999974 0.00000000099999999974 0.00000000099999999974 0.00000000099999999974 0.99999999000000006077 
0.00000000099999999983 0.00000000099999999983 0.00000000099999999983 0.99999998896766306711 0.00000000099999999983 0.00000000099999999983 0.00000000099999999983 0.00000000099999999983 0.00000000099999999983 0.00000000099999999983 0.00000000203233699651 
0.00000000099999999990 0.00000000099999999990 0.92599260801215232952 0.00000000099999999990 0.00000000099999999990 0.00000000099999999990 0.00000000099999999990 0.00000000099999999990 0.00000000099999999990 0.00000000099999999990 0.07400738298784782787 
0.00000000099999999982 0.00000000099999999982 0.96943506836845583230 0.00000000099999999982 0.00000000099999999982 0.00000000099999999982 0.00000000099999999982 0.03056492263154422448 0.00000000099999999982 0.00000000099999999982 0.00000000099999999982 
0.00000000099999999995 0.00000000099999999995 0.00000000099999999995 0.00000000099999999995 0.09613248407892741043 0.00000000099999999995 0.00000000099999999995 0.00000000099999999995 0.00000000099999999995 0.90386750692107264982 0.00000000099999999995 
0.00000000099999999985 0.00000000099999999985 0.00000000099999999985 0.00000000099999999985 0.00000000099999999985 0.00000000099999999985 0.00000000099999999985 0.50715391041444080056 0.00000000099999999985 0.00000000099999999985 0.49284608058555928745 
0.00000000099999999994 0.00000000099999999994 0.93723523360179927799 0.00000000099999999994 0.00000000099999999994 0.00000000099999999994 0.01326522081806820463 0.00000000099999999994 0.00000000099999999994 0.00193436745381952080 0.04756517112631306055 
0.00000000099999999980 0.00000000099999999980 0.00000000099999999980 0.00000000099999999980 0.00000000099999999980 0.00000000099999999980 0.00000000099999999980 0.00000000099999999980 0.00000000099999999980 0.99999998999999994975 0.00000000099999999980 
0.00000000099999999980 0.00000000099999999980 0.00000000099999999980 0.00000000099999999980 0.00000000099999999980 0.00000000099999999980 0.00000000099999999980 0.00000000099999999980 0.99999998999999994975 0.00000000099999999980 0.00000000099999999980 
0.00000000099999999979 0.00000000099999999979 0.00000000099999999979 0.99999999000000017180 0.00000000099999999979 0.00000000099999999979 0.00000000099999999979 0.00000000099999999979 0.00000000099999999979 0.00000000099999999979 0.00000000099999999979 
0.00000000099999999990 0.00000000099999999990 0.00000000099999999990 0.00000000099999999990 0.00000000099999999990 0.00000000099999999990 0.00000000099999999990 0.00000000099999999990 0.00000000099999999990 0.99999999000000006077 0.00000000099999999990 
0.01634473591425252698 0.00000000099999999983 0.00000000099999999983 0.00000000099999999983 0.00000000099999999983 0.00000000099999999983 0.00000000099999999983 0.00000000099999999983 0.00000000099999999983 0.98365525508574758184 0.00000000099999999983 
0.00000000099999999991 0.00000000099999999991 0.00000000099999999991 0.00000000099999999991 0.00000000099999999991 0.00000000099999999991 0.00000000099999999991 0.00000000099999999991 0.04859702866183269326 0.95140296233816723515 0.00000000099999999991 
0.99999999000000028282 0.00000000099999999978 0.00000000099999999978 0.00000000099999999978 0.00000000099999999978 0.00000000099999999978 0.00000000099999999978 0.00000000099999999978 0.00000000099999999978 0.00000000099999999978 0.00000000099999999978 
0.00000000099999999978 0.00000000099999999978 0.00000000099999999978 0.00000000099999999978 0.00000000099999999978 0.96837335890009534900 0.00000000099999999978 0.00000000099999999978 0.00000000099999999978 0.03162663209990473900 0.00000000099999999978 
0.16549512185889936333 0.04234852529655026149 0.12594931613171744811 0.01409716316860866979 0.00000000099999999999 0.49021985485246649672 0.01481818334085892828 0.00000000099999999999 0.00000000099999999999 0.14707183135089871295 0.00000000099999999999 
0.99999999000000028282 0.00000000099999999983 0.00000000099999999983 0.00000000099999999983 0.00000000099999999983 0.00000000099999999983 0.00000000099999999983 0.00000000099999999983 0.00000000099999999983 0.00000000099999999983 0.00000000099999999983 
0.00000000099999999987 0.50732304347368384345 0.00000000099999999987 0.00000000099999999987 0.10640791275292919849 0.00000000099999999987 0.00000000099999999987 0.00000000099999999987 0.38626903577338711493 0.00000000099999999987 0.00000000099999999987 
0.00000000099999999978 0.00000000099999999978 0.00000000099999999978 0.00000000099999999978 0.00000000099999999978 0.00000000099999999978 0.00000000099999999978 0.00000000099999999978 0.00000000099999999978 0.99999999000000006077 0.00000000099999999978 
0.00000000099999999963 0.00000000099999999963 0.00000000099999999963 0.00000000099999999963 0.00000000099999999963 0.99999999000000006077 0.00000000099999999963 0.00000000099999999963 0.00000000099999999963 0.00000000099999999963 0.00000000099999999963 
0.00000000099999999968 0.00000000099999999968 0.00000000099999999968 0.00000000099999999968 0.00000000099999999968 0.99999999000000017180 0.00000000099999999968 0.00000000099999999968 0.00000000099999999968 0.00000000099999999968 0.00000000099999999968 
0.01994296383888392171 0.00000000099999999998 0.00000000099999999998 0.00000000099999999998 0.00000000099999999998 0.01080341854920116237 0.03584728727548407157 0.00000000099999999998 0.09391958388580357031 0.83948674045062732230 0.00000000099999999998 
0.43457048295603240007 0.00000000099999999999 0.00000000099999999999 0.15222296833952872475 0.07768902357019218108 0.15289768969212091942 0.00059601546752013055 0.00000000099999999999 0.08381529738616592951 0.04214383842207784087 0.05606468116636172117 
0.00000000099999999999 0.47881245724953891418 0.00000000099999999999 0.00000000099999999999 0.00000000099999999999 0.00375453287769426242 0.00060328039659466042 0.00000000099999999999 0.31693078935445739841 0.05883616816348530287 0.14106276695822925205 
0.99999999000000028282 0.00000000099999999982 0.00000000099999999982 0.00000000099999999982 0.00000000099999999982 0.00000000099999999982 0.00000000099999999982 0.00000000099999999982 0.00000000099999999982 0.00000000099999999982 0.00000000099999999982 
0.00000000099999999993 0.00000000099999999993 0.00000000099999999993 0.00000000099999999993 0.00000000099999999993 0.05478777082232287599 0.00264758711636673858 0.00000000099999999993 0.00000000099999999993 0.94256463406131041349 0.00000000099999999993 
0.00000000099999999982 0.62048173851486532193 0.00000000099999999982 0.00000000099999999982 0.00000000099999999982 0.00000000099999999982 0.00000000099999999982 0.00000000099999999982 0.37951825248513493261 0.00000000099999999982 0.00000000099999999982 
0.00000000099999999991 0.00000000099999999991 0.00000000099999999991 0.00000000099999999991 0.00000000099999999991 0.00000000099999999991 0.00000000099999999991 0.00000000099999999991 0.99999999000000006077 0.00000000099999999991 0.00000000099999999991 
0.99999999000000017180 0.00000000099999999978 0.00000000099999999978 0.00000000099999999978 0.00000000099999999978 0.00000000099999999978 0.00000000099999999978 0.00000000099999999978 0.00000000099999999978 0.00000000099999999978 0.00000000099999999978 
0.00000000099999999986 0.00000000099999999986 0.00000000099999999986 0.00000000099999999986 0.44053745752851447559 0.00000000099999999986 0.00000000099999999986 0.00000000099999999986 0.55946253347148544588 0.00000000099999999986 0.00000000099999999986 
0.00000000099999999967 0.00000000099999999967 0.00000000099999999967 0.00000000099999999967 0.00000000099999999967 0.99999999000000006077 0.00000000099999999967 0.00000000099999999967 0.00000000099999999967 0.00000000099999999967 0.00000000099999999967 
0.99999999000000017180 0.00000000099999999991 0.00000000099999999991 0.00000000099999999991 0.00000000099999999991 0.00000000099999999991 0.00000000099999999991 0.00000000099999999991 0.00000000099999999991 0.00000000099999999991 0.00000000099999999991 
0.00000000099999999988 0.07270444344372570256 0.00000000099999999988 0.00000000099999999988 0.00000000099999999988 0.00000000099999999988 0.00000000099999999988 0.00000000099999999988 0.00000000099999999988 0.92729554755627430218 0.00000000099999999988 
0.99999997542644836201 0.00000000099999999989 0.00000000099999999989 0.00000000099999999989 0.00000001557355189782 0.00000000099999999989 0.00000000099999999989 0.00000000099999999989 0.00000000099999999989 0.00000000099999999989 0.00000000099999999989 
0.00000699605630352816 0.45639643434465981819 0.00000000099999999993 0.00000000099999999993 0.14973216006022338487 0.02155059388348606886 0.00000000099999999993 0.00000000099999999993 0.33449839852485907521 0.03781541213046810818 0.00000000099999999993 
0.00000000099999999983 0.00000000099999999983 0.99999999000000006077 0.00000000099999999983 0.00000000099999999983 0.00000000099999999983 0.00000000099999999983 0.00000000099999999983 0.00000000099999999983 0.00000000099999999983 0.00000000099999999983 
0.00000000099999999968 0.00000000099999999968 0.99999999000000006077 0.00000000099999999968 0.00000000099999999968 0.00000000099999999968 0.00000000099999999968 0.00000000099999999968 0.00000000099999999968 0.00000000099999999968 0.00000000099999999968 
0.00000000099999999991 0.00000000099999999991 0.00000000099999999991 0.00000000099999999991 0.00000000099999999991 0.00000000099999999991 0.01348601919275516266 0.56076518490888516144 0.00000000099999999991 0.00000000099999999991 0.42574878789835962634 
0.00000000099999999985 0.00000000099999999985 0.00000000099999999985 0.38285901987187320739 0.00000000099999999985 0.00000000099999999985 0.00000000099999999985 0.00000000099999999985 0.00000000099999999985 0.00000000099999999985 0.61714097112812649204 
0.00000000099999999998 0.00000000099999999998 0.00000000099999999998 0.04897785932046631874 0.01626384115420364401 0.00000000099999999998 0.04166812726957097590 0.00000000099999999998 0.00000000099999999998 0.89309016525575901646 0.00000000099999999998 
0.08883131555545147051 0.00000000099999999992 0.03403881470905865958 0.24147924870748879722 0.00000000099999999992 0.00000000099999999992 0.00000000099999999992 0.33579311554860169498 0.00000000099999999992 0.00000000099999999992 0.29985749947939932536 
0.00000000099999999987 0.00000000099999999987 0.00000000099999999987 0.66709844040576826707 0.00000000099999999987 0.00000000099999999987 0.00000000099999999987 0.00000000099999999987 0.00000000099999999987 0.00000000099999999987 0.33290155059423187645 
0.00000000099999999997 0.00000000099999999997 0.11733773621658155628 0.00000000099999999997 0.00000000099999999997 0.00000000099999999997 0.00393776343747390730 0.00000000099999999997 0.04361855490746856939 0.83510593843847591433 0.00000000099999999997 
0.00417163939866289218 0.12602950231486664823 0.07692362090983238809 0.25283294557041446904 0.00000000099999999997 0.00000000099999999997 0.01583363733696913772 0.07432814424286986188 0.00000000099999999997 0.00000000099999999997 0.44988050622638459108 
0.00000000099999999977 0.00000000099999999977 0.99999999000000017180 0.00000000099999999977 0.00000000099999999977 0.00000000099999999977 0.00000000099999999977 0.00000000099999999977 0.00000000099999999977 0.00000000099999999977 0.00000000099999999977 
0.00000000099999999998 0.00000000099999999998 0.11354230802406312106 0.00000000099999999998 0.01174195782456078675 0.00000000099999999998 0.00000000099999999998 0.00000000099999999998 0.00000000099999999998 0.81311342208154380184 0.06160230506983228188 
0.00000000099999999978 0.00000000099999999978 0.00000000099999999978 0.00000000099999999978 0.00000000099999999978 0.00000000099999999978 0.00000000099999999978 0.00000000099999999978 0.98274892680239567255 0.01725106419760429749 0.00000000099999999978 
0.00000000099999999978 0.00000000099999999978 0.00000000099999999978 0.00000000099999999978 0.00000000099999999978 0.00000000099999999978 0.00000000099999999978 0.00000000099999999978 0.00000000099999999978 0.99999999000000006077 0.00000000099999999978 
0.80944178614499873170 0.00000000099999999982 0.00000000099999999982 0.00000000099999999982 0.00000000099999999982 0.19055820485500143957 0.00000000099999999982 0.00000000099999999982 0.00000000099999999982 0.00000000099999999982 0.00000000099999999982 
0.00000000099999999991 0.41445508928664043236 0.00000000099999999991 0.00000000099999999991 0.39563947168826990586 0.00000000099999999991 0.00000000099999999991 0.00000000099999999991 0.18990543102508961049 0.00000000099999999991 0.00000000099999999991 
0.00000000099999999990 0.00000000099999999990 0.00000000099999999990 0.46436528351972555795 0.00000000099999999990 0.00000000099999999990 0.00000000099999999990 0.19648590486711700609 0.00000000099999999990 0.00000000099999999990 0.33914880361315730140 
0.00000000099999999999 0.00000000099999999999 0.00001315006829184606 0.82560961124474874229 0.00000000099999999999 0.00000001518794430752 0.00438353947158146018 0.00000000099999999999 0.00000000099999999999 0.16999142047559662183 0.00000225855183711962 
0.00000000099999999982 0.00000000099999999982 0.00000000099999999982 0.00000000099999999982 0.00000000099999999982 0.00000000099999999982 0.00000000099999999982 0.99999998999999994975 0.00000000099999999982 0.00000000099999999982 0.00000000099999999982 
0.00000000099999999988 0.00000000099999999988 0.00000362845127583260 0.00000000099999999988 0.00000000099999999988 0.00000000099999999988 0.00000000099999999988 0.33095630770694711709 0.00000000099999999988 0.00000000099999999988 0.66904005584177705934 
0.00000000099999999986 0.00000000099999999986 0.00000000099999999986 0.00000000099999999986 0.00000000099999999986 0.00000000099999999986 0.00000000099999999986 0.00000000099999999986 0.00000000099999999986 0.00000000099999999986 0.99999999000000006077 
0.00000000099999999974 0.00000000099999999974 0.00000000099999999974 0.00000000099999999974 0.00000000099999999974 0.00000000099999999974 0.00000000099999999974 0.00000000099999999974 0.00000000099999999974 0.00000000099999999974 0.99999999000000006077 
0.00000000099999999990 0.27338100945803567310 0.00000000099999999990 0.00000000099999999990 0.36037208781603879970 0.03571809869774428270 0.00000000099999999990 0.00000000099999999990 0.33052879702818127594 0.00000000099999999990 0.00000000099999999990 
0.99999999000000017180 0.00000000099999999986 0.00000000099999999986 0.00000000099999999986 0.00000000099999999986 0.00000000099999999986 0.00000000099999999986 0.00000000099999999986 0.00000000099999999986 0.00000000099999999986 0.00000000099999999986 
0.00000000099999999969 0.00000000099999999969 0.00000000099999999969 0.00000000099999999969 0.99999999000000006077 0.00000000099999999969 0.00000000099999999969 0.00000000099999999969 0.00000000099999999969 0.00000000099999999969 0.00000000099999999969 
0.00000000099999999992 0.51142749288813194042 0.00000000099999999992 0.00000000099999999992 0.00000000099999999992 0.00000000099999999992 0.00000000099999999992 0.00000000099999999992 0.48857249811186820310 0.00000000099999999992 0.00000000099999999992 
0.99999999000000017180 0.00000000099999999974 0.00000000099999999974 0.00000000099999999974 0.00000000099999999974 0.00000000099999999974 0.00000000099999999974 0.00000000099999999974 0.00000000099999999974 0.00000000099999999974 0.00000000099999999974 
0.00000000099999999968 0.00000000099999999968 0.00000000099999999968 0.00000000099999999968 0.00000000099999999968 0.00000000099999999968 0.00000000099999999968 0.00000000099999999968 0.00000000099999999968 0.99999998999999994975 0.00000000099999999968 
0.00000000099999999981 0.00000000099999999981 0.00000000099999999981 0.00000000099999999981 0.00000000099999999981 0.00000000099999999981 0.00000000099999999981 0.00000000099999999981 0.00000000099999999981 0.99999998999999994975 0.00000000099999999981 
0.00000000099999999974 0.99999999000000017180 0.00000000099999999974 0.00000000099999999974 0.00000000099999999974 0.00000000099999999974 0.00000000099999999974 0.00000000099999999974 0.00000000099999999974 0.00000000099999999974 0.00000000099999999974 
0.00000000099999999976 0.99999999000000017180 0.00000000099999999976 0.00000000099999999976 0.00000000099999999976 0.00000000099999999976 0.00000000099999999976 0.00000000099999999976 0.00000000099999999976 0.00000000099999999976 0.00000000099999999976 
0.00000000099999999976 0.99999999000000028282 0.00000000099999999976 0.00000000099999999976 0.00000000099999999976 0.00000000099999999976 0.00000000099999999976 0.00000000099999999976 0.00000000099999999976 0.00000000099999999976 0.00000000099999999976 
0.00000000099999999983 0.00000000099999999983 0.00000000099999999983 0.00000000099999999983 0.00000000099999999983 0.00000000099999999983 0.00000000099999999983 0.00000000099999999983 0.00000000099999999983 0.99999999000000006077 0.00000000099999999983 
0.00000000099999999993 0.00000000099999999993 0.00000000099999999993 0.00000000099999999993 0.00056328195948144829 0.00000000099999999993 0.00000000099999999993 0.00000000099999999993 0.05283689740736280394 0.94659981263315573496 0.00000000099999999993 
0.00000000099999999961 0.00000000099999999961 0.00000000099999999961 0.00000000099999999961 0.99999999000000006077 0.00000000099999999961 0.00000000099999999961 0.00000000099999999961 0.00000000099999999961 0.00000000099999999961 0.00000000099999999961 
0.99999999000000017180 0.00000000099999999977 0.00000000099999999977 0.00000000099999999977 0.00000000099999999977 0.00000000099999999977 0.00000000099999999977 0.00000000099999999977 0.00000000099999999977 0.00000000099999999977 0.00000000099999999977 
0.00000000099999999995 0.00000000099999999995 0.00000000099999999995 0.00000000099999999995 0.49730594522737453511 0.04199259136559509165 0.01629738754659634803 0.00000000099999999995 0.44268429499324979393 0.00171977486718415790 0.00000000099999999995 
0.00000000099999999972 0.00000000099999999972 0.00000000099999999972 0.00000000099999999972 0.00000000099999999972 0.00000000099999999972 0.00000000099999999972 0.00000000099999999972 0.00000000099999999972 0.99999998999999994975 0.00000000099999999972 
0.00000000099999999983 0.48411431484924494217 0.00000000099999999983 0.00000000099999999983 0.00000000099999999983 0.00000000099999999983 0.00000000099999999983 0.00000000099999999983 0.51588567615075486827 0.00000000099999999983 0.00000000099999999983 
0.02167465999222161974 0.00000000099999999997 0.05858165120906193984 0.00000000099999999997 0.00000000099999999997 0.00000000099999999997 0.01621695135200920332 0.41214185459745422691 0.00000000099999999997 0.00000000099999999997 0.49138487684925319376 
0.10489770055798103288 0.00000000099999999990 0.00000000099999999990 0.00000000099999999990 0.00000000099999999990 0.05426719547825271939 0.00000000099999999990 0.00000000099999999990 0.03945653497504530288 0.80137856198872103874 0.00000000099999999990 
0.00000000099999999996 0.07921388389617532721 0.00000000099999999996 0.41142896419622121407 0.00000000099999999996 0.00000000099999999996 0.01272943449355014300 0.08470914282141681073 0.00000000099999999996 0.00000000099999999996 0.41191856859263659141 
0.00000000099999999973 0.00000000099999999973 0.00000000099999999973 0.00000000099999999973 0.00000000099999999973 0.00000000099999999973 0.00000000099999999973 0.00000000099999999973 0.00000000099999999973 0.99999998999999994975 0.00000000099999999973 
0.00000000099999999977 0.00000000099999999977 0.00000000099999999977 0.00000000099999999977 0.00000000099999999977 0.00000000099999999977 0.00000000099999999977 0.00000000099999999977 0.99999999000000006077 0.00000000099999999977 0.00000000099999999977 
0.00000000099999999972 0.00000000099999999972 0.00000000099999999972 0.00000000099999999972 0.00000000099999999972 0.00000000099999999972 0.00000000099999999972 0.00000000099999999972 0.99999998999999994975 0.00000000099999999972 0.00000000099999999972 
0.00000000099999999979 0.00000000099999999979 0.00000000099999999979 0.00000000099999999979 0.00000000099999999979 0.00000000099999999979 0.00000000099999999979 0.00000000099999999979 0.00000000099999999979 0.99999998999999994975 0.00000000099999999979 
0.00000000099999999971 0.99999999000000017180 0.00000000099999999971 0.00000000099999999971 0.00000000099999999971 0.00000000099999999971 0.00000000099999999971 0.00000000099999999971 0.00000000099999999971 0.00000000099999999971 0.00000000099999999971 
0.02920592791944605707 0.52056147525863694092 0.03296019890858170598 0.11735077172018763825 0.00000000100000000000 0.00000000100000000000 0.07438316030993215311 0.02065623092890545368 0.13940143287839235064 0.00000010489834276107 0.06548069517757494629 
0.00000000099999999981 0.00000000099999999981 0.00000000099999999981 0.00000000099999999981 0.00000000099999999981 0.00000000099999999981 0.00000000099999999981 0.00000000099999999981 0.00000000099999999981 0.99999999000000006077 0.00000000099999999981 
0.00000000099999999986 0.00000000099999999986 0.00000000099999999986 0.00000000099999999986 0.00000000099999999986 0.00000000099999999986 0.00000000099999999986 0.00000000099999999986 0.99999998999999994975 0.00000000099999999986 0.00000000099999999986 
0.00000000099999999991 0.00000000099999999991 0.82946563373236226191 0.00000000099999999991 0.00000000099999999991 0.00000000099999999991 0.00000000099999999991 0.17053435726763785385 0.00000000099999999991 0.00000000099999999991 0.00000000099999999991 
0.00000000099999999938 0.00000000099999999938 0.00000000099999999938 0.00000000099999999938 0.00000000099999999938 0.00000000099999999938 0.99999998999999994975 0.00000000099999999938 0.00000000099999999938 0.00000000099999999938 0.00000000099999999938 
0.00000000099999999973 0.00000000099999999973 0.00000000099999999973 0.00000000099999999973 0.00000000099999999973 0.00000000099999999973 0.00000000099999999973 0.99999998999999994975 0.00000000099999999973 0.00000000099999999973 0.00000000099999999973 
0.00000000099999999974 0.00000000099999999974 0.00000000099999999974 0.99999999000000006077 0.00000000099999999974 0.00000000099999999974 0.00000000099999999974 0.00000000099999999974 0.00000000099999999974 0.00000000099999999974 0.00000000099999999974 
0.00000000099999999978 0.00000000099999999978 0.00000000099999999978 0.00000000099999999978 0.00000000099999999978 0.00000000099999999978 0.00000000099999999978 0.99999998999999994975 0.00000000099999999978 0.00000000099999999978 0.00000000099999999978 
0.00000000099999999991 0.00000000099999999991 0.00000000099999999991 0.38903926594138082962 0.00000000099999999991 0.00000000099999999991 0.00000000099999999991 0.06382700168005416008 0.00000000099999999991 0.00000000099999999991 0.54713372437856488961 
0.00000000099999999980 0.00000000099999999980 0.00000000099999999980 0.00000000099999999980 0.00000000099999999980 0.00000000099999999980 0.00000000099999999980 0.00000000099999999980 0.00000000099999999980 0.00000000099999999980 0.99999998999999994975 
0.00000000099999999999 0.00000000099999999999 0.15675349839914995420 0.14127289738753576187 0.00000000099999999999 0.00000000099999999999 0.00283946377780995140 0.25696583178877863141 0.08714189413455426803 0.01467212178006601329 0.34035428873210543665 
0.00000000099999999983 0.00000000099999999983 0.00000000099999999983 0.00000000099999999983 0.00000000099999999983 0.00000000099999999983 0.00000000099999999983 0.42781817593444909642 0.00000000099999999983 0.00000000099999999983 0.57218181506555076954 
0.00000000099999999972 0.00000000099999999972 0.00000000099999999972 0.00000000099999999972 0.00000000099999999972 0.00000000099999999972 0.00000000099999999972 0.00000000099999999972 0.00000000099999999972 0.99999999000000006077 0.00000000099999999972 
0.00000000099999999995 0.00000000099999999995 0.01618740109101670516 0.44005402631460405205 0.00000000099999999995 0.00000000099999999995 0.01221796894535672438 0.27066071395928836818 0.00000000099999999995 0.00000000099999999995 0.26087988368973419329 
0.00000000099999999940 0.00000000099999999940 0.00000000099999999940 0.00000000099999999940 0.00000000099999999940 0.00000000099999999940 0.99999998999999994975 0.00000000099999999940 0.00000000099999999940 0.00000000099999999940 0.00000000099999999940 
0.00000000099999999980 0.00000000099999999980 0.00000000099999999980 0.00000000099999999980 0.00000000099999999980 0.00000000099999999980 0.00000000099999999980 0.00000000099999999980 0.00000000099999999980 0.00000000099999999980 0.99999999000000006077 
0.00000000099999999983 0.00000000099999999983 0.99999999000000017180 0.00000000099999999983 0.00000000099999999983 0.00000000099999999983 0.00000000099999999983 0.00000000099999999983 0.00000000099999999983 0.00000000099999999983 0.00000000099999999983 
