0.00147382052847040181 0.32970760954836442203 0.00000000100000000000 0.56516598718162469606 0.10365258174154041992 
0.00000000099999999999 0.00000000099999999999 0.00509249591948531411 0.00000392341178991407 0.99490357866872480841 
0.00000000099999999999 0.00323759093324465759 0.02268868697683130292 0.14546118565062732264 0.82861253543929680454 
0.00000000099999999998 0.00000000099999999998 0.00000000099999999998 0.06780114953422948509 0.93219884746577053036 
0.00000000099999999997 0.00000000099999999997 0.00000000099999999997 0.10854505439476075379 0.89145494260523927554 
0.00000000099999999996 0.00000000099999999996 0.00000000099999999996 0.00000255949713442170 0.99999743750286551602 
0.00000000099999999991 0.00000000099999999991 0.99999999600000000211 0.00000000099999999991 0.00000000099999999991 
0.00000000099999999992 0.00000000099999999992 0.00000000099999999992 0.99999999600000000211 0.00000000099999999992 
0.01419164455699733172 0.00000000099999999996 0.00000000099999999996 0.06716418811411326018 0.91864416532888948375 
0.00000000099999999992 0.00000000099999999992 0.99999999599999989108 0.00000000099999999992 0.00000000099999999992 
0.00000000099999999994 0.00000000099999999994 0.99999999600000000211 0.00000000099999999994 0.00000000099999999994 
0.00000000099999999996 0.00000000099999999996 0.99999999600000000211 0.00000000099999999996 0.00000000099999999996 
0.01565634111178586946 0.13551700339563965692 0.69113036625800228219 0.00000000219252135492 0.15769628704205071457 
0.00000000099999999999 0.19575415220341113587 0.66206475872402636984 0.00001696850223140230 0.14216411957033101010 
0.00727077356011393734 0.50826150096958333524 0.27431692053859846325 0.20854781383988132970 0.00160299109182286117 
0.00000000099999999992 0.00000000099999999992 0.99999999600000000211 0.00000000099999999992 0.00000000099999999992 
0.00000000099999999999 0.27504375706620032283 0.59498722181425611755 0.10718711962265556337 0.02278190049688788577 
0.00000000776564091284 0.28537038193452751722 0.10671763655829442918 0.52506068176810394288 0.08285129197343311935 
0.00000000099999999981 0.99999999600000000211 0.00000000099999999981 0.00000000099999999981 0.00000000099999999981 
0.00000016502927921327 0.61648325010092652754 0.32565528374433272418 0.00000002007446929441 0.05786128105099206526 
0.00307788210839153630 0.17519966872976333594 0.68619647567730335247 0.00000000099999999999 0.13552597248454192891 
0.00000000099999999994 0.00000000099999999994 0.99999999599999989108 0.00000000099999999994 0.00000000099999999994 
0.00000000099999999986 0.99999999600000011313 0.00000000099999999986 0.00000000099999999986 0.00000000099999999986 
0.00000000099999999999 0.00000000099999999999 0.02529209809216174248 0.11039654779048564681 0.86431135211735254931 
0.00000000099999999994 0.00000000099999999994 0.99999999599999989108 0.00000000099999999994 0.00000000099999999994 
0.00000000099999999994 0.00000000099999999994 0.99999999600000000211 0.00000000099999999994 0.00000000099999999994 
0.03602595530171365940 0.12835654977143459710 0.67732377800901155673 0.00000000099999999999 0.15829371591784036077 
0.00483960974807211286 0.01768527992267486179 0.00000000100000000000 0.02784902352126537861 0.94962608580798768543 
0.00000000099999999996 0.00000000099999999996 0.00000000099999999996 0.07217612519076618827 0.92782387180923375780 
0.00000000099999999998 0.00000000099999999998 0.99811931919541407865 0.00188067780458584443 0.00000000099999999998 
0.00034092526645462101 0.03222518854154057116 0.88785666541514252081 0.07957721977686214865 0.00000000100000000000 
0.01459689235812781927 0.01870059877921829289 0.96670250686265379869 0.00000000099999999997 0.00000000099999999997 
0.00611300880140034069 0.00000000099999999999 0.05215179501032567860 0.02105923201663277566 0.92067596317164124287 
0.99999999600000000211 0.00000000099999999986 0.00000000099999999986 0.00000000099999999986 0.00000000099999999986 
0.04174238358613568262 0.00000000099999999999 0.00000000099999999999 0.10784920304184560103 0.85040841137201872435 
0.00000000099999999996 0.00001271921176886607 0.99998727778823104373 0.00000000099999999996 0.00000000099999999996 
0.00000000099999999990 0.99999999600000011313 0.00000000099999999990 0.00000000099999999990 0.00000000099999999990 
0.99999999600000000211 0.00000000099999999978 0.00000000099999999978 0.00000000099999999978 0.00000000099999999978 
0.00000000099999999997 0.00000000360225831331 0.99999999339774170437 0.00000000099999999997 0.00000000099999999997 
0.00000000099999999994 0.01430720434483733969 0.98569279265516263067 0.00000000099999999994 0.00000000099999999994 
0.00000000099999999994 0.00307843157623582551 0.99692156542376408890 0.00000000099999999994 0.00000000099999999994 
0.00000000099999999993 0.00000000099999999993 0.00000000099999999993 0.99999999600000000211 0.00000000099999999993 
0.00586594180495464846 0.00000000100000000000 0.08924113327661274686 0.84173512778853354366 0.06315779612989910752 
0.02764994166725354488 0.12857615219381890448 0.69291482573599283423 0.00000001436603919405 0.15085906603689558381 
0.01868020226426955060 0.04480608174197749788 0.30818300370904755381 0.00418742705337652940 0.62414328523132878157 
0.00000000099999999993 0.00000000099999999993 0.00000000099999999993 0.99999999600000000211 0.00000000099999999993 
0.00840555528000738565 0.00000000099999999998 0.99159444171999266970 0.00000000099999999998 0.00000000099999999998 
0.00000000099999999992 0.00000000099999999992 0.00000000099999999992 0.99999999600000000211 0.00000000099999999992 
0.00000000099999999995 0.00000000099999999995 0.00000000099999999995 0.99999999599999989108 0.00000000099999999995 
0.00000000099999999993 0.00000000099999999993 0.00000000099999999993 0.99999999599999989108 0.00000000099999999993 
0.02553917278537247773 0.00000000099999999998 0.00000000099999999998 0.11893608009973384576 0.85552474511489373654 
0.00000000099999999989 0.00000000099999999989 0.00000000099999999989 0.99999999599999989108 0.00000000099999999989 
0.00000000099999999992 0.00000000099999999992 0.00000000099999999992 0.99842549522284884667 0.00157450177715116836 
0.01715433441563401704 0.09218374674570982419 0.87697083846341516988 0.00000000099999999999 0.01369107937524102932 
0.00000076414735640845 0.01799541144625595168 0.00018099049083005169 0.16950438653305366365 0.81231844738250391647 
0.00268411690393259008 0.00000000099999999999 0.00000000099999999999 0.60363850879812697148 0.39367737229794053100 
0.00000000099999999995 0.00000000099999999995 0.00000000099999999995 0.99983336246458098806 0.00016663453541886891 
0.00571168690821747139 0.00000000099999999997 0.00000000099999999997 0.00002664393844658597 0.99426166715333597068 
0.00000000099999999994 0.00000000099999999994 0.00000000099999999994 0.99947916032701300537 0.00052083667298688453 
0.00000000099999999995 0.00000000099999999995 0.00000000099999999995 0.00000000162662728408 0.99999999537337269651 
0.00000000099999999995 0.00000000099999999995 0.00000000099999999995 0.03367593236447265909 0.96632406463552744658 
0.00000000099999999997 0.00000000099999999997 0.00000000099999999997 0.96148944834488603295 0.03851054865511385761 
0.00000000099999999994 0.00000000099999999994 0.00000000099999999994 0.99999999600000000211 0.00000000099999999994 
0.00000000099999999999 0.92845699286991889565 0.07154282133908482222 0.00000018379099625628 0.00000000099999999999 
0.00000000099999999995 0.00000000099999999995 0.00000000099999999995 0.03189690953647845995 0.96810308746352147224 
0.01595665141972592987 0.00629619366202768902 0.00000000099999999999 0.97747740077304134942 0.00026975314520494032 
0.00000000099999999991 0.99999999600000000211 0.00000000099999999991 0.00000000099999999991 0.00000000099999999991 
0.00457282497355322205 0.00052835882000803959 0.99489881420643877519 0.00000000099999999997 0.00000000099999999997 
0.00000000099999999997 0.00000000099999999997 0.00000000099999999997 0.00000007197912465274 0.99999992502087531321 
0.00000000099999999994 0.99999999600000000211 0.00000000099999999994 0.00000000099999999994 0.00000000099999999994 
0.00000000099999999992 0.99999999600000000211 0.00000000099999999992 0.00000000099999999992 0.00000000099999999992 
0.00000000099999999996 0.97915882074682591973 0.02084117625317397776 0.00000000099999999996 0.00000000099999999996 
0.00000000099999999998 0.16941855954082168934 0.67609718266156459965 0.00000000099999999998 0.15448425579761373982 
0.05279946532171880119 0.53794904392506937008 0.36069011714331356000 0.00000000100000000000 0.04856137260989833171 
0.02626106057932752272 0.42519410072279439916 0.31861051044891491868 0.13484208167613970231 0.09509224657282340509 
0.03019360173027763050 0.17795585369917757412 0.64343259603530345014 0.00017532660590234930 0.14824262192933895799 
0.00000000099999999994 0.00000000099999999994 0.99999999600000000211 0.00000000099999999994 0.00000000099999999994 
0.00000000099999999989 0.99999999600000011313 0.00000000099999999989 0.00000000099999999989 0.00000000099999999989 
0.07398388677635452104 0.51323677503082398843 0.39471913065029190504 0.00000000099999999999 0.01806020654252972132 
0.06465848039894077359 0.54377456391439937811 0.35195893069111405804 0.00000000099999999999 0.03960802399554587405 
0.03512783843946334916 0.87133751374173173954 0.09353464581880494011 0.00000000099999999999 0.00000000099999999999 
0.02113353568213801464 0.17584434247089458792 0.49965612008772491981 0.00036664157156938673 0.30299936018767303914 
0.00853660234366898120 0.07304809026306283148 0.79275069264729935981 0.01149558260337361394 0.11416903214259534194 
0.00970351354075880447 0.10944380893793968779 0.70348053991037162724 0.00000000571542100090 0.17737213189550873893 
0.00681079038885529404 0.99318918208711060025 0.00000002552403411659 0.00000000099999999997 0.00000000099999999997 
0.00000000099999999993 0.00000000099999999993 0.99999999599999989108 0.00000000099999999993 0.00000000099999999993 
0.00000000099999999997 0.03854689088093100208 0.96145310611906897869 0.00000000099999999997 0.00000000099999999997 
0.01670117820759385585 0.12687798790103407831 0.72979129699409617249 0.00000000099999999999 0.12662953589727593551 
0.00000000200811079459 0.00972323048664630943 0.99027676550524279531 0.00000000099999999996 0.00000000099999999996 
0.04413258907562544325 0.53338157160412857927 0.37824618059455583641 0.00000000099999999999 0.04423965772569004445 
0.00098520605404265856 0.14777620416793796343 0.63921528242361258521 0.04090592285990478361 0.17111738449450200616 
0.00000000099999999994 0.93653226010290213654 0.06346773689709790667 0.00000000099999999994 0.00000000099999999994 
0.03902154901530002773 0.10660019848814392129 0.68934921496472079117 0.00142645042120475326 0.16360258711063055403 
0.00000000099999999996 0.04803436957941274732 0.95196562742058732365 0.00000000099999999996 0.00000000099999999996 
0.00000000099999999993 0.00000000099999999993 0.00000000099999999993 0.99999999599999989108 0.00000000099999999993 
0.00000000099999999986 0.00000000099999999986 0.00000000099999999986 0.99999999599999989108 0.00000000099999999986 
0.02657380982157188376 0.00000000099999999997 0.00000000099999999997 0.01786792799817548197 0.95555826018025258328 
0.00000000099999999995 0.00000000099999999995 0.00000000099999999995 0.02849694079893475007 0.97150305620106514048 
0.05019198685677529748 0.91662248778225929868 0.00107928154979445071 0.03140958239233909710 0.00069666141883186546 
0.00000073639207983281 0.00981118967758118701 0.01573457013675437499 0.05390868526302498853 0.92054481853055958318 
0.00000427086676041416 0.00000000099999999997 0.00000000099999999997 0.00028303834225101117 0.99971268879098851290 
0.00638572479717750951 0.85957495516646698075 0.01301181849386415582 0.12102750054249132583 0.00000000099999999999 
0.02203798727003002111 0.00000000099999999999 0.12185323120748127457 0.10747531168522342360 0.74863346883726533676 
0.00000000099999999990 0.00000000099999999990 0.00000000099999999990 0.99999999599999989108 0.00000000099999999990 
0.00000000099999999999 0.83030718033242667531 0.00006627123287060397 0.12492483026874363905 0.04470171716595901235 
0.00000000099999999992 0.08839228505304040640 0.91160771194695955355 0.00000000099999999992 0.00000000099999999992 
0.00000000099999999990 0.99999999600000011313 0.00000000099999999990 0.00000000099999999990 0.00000000099999999990 
0.00838705788852584129 0.17387312221059714190 0.67281780981771721617 0.00000000100000000000 0.14492200908315974739 
0.00000000099999999995 0.00000000099999999995 0.99999999599999989108 0.00000000099999999995 0.00000000099999999995 
0.00000000099999999997 0.00000000099999999997 0.00000000099999999997 0.00029229439918963227 0.99970770260081032177 
0.00004662830943921250 0.17464479186458356508 0.00000193839278448328 0.04595405773655329706 0.77935258369663940048 
0.00000000099999999998 0.00000000099999999998 0.00000000099999999998 0.03844928703948122251 0.96155070996051872356 
0.00000000099999999997 0.00000000099999999997 0.00000000099999999997 0.07744350427931684377 0.92255649272068307454 
0.00000000099999999999 0.00000000099999999999 0.00000053888947673097 0.06589115852664267914 0.93410830058388050201 
0.00000000099999999993 0.00000000099999999993 0.00000000099999999993 0.08696892427245846158 0.91303107272754158164 
0.00000000099999999995 0.02261613268341803110 0.97738386431658197395 0.00000000099999999995 0.00000000099999999995 
0.02640657273584705658 0.15853699692837483481 0.66749349236575461486 0.00044499655507100540 0.14711794141495249111 
0.00000000099999999994 0.01789120434046732877 0.98210879265953276995 0.00000000099999999994 0.00000000099999999994 
0.00000000099999999997 0.00000064418879599351 0.99999935281120400088 0.00000000099999999997 0.00000000099999999997 
0.01191785063161510984 0.14987760803955871292 0.72096162704927624354 0.00000000100000000000 0.11724291327954985964 
0.00000000099999999986 0.99999999600000011313 0.00000000099999999986 0.00000000099999999986 0.00000000099999999986 
0.00000000099999999990 0.99999999600000011313 0.00000000099999999990 0.00000000099999999990 0.00000000099999999990 
0.00000000099999999991 0.00000000099999999991 0.99999999599999989108 0.00000000099999999991 0.00000000099999999991 
0.00000000099999999993 0.00000000099999999993 0.99999999599999989108 0.00000000099999999993 0.00000000099999999993 
0.00000000099999999993 0.00000169992273684875 0.99999829707726317629 0.00000000099999999993 0.00000000099999999993 
0.00000000099999999992 0.99999999600000000211 0.00000000099999999992 0.00000000099999999992 0.00000000099999999992 
0.00000000240465758220 0.96478272745827320378 0.03521726813706930331 0.00000000099999999997 0.00000000099999999997 
0.00000000099999999992 0.00000000099999999992 0.99999999599999989108 0.00000000099999999992 0.00000000099999999992 
0.01000853725445998224 0.14023516157666501836 0.71319559125392006926 0.00000000099999999999 0.13656070891495483699 
0.03378786718008592455 0.03972377453148967508 0.92648835628842440837 0.00000000099999999998 0.00000000099999999998 
0.00000000099999999987 0.99999999600000000211 0.00000000099999999987 0.00000000099999999987 0.00000000099999999987 
0.00000000099999999992 0.00029869981926115927 0.99970129718073885705 0.00000000099999999992 0.00000000099999999992 
0.02026970547977290094 0.00000000100000000000 0.00427529778019441597 0.09663207632678261216 0.87882291941324996998 
0.00237730304873907039 0.87848147073339377666 0.11914122421786725592 0.00000000099999999997 0.00000000099999999997 
0.01759891051606020732 0.00000000099999999999 0.06969575526749444139 0.00330541793580064330 0.90939991528064456627 
0.00000000099999999987 0.99999999600000011313 0.00000000099999999987 0.00000000099999999987 0.00000000099999999987 
0.00000000099999999994 0.00000110255291320427 0.99999889444708689457 0.00000000099999999994 0.00000000099999999994 
0.00000000099999999992 0.00000000099999999992 0.99999999600000000211 0.00000000099999999992 0.00000000099999999992 
0.00000000099999999990 0.99999999600000000211 0.00000000099999999990 0.00000000099999999990 0.00000000099999999990 
0.00000000099999999992 0.00000000099999999992 0.99999999599999989108 0.00000000099999999992 0.00000000099999999992 
0.07191906848116740025 0.01276227015047858536 0.68815313496233732060 0.04002766339779684213 0.18713786300821971809 
0.00000000099999999992 0.99999999600000011313 0.00000000099999999992 0.00000000099999999992 0.00000000099999999992 
0.00000000099999999999 0.00399684074824988196 0.99600315625175006584 0.00000000099999999999 0.00000000099999999999 
0.00463986080370356636 0.00000000099999999997 0.00000000099999999997 0.85951869278801018570 0.13584144440828632705 
0.99999999600000000211 0.00000000099999999974 0.00000000099999999974 0.00000000099999999974 0.00000000099999999974 
0.00000000099999999995 0.00000000099999999995 0.00000000099999999995 0.00154067672694904604 0.99845932027305095424 
0.00000000099999999996 0.00000000099999999996 0.00000000099999999996 0.01988177052476760784 0.98011822647523239027 
0.00000000099999999998 0.00000000099999999998 0.00000000099999999998 0.00012221485526031875 0.99987778214473954641 
0.00000000099999999997 0.00000000099999999997 0.00000000099999999997 0.00593330648982033897 0.99406669051017981786 
0.00000000099999999998 0.01263398433964904588 0.00000000099999999998 0.03239028277101603515 0.95497573088933507268 
0.00625860907370138966 0.02101071635705537358 0.07961461044832165990 0.18309038851156769767 0.71002567560935392343 
0.00000000099999999994 0.00000000099999999994 0.00000000099999999994 0.00000000099999999994 0.99999999600000000211 
0.00000000099999999986 0.99999999600000000211 0.00000000099999999986 0.00000000099999999986 0.00000000099999999986 
0.01567094749269934764 0.00000000099999999998 0.00000000099999999998 0.04872656704626528168 0.93560248346103536132 
0.99999999600000011313 0.00000000099999999976 0.00000000099999999976 0.00000000099999999976 0.00000000099999999976 
0.00000000099999999997 0.00000000099999999997 0.00000000099999999997 0.04655066775658429218 0.95344932924341574410 
0.00000000099999999992 0.00000000099999999992 0.00000000099999999992 0.99999999600000000211 0.00000000099999999992 
0.00000000099999999993 0.00000000099999999993 0.99999999599999989108 0.00000000099999999993 0.00000000099999999993 
0.00000000099999999990 0.00000000099999999990 0.00000000099999999990 0.99999999599999989108 0.00000000099999999990 
0.00000000099999999992 0.00000000099999999992 0.00000000099999999992 0.99999997162251275107 0.00000002537748721416 
0.00601461783974535733 0.00000069184235922675 0.01724852138966271459 0.06512882939934432069 0.91160733952888839404 
0.00000000226472212698 0.00000000099999999999 0.00000000099999999999 0.08507747223750229681 0.91492252349777569709 
0.00000000099999999994 0.00000000099999999994 0.00000000099999999994 0.99999999600000000211 0.00000000099999999994 
0.00000000099999999992 0.00000000099999999992 0.00000000099999999992 0.99999999600000000211 0.00000000099999999992 
0.00000001309539642575 0.00000000099999999998 0.00000000099999999998 0.08699163002829225777 0.91300835487631115672 
0.00000000099999999992 0.00000000099999999992 0.99999999599999989108 0.00000000099999999992 0.00000000099999999992 
0.01074582464844201987 0.01465166586914592832 0.00000000100000000000 0.09576107634441753669 0.87884143213799448269 
0.00000000099999999992 0.00000000099999999992 0.00000000099999999992 0.99999999600000000211 0.00000000099999999992 
0.00768230335292598415 0.00000000100000000000 0.00001578077175763984 0.02106327519246459917 0.97123863968285173431 
0.00000000099999999997 0.00000000099999999997 0.00000000099999999997 0.06384762727325700438 0.93615236972674309435 
0.00000000099999999993 0.00000000099999999993 0.00000000099999999993 0.99999999599999989108 0.00000000099999999993 
0.00000000099999999994 0.00000000099999999994 0.99999999600000000211 0.00000000099999999994 0.00000000099999999994 
0.00000000099999999996 0.00000000099999999996 0.00000000099999999996 0.99999999599999989108 0.00000000099999999996 
0.00000000099999999999 0.00014583932282963080 0.00000000099999999999 0.03970664479784397072 0.96014751387932639748 
0.00000000157839256274 0.01255343729942291070 0.01239991667282006049 0.03428717031184888575 0.94075947413751559445 
0.00000000099999999996 0.00000000099999999996 0.00000000099999999996 0.05030753623321698731 0.94969246076678293100 
0.00000000099999999992 0.00000000099999999992 0.99999999600000000211 0.00000000099999999992 0.00000000099999999992 
0.00000000100000000000 0.02209390042200768192 0.06648056120022687032 0.05407441013413825243 0.85735112724362727565 
0.00807523960121989126 0.00000000099999999998 0.00000000099999999998 0.08087072607338718910 0.91105403232539294844 
0.00000000099999999995 0.00000000099999999995 0.00000000099999999995 0.00000000099999999995 0.99999999599999989108 
0.02077300384593605206 0.00000000099999999999 0.00000000099999999999 0.00845125446297443489 0.97077573969108943430 
0.00000000099999999999 0.00000000099999999999 0.03511226396204298467 0.82184400572742810631 0.14304372831052891701 
0.00000005241426909193 0.00000000099999999999 0.86789890126517199587 0.13210104432055888579 0.00000000099999999999 
0.00228134231383133896 0.00000591264293576337 0.03328442206478639254 0.02380124267502687491 0.94062708030341968257 
0.00000000099999999987 0.00000000099999999987 0.00000000099999999987 0.99999999600000000211 0.00000000099999999987 
0.00000000099999999999 0.00000000099999999999 0.00000000099999999999 0.99895467164796181159 0.00104532535203810304 
0.00000000099999999999 0.05336940085477331897 0.00000000099999999999 0.63232471008480406471 0.31430588706042256186 
0.00000695477539668970 0.00000000100000000000 0.45899459958188981723 0.35748750100872822566 0.18351094363398520737 
0.00000000099999999994 0.00000000099999999994 0.00000000099999999994 0.00000233957286650820 0.99999765742713353500 
0.02956110991852127501 0.05589717414408001961 0.42147535815897935185 0.11371215284395126688 0.37935420493446803114 
0.01205744009152578781 0.02249759952486526937 0.09355688595786815220 0.01697484639222407443 0.85491322803351665893 
0.00000000099999999999 0.00000000099999999999 0.00000000099999999999 0.00000000099999999999 0.99999999599999989108 
0.00000000099999999999 0.00000000099999999999 0.36749712290298214290 0.00004944793675472703 0.63245342716026320407 
0.00000000099999999999 0.00000000099999999999 0.02113033038043384687 0.35218269136729257740 0.62668697625227354209 
0.00000000099999999999 0.81344701243830785931 0.00000000099999999999 0.01575298175231981332 0.17080000380937249149 
0.01096643332189975104 0.15436064419272380044 0.68074667108082709266 0.00000000100000000000 0.15392625040454946395 
0.00000000099999999998 0.00000000099999999998 0.00000000099999999998 0.06582235493744248434 0.93417764206255737847 
0.00000000099999999993 0.00000000099999999993 0.00000000099999999993 0.99999999600000000211 0.00000000099999999993 
0.00000000099999999995 0.00000000099999999995 0.00000000099999999995 0.99999999600000000211 0.00000000099999999995 
0.00000000099999999993 0.00000000099999999993 0.00000000099999999993 0.99999999600000000211 0.00000000099999999993 
0.99999999600000000211 0.00000000099999999991 0.00000000099999999991 0.00000000099999999991 0.00000000099999999991 
0.00000000100000000000 0.00000009790586920863 0.00000028487237284104 0.03021123210540536258 0.96978838411635259753 
0.00000000099999999995 0.00000000099999999995 0.00000000099999999995 0.01473218629072857271 0.98526781070927149653 
0.01614084867044861607 0.00000000099999999997 0.00000000099999999997 0.93755648367472155247 0.04630266565482991925 
0.00121038592923352760 0.00000000099999999999 0.00000283283038910773 0.08558155476700107789 0.91320522547337623642 
0.00000000099999999993 0.00000000099999999993 0.00000000099999999993 0.99999999599999989108 0.00000000099999999993 
0.99999999600000011313 0.00000000099999999975 0.00000000099999999975 0.00000000099999999975 0.00000000099999999975 
0.00000000099999999994 0.00000000099999999994 0.00000000099999999994 0.99999999599999989108 0.00000000099999999994 
0.00000000099999999996 0.00000000099999999996 0.00000000099999999996 0.99999029145066187230 0.00000970554933823795 
0.99999999600000000211 0.00000000099999999975 0.00000000099999999975 0.00000000099999999975 0.00000000099999999975 
0.99999999600000011313 0.00000000099999999986 0.00000000099999999986 0.00000000099999999986 0.00000000099999999986 
0.00844947628967289595 0.00000000099999999998 0.00000000099999999998 0.00000000187244190262 0.99155051983788511372 
0.00000000099999999988 0.00000000099999999988 0.00000000099999999988 0.99999999599999989108 0.00000000099999999988 
0.02493825812373794831 0.00000000099999999998 0.00000000099999999998 0.03905104283567126938 0.93601069704059070009 
0.00000000099999999991 0.00000000099999999991 0.00000000099999999991 0.99999999599999989108 0.00000000099999999991 
