0.33104638987462320365 0.55466434163061717477 0.00051596444170459678 0.00000000099999999999 0.11377330205305502542 0.00000000099999999999 
0.00000000099999999998 0.00000000099999999998 0.00000000099999999998 0.00000000099999999998 0.97277708176866839462 0.02722291423133163871 
0.00485909389744981074 0.13806750615432514251 0.00000000099999999999 0.02320084905457128754 0.83385237711899284907 0.00002017277466088440 
0.00000000099999999998 0.06500522014125807713 0.00000000099999999998 0.00000000099999999998 0.92512865741603533820 0.00986611944270653074 
0.00000000099999999997 0.10423637712456441939 0.00000000099999999997 0.00000000099999999997 0.89576361887543554108 0.00000000099999999997 
0.00000000099999999996 0.00000000244023941943 0.00000000099999999996 0.00000000099999999996 0.99999999355976065818 0.00000000099999999996 
0.00000000099999999991 0.00000000099999999991 0.00000000099999999991 0.97183316594428170720 0.00000000099999999991 0.02816683005571827755 
0.00000000099999999990 0.99999999500000014141 0.00000000099999999990 0.00000000099999999990 0.00000000099999999990 0.00000000099999999990 
0.00000000099999999994 0.05640004332986221780 0.01669367857209603026 0.00000000099999999994 0.92690627509804168760 0.00000000099999999994 
0.00000000099999999991 0.00000000099999999991 0.00000000099999999991 0.99999999499999991937 0.00000000099999999991 0.00000000099999999991 
0.00000000160873384813 0.00000000099999999995 0.00000000099999999995 0.99999998382559829313 0.00000000099999999995 0.00000001156566777202 
0.00000000099999999995 0.00000000099999999995 0.00000000099999999995 0.99999999500000003039 0.00000000099999999995 0.00000000099999999995 
0.00000000099999999989 0.00000000099999999989 0.00000000099999999989 0.00000000099999999989 0.00000000099999999989 0.99999999500000003039 
0.16976306015086048418 0.00000130245297535094 0.00000000099999999999 0.55078288339873804347 0.12486977722382727740 0.15458297577359880748 
0.41156921927783662873 0.16586093483524938508 0.00000000099999999999 0.00000000099999999999 0.00000000099999999999 0.42256984288691412655 
0.00000000099999999992 0.00000000099999999992 0.00000000099999999992 0.99998581898217198116 0.00000000099999999992 0.00001417701782808255 
0.24027035024256243601 0.10385553638820307909 0.00000000099999999999 0.44845424411989909252 0.00243304770214970191 0.20498682054718575518 
0.23994944043807819867 0.52772048256342229955 0.00000000099999999999 0.00000000099999999999 0.04255096035822451134 0.18977911464027491517 
0.99999999500000014141 0.00000000099999999977 0.00000000099999999977 0.00000000099999999977 0.00000000099999999977 0.00000000099999999977 
0.49517964257756003077 0.00000000099999999998 0.00000000099999999998 0.00000111032121631926 0.00000000099999999998 0.50481924410122358537 
0.00000000099999999980 0.00000000099999999980 0.00000000099999999980 0.00000000099999999980 0.00000000099999999980 0.99999999499999991937 
0.00000000099999999994 0.00000000099999999994 0.00000000099999999994 0.97838491895008228294 0.00000000099999999994 0.02161507704991771917 
0.99999999500000014141 0.00000000099999999984 0.00000000099999999984 0.00000000099999999984 0.00000000099999999984 0.00000000099999999984 
0.00000000099999999998 0.10571876346193523344 0.00000000099999999998 0.00000000099999999998 0.84317526698231737292 0.05110596655574733277 
0.00000000099999999994 0.00000000099999999994 0.00000000099999999994 0.97410543219552692129 0.00000000099999999994 0.02589456380447292816 
0.00000000099999999995 0.00000000099999999995 0.00000000099999999995 0.99936068714653825129 0.00000000099999999995 0.00063930885346169042 
0.00000000099999999994 0.00000000099999999994 0.00000000099999999994 0.00000000099999999994 0.00000000099999999994 0.99999999500000003039 
0.00293835369278293377 0.01862969694481878685 0.00696296957116207104 0.00000000099999999999 0.94364652656782610496 0.02782245222341021146 
0.00000000099999999996 0.06455101392515091852 0.00000000099999999996 0.00000000099999999996 0.93544898207484916686 0.00000000099999999996 
0.00000000099999999999 0.00000000180663379498 0.00000000099999999999 0.99997209795209751615 0.00000000099999999999 0.00002789724126877608 
0.03369310305383808185 0.08337870569137091625 0.00006305724257215022 0.88286511278862500607 0.00000000100000000000 0.00000002022359370018 
0.01662755130423545363 0.00000000099999999997 0.01484943992873634377 0.93371586353794566726 0.00000000099999999997 0.03480714322908272373 
0.00000000099999999999 0.01644253819286226395 0.00000000596846415128 0.00049341989078708617 0.91283057954768587194 0.07023345540020055344 
0.00000000099999999983 0.00000000099999999983 0.99999999499999991937 0.00000000099999999983 0.00000000099999999983 0.00000000099999999983 
0.00000000099999999999 0.10568136099952622764 0.04275593025564513455 0.00000000099999999999 0.84569466071305632315 0.00586804603177233826 
0.00131958794275867245 0.00000000099999999996 0.00000000099999999996 0.99868040805724134223 0.00000000099999999996 0.00000000099999999996 
0.99999999500000014141 0.00000000099999999989 0.00000000099999999989 0.00000000099999999989 0.00000000099999999989 0.00000000099999999989 
0.00000000099999999973 0.00000000099999999973 0.99999999500000003039 0.00000000099999999973 0.00000000099999999973 0.00000000099999999973 
0.00000000099999999996 0.00000000099999999996 0.00000000099999999996 0.99999999500000003039 0.00000000099999999996 0.00000000099999999996 
0.00806485964930433313 0.00000000099999999993 0.00000000099999999993 0.99193513635069563428 0.00000000099999999993 0.00000000099999999993 
0.00000267655919235317 0.00000000099999999995 0.00000000099999999995 0.95885720185100542512 0.00000000099999999995 0.04114011858980234915 
0.00000000099999999992 0.99999999500000014141 0.00000000099999999992 0.00000000099999999992 0.00000000099999999992 0.00000000099999999992 
0.00000000100000000000 0.83510957403649233033 0.00488437430255292664 0.08600676870427603760 0.07294923578625908678 0.00105004617041955044 
0.00000000099999999993 0.00000000099999999993 0.00000000099999999993 0.00000000099999999993 0.00000000099999999993 0.99999999500000003039 
0.00000000099999999998 0.00806604242805418828 0.00000000099999999998 0.00000000099999999998 0.50764698759166515529 0.48428696698028073087 
0.00000000099999999991 0.99999999500000003039 0.00000000099999999991 0.00000000099999999991 0.00000000099999999991 0.00000000099999999991 
0.00000000099999999998 0.00000000099999999998 0.00846862696648230731 0.98108568948992624925 0.00000000099999999998 0.01044568054359147451 
0.00000000099999999990 0.99999999500000014141 0.00000000099999999990 0.00000000099999999990 0.00000000099999999990 0.00000000099999999990 
0.00000000099999999993 0.99999999500000014141 0.00000000099999999993 0.00000000099999999993 0.00000000099999999993 0.00000000099999999993 
0.00000000099999999991 0.99999999500000014141 0.00000000099999999991 0.00000000099999999991 0.00000000099999999991 0.00000000099999999991 
0.00000000099999999998 0.11366109544774158358 0.02735730870488803021 0.00000000099999999998 0.85898158366807653152 0.00000001017929385067 
0.00000000099999999986 0.99999999500000014141 0.00000000099999999986 0.00000000099999999986 0.00000000099999999986 0.00000000099999999986 
0.00000000099999999990 0.99415933102279319122 0.00000000099999999990 0.00000000099999999990 0.00584066497720683864 0.00000000099999999990 
0.00190286370623189119 0.00000000099999999995 0.00000402845880925759 0.51776089596031360518 0.00000000099999999995 0.48033220987464519958 
0.01206303242963766009 0.16625121358183847509 0.00000001123214057417 0.00000000100000000000 0.80276613368378135771 0.01891960807260190461 
0.00000000099999999998 0.59290130154873332824 0.00296925097947290653 0.00000000099999999998 0.40412944447179366403 0.00000000099999999998 
0.00000000099999999994 0.99998091172134251359 0.00000000099999999994 0.00000000099999999994 0.00001908427865753264 0.00000000099999999994 
0.00000000099999999997 0.00000705675065863765 0.00828591457357417613 0.00000000099999999997 0.99170702567576718423 0.00000000099999999997 
0.00000000099999999993 0.99820885669070480439 0.00000000099999999993 0.00000000099999999993 0.00179113930929517711 0.00000000099999999993 
0.00000000099999999994 0.00000000099999999994 0.00000000099999999994 0.00000000099999999994 0.99999999499999991937 0.00000000099999999994 
0.00000000099999999995 0.02712444101352085371 0.00000000099999999995 0.00000000099999999995 0.97287555498647915186 0.00000000099999999995 
0.00000000099999999996 0.95934149346332031616 0.00000000099999999996 0.00000000099999999996 0.04065850253667979003 0.00000000099999999996 
0.00000000099999999991 0.99999999500000003039 0.00000000099999999991 0.00000000099999999991 0.00000000099999999991 0.00000000099999999991 
0.92417627720900341615 0.00000000398253719724 0.00000000099999999999 0.07582371580845943815 0.00000000099999999999 0.00000000099999999999 
0.00000000099999999995 0.03127685408532260986 0.00000000099999999995 0.00000000099999999995 0.96872314191467745470 0.00000000099999999995 
0.00469168516499078071 0.97816267996074968138 0.01698066000993221636 0.00000000099999999998 0.00016497286432743446 0.00000000099999999998 
0.99999999500000014141 0.00000000099999999990 0.00000000099999999990 0.00000000099999999990 0.00000000099999999990 0.00000000099999999990 
0.00006129255236915482 0.00000000099999999997 0.00933641065662087904 0.99060193826543940787 0.00000000099999999997 0.00000035652557067684 
0.00000000099999999996 0.00000000118644501810 0.00000000099999999996 0.00000000099999999996 0.99999999481355505981 0.00000000099999999996 
0.99999999500000003039 0.00000000099999999994 0.00000000099999999994 0.00000000099999999994 0.00000000099999999994 0.00000000099999999994 
0.99884420825265907151 0.00000000099999999992 0.00000000099999999992 0.00000000099999999992 0.00000000099999999992 0.00115578774734108954 
0.97825672960614284968 0.00000000099999999996 0.00000000099999999996 0.02174326639385724264 0.00000000099999999996 0.00000000099999999996 
0.00000000099999999992 0.00000000099999999992 0.00000000099999999992 0.00000000099999999992 0.00000000099999999992 0.99999999500000003039 
0.37881179867529324312 0.00000000099999999995 0.00002035938168339237 0.00000000099999999995 0.00000000099999999995 0.62116783894302329827 
0.27490433947168707585 0.14045164172636159794 0.02516340368405586836 0.02303880288940712839 0.00009786761830813438 0.53634394461018031208 
0.00000000099999999993 0.00000000099999999993 0.00000000099999999993 0.00000000099999999993 0.00000000099999999993 0.99999999500000003039 
0.00000000099999999993 0.00000000099999999993 0.00000000099999999993 0.99999999500000003039 0.00000000099999999993 0.00000000099999999993 
0.99999999500000003039 0.00000000099999999989 0.00000000099999999989 0.00000000099999999989 0.00000000099999999989 0.00000000099999999989 
0.34119904432686198881 0.00000000099999999993 0.01715488653099166150 0.00000000099999999993 0.00000000099999999993 0.64164606614214636515 
0.37458490323715393222 0.00000000099999999994 0.02373805922465316992 0.00000000099999999994 0.00000000099999999994 0.60167703453819265658 
0.85263324355533809396 0.00000000099999999999 0.03708716376037014123 0.07282575619703519909 0.00000000099999999999 0.03745383448725660147 
0.07587603013862645462 0.00017353207528799283 0.00904165750425777598 0.16039402253828516365 0.20237114135321457309 0.55214361639032794038 
0.07078168930972050799 0.00285626927581026160 0.00250360488596819463 0.78993993595831868415 0.13391407655330436755 0.00000442401687790784 
0.00000000099999999993 0.00000000099999999993 0.00000000099999999993 0.00000000099999999993 0.00000000099999999993 0.99999999500000003039 
0.99088023003523528764 0.00000000099999999998 0.00910235739919751201 0.00001739819818025706 0.00000000099999999998 0.00000001236738703413 
0.00000000099999999992 0.00000000099999999992 0.00000000099999999992 0.99999999500000003039 0.00000000099999999992 0.00000000099999999992 
0.03531805434537701321 0.00000000099999999997 0.00000000099999999997 0.93060934806112560747 0.00000000099999999997 0.03407259459349743641 
0.00000000099999999991 0.00000000099999999991 0.00000000099999999991 0.00000000099999999991 0.00000000099999999991 0.99999999500000003039 
0.01206422631860611452 0.00000000099999999996 0.00000000099999999996 0.98422365264300926135 0.00000000099999999996 0.00371211803838467427 
0.36824761592286148204 0.00000000099999999995 0.00977590238937144432 0.00000000099999999995 0.00000000099999999995 0.62197647868776706481 
0.00000000099999999998 0.03921559723572228678 0.00000000099999999998 0.00000000099999999998 0.00000000099999999998 0.96078439876427768063 
0.93187445741421826018 0.00000000099999999993 0.00000000099999999993 0.06812553858578190846 0.00000000099999999993 0.00000000099999999993 
0.00000000099999999997 0.00000000099999999997 0.00000000099999999997 0.01241200127715122795 0.00000000099999999997 0.98758799472284886090 
0.04875326419831553515 0.00000000099999999996 0.00000000099999999996 0.93251412977281622485 0.00000000099999999996 0.01873260302886836301 
0.00000000099999999991 0.99999999500000003039 0.00000000099999999991 0.00000000099999999991 0.00000000099999999991 0.00000000099999999991 
0.00000000099999999982 0.99999999500000014141 0.00000000099999999982 0.00000000099999999982 0.00000000099999999982 0.00000000099999999982 
0.00000000099999999996 0.01491161532593609021 0.02950103677169433128 0.00000000099999999996 0.95558734490236951764 0.00000000099999999996 
0.00000000099999999995 0.02004242547317050191 0.00000000800358011060 0.00000000099999999995 0.97995756352324936422 0.00000000099999999995 
0.90795467359775960947 0.02485460040607999008 0.04904544431224915069 0.00079278058234915358 0.00849401825483484842 0.00885848284672738524 
0.00000000099999999997 0.05854948284017207072 0.00000000099999999997 0.00000000099999999997 0.85991756602847457813 0.08153294813135338048 
0.00000000099999999997 0.00000095034303760124 0.00000093955704760522 0.00000000099999999997 0.99999810709991487911 0.00000000099999999997 
0.85494241187725472653 0.12470623528197521956 0.00090326478110384619 0.01944808605966612952 0.00000000099999999999 0.00000000099999999999 
0.00000000099999999999 0.10026340274896353155 0.02096011360743189195 0.10423355811862862474 0.75070641533870707818 0.02383650918626894349 
0.00000000099999999988 0.99999999500000014141 0.00000000099999999988 0.00000000099999999988 0.00000000099999999988 0.00000000099999999988 
0.82434446863453736398 0.12591221959208687142 0.00000000099999999999 0.00006445450897706300 0.04967856521502025946 0.00000029104937849039 
0.08529925669873833494 0.00000000099999999993 0.00000000099999999993 0.89297394938593954716 0.00000000099999999993 0.02172679091532218193 
0.99999999500000014141 0.00000000099999999988 0.00000000099999999988 0.00000000099999999988 0.00000000099999999988 0.00000000099999999988 
0.00000000099999999990 0.00000000099999999990 0.00000000099999999990 0.00000000099999999990 0.00000000099999999990 0.99999999499999991937 
0.00000000099999999996 0.00000000099999999996 0.00000000099999999996 0.99964443810313197147 0.00000000099999999996 0.00035555789686806543 
0.00000000099999999996 0.00000036997625064731 0.00000000099999999996 0.00000000099999999996 0.99999962602374925513 0.00000000099999999996 
0.17035607057250545804 0.03948357626865277997 0.00006593029184676247 0.00000003207704562987 0.78020386126649421410 0.00989052952345511119 
0.00000000099999999998 0.03284310831858702068 0.00000000099999999998 0.00000000099999999998 0.96706056099736581455 0.00009632768404725053 
0.00000000099999999997 0.06945505807317195468 0.00000000099999999997 0.00000000099999999997 0.93054493792682801967 0.00000000099999999997 
0.00000000099999999999 0.05754447974713252506 0.00000000099999999999 0.00069430968966014371 0.94176120756320735872 0.00000000099999999999 
0.00000000099999999992 0.08194506558717593037 0.00000000099999999992 0.00000000099999999992 0.91805493041282404398 0.00000000099999999992 
0.02555143444877488318 0.00000000099999999996 0.00000000099999999996 0.96681149404091126787 0.00000000099999999996 0.00763706851031388696 
0.00000000099999999996 0.00000000099999999996 0.00000000099999999996 0.00000000099999999996 0.00000000099999999996 0.99999999500000003039 
0.01429003672477413382 0.00000000099999999995 0.00000000099999999995 0.98561852285502560278 0.00000000099999999995 0.00009143742020030620 
0.00000010501896223483 0.00000000099999999997 0.00000000099999999997 0.99999989098103769791 0.00000000099999999997 0.00000000099999999997 
0.00000000099999999989 0.00000000099999999989 0.00000000099999999989 0.00000000099999999989 0.00000000099999999989 0.99999999500000003039 
0.99999999500000014141 0.00000000099999999984 0.00000000099999999984 0.00000000099999999984 0.00000000099999999984 0.00000000099999999984 
0.99999999500000003039 0.00000000099999999990 0.00000000099999999990 0.00000000099999999990 0.00000000099999999990 0.00000000099999999990 
0.00000000099999999991 0.00000000099999999991 0.00000000099999999991 0.99999999499999991937 0.00000000099999999991 0.00000000099999999991 
0.00000000099999999993 0.00000000099999999993 0.00000000099999999993 0.99999999499999991937 0.00000000099999999993 0.00000000099999999993 
0.00000000252112323701 0.00000000099999999992 0.00000000099999999992 0.99999999347887680301 0.00000000099999999992 0.00000000099999999992 
0.99999999500000014141 0.00000000099999999991 0.00000000099999999991 0.00000000099999999991 0.00000000099999999991 0.00000000099999999991 
0.96128536260676611391 0.00000000099999999997 0.00000000099999999997 0.03871463339323389513 0.00000000099999999997 0.00000000099999999997 
0.00000000099999999993 0.00000000099999999993 0.00000000099999999993 0.99999999499999991937 0.00000000099999999993 0.00000000099999999993 
0.00000000099999999991 0.00000000099999999991 0.00000000099999999991 0.00000000099999999991 0.00000000099999999991 0.99999999499999991937 
0.03096031052179102142 0.00000000099999999999 0.03347471511499387764 0.87773496314754217984 0.00000000099999999999 0.05783000921567291869 
0.99999999500000003039 0.00000000099999999986 0.00000000099999999986 0.00000000099999999986 0.00000000099999999986 0.00000000099999999986 
0.00000856860673836420 0.00000000099999999992 0.00000000099999999992 0.99999142739326152274 0.00000000099999999992 0.00000000099999999992 
0.00000000099999999999 0.09423588052022921491 0.01194089361633168811 0.00000000099999999999 0.86439370390985015291 0.02942951995358896594 
0.83403915015137597422 0.00000000099999999996 0.00000000356720186802 0.00819088968336221038 0.00000000099999999996 0.15776995459805992494 
0.00000000099999999998 0.00046986175631372478 0.01554087358348828565 0.07446642388268538693 0.90952283877751260999 0.00000000099999999998 
0.99999999500000003039 0.00000000099999999986 0.00000000099999999986 0.00000000099999999986 0.00000000099999999986 0.00000000099999999986 
0.00000000292397259867 0.00000000099999999995 0.00000000099999999995 0.99991116516681333160 0.00000000099999999995 0.00008882890921418054 
0.00000000099999999991 0.00000000099999999991 0.00000000099999999991 0.99999999500000003039 0.00000000099999999991 0.00000000099999999991 
0.99999999500000014141 0.00000000099999999989 0.00000000099999999989 0.00000000099999999989 0.00000000099999999989 0.00000000099999999989 
0.00000000099999999992 0.00000000099999999992 0.00000000099999999992 0.99999999500000003039 0.00000000099999999992 0.00000000099999999992 
0.01342152945581240146 0.03427721164052228292 0.07033427902341031490 0.64362596085125656220 0.19325719539399258129 0.04508382363500581386 
0.99999999500000003039 0.00000000099999999991 0.00000000099999999991 0.00000000099999999991 0.00000000099999999991 0.00000000099999999991 
0.00059390909829161063 0.00000383693136730682 0.00000000099999999999 0.99940225097034107726 0.00000000099999999999 0.00000000099999999999 
0.00000000099999999996 0.85741729908794472870 0.00467590700800455880 0.00000000099999999996 0.13790679090405075224 0.00000000099999999996 
0.00000000099999999969 0.00000000099999999969 0.99999999500000003039 0.00000000099999999969 0.00000000099999999969 0.00000000099999999969 
0.00000000099999999993 0.00006581261288764809 0.00000000099999999993 0.00000000099999999993 0.99993418338711237414 0.00000000099999999993 
0.00000000099999999995 0.01177458286511685534 0.00000000099999999995 0.00000000099999999995 0.98822541313488310166 0.00000000099999999995 
0.00000000099999999997 0.00000000099999999997 0.00000000099999999997 0.00000000099999999997 0.99999999499999991937 0.00000000099999999997 
0.00000000099999999996 0.00350521342776977411 0.00000000099999999996 0.00000000099999999996 0.99649478257223023103 0.00000000099999999996 
0.01448174697441045530 0.02644885355968709315 0.00000000099999999998 0.00000000099999999998 0.95906939646590227966 0.00000000099999999998 
0.02052988554547059002 0.17706569224485396719 0.00574307172720065970 0.08035884862807418649 0.71630250085440050345 0.00000000100000000000 
0.00000000099999999994 0.00000000099999999994 0.00000000099999999994 0.00000000099999999994 0.99999999500000003039 0.00000000099999999994 
0.99999999500000003039 0.00000000099999999985 0.00000000099999999985 0.00000000099999999985 0.00000000099999999985 0.00000000099999999985 
0.00000000099999999998 0.04187504495872517579 0.01618348105142407636 0.00000000099999999998 0.94194147098985070432 0.00000000099999999998 
0.00000000099999999970 0.00000000099999999970 0.99999999500000003039 0.00000000099999999970 0.00000000099999999970 0.00000000099999999970 
0.00000000099999999997 0.03756285621992083712 0.00000000099999999997 0.00000000099999999997 0.96243713978007905396 0.00000000099999999997 
0.00000000099999999990 0.99999999500000003039 0.00000000099999999990 0.00000000099999999990 0.00000000099999999990 0.00000000099999999990 
0.00000000099999999992 0.00000000099999999992 0.00000000099999999992 0.99999999499999991937 0.00000000099999999992 0.00000000099999999992 
0.00000000099999999987 0.99999999500000003039 0.00000000099999999987 0.00000000099999999987 0.00000000099999999987 0.00000000099999999987 
0.00000000099999999990 0.99999999500000014141 0.00000000099999999990 0.00000000099999999990 0.00000000099999999990 0.00000000099999999990 
0.00000000100000000000 0.05640069013329904180 0.00571386772129724337 0.00991590818481428472 0.91423991621482902925 0.01372961674576025914 
0.00000000099999999997 0.07702096905887829970 0.00000000099999999997 0.00000000099999999997 0.89636257067950597666 0.02661645726161560033 
0.00000000099999999993 0.99999999500000003039 0.00000000099999999993 0.00000000099999999993 0.00000000099999999993 0.00000000099999999993 
0.00000000099999999990 0.99999999500000014141 0.00000000099999999990 0.00000000099999999990 0.00000000099999999990 0.00000000099999999990 
0.00000000099999999997 0.08257405326418681968 0.00000150687229653339 0.00000000099999999997 0.91742443686351660137 0.00000000099999999997 
0.00000000099999999992 0.00000000099999999992 0.00000000099999999992 0.99999999499999991937 0.00000000099999999992 0.00000000099999999992 
0.01697994330809754829 0.08935491154729259533 0.01029584746017096937 0.00000000100000000000 0.88336737697308198580 0.00000191971135705221 
0.00000000099999999989 0.99999999500000014141 0.00000000099999999989 0.00000000099999999989 0.00000000099999999989 0.00000000099999999989 
0.00000000099999999999 0.02984786085866351565 0.00021757727896887680 0.00000000099999999999 0.93759350704442379065 0.03234105281794390219 
0.00000000099999999997 0.05822293066216042978 0.00000000099999999997 0.00000000099999999997 0.94177706533783955845 0.00000000099999999997 
0.00000000099999999991 0.99999999500000003039 0.00000000099999999991 0.00000000099999999991 0.00000000099999999991 0.00000000099999999991 
0.00000000099999999992 0.00000000099999999992 0.00000000099999999992 0.99999999499999991937 0.00000000099999999992 0.00000000099999999992 
0.00000000099999999995 0.99999999500000003039 0.00000000099999999995 0.00000000099999999995 0.00000000099999999995 0.00000000099999999995 
0.00406233266371049118 0.02666190897552218192 0.00000000099999999998 0.00000000099999999998 0.96927575536076737706 0.00000000099999999998 
0.00080227439790853247 0.02589501476178798778 0.00000000100000000000 0.00000000100000000000 0.93272943819213616212 0.04057327064816718121 
0.00000000099999999996 0.04495160450753549197 0.00000000099999999996 0.00000000099999999996 0.94978906672312402026 0.00525932576934044597 
0.00000000099999999991 0.00000000099999999991 0.00000000099999999991 0.99999999500000003039 0.00000000099999999991 0.00000000099999999991 
0.00000000099999999998 0.05832180156333096471 0.00000000099999999998 0.00000000099999999998 0.80023152176365974775 0.14144667367300928218 
0.00000000099999999998 0.07346469959174974085 0.00925345514189014964 0.00000000099999999998 0.91657492231999837529 0.00070692094636168334 
0.00000000099999999994 0.00000000099999999994 0.00000000099999999994 0.00000000099999999994 0.99999999499999991937 0.00000000099999999994 
0.00000000099999999999 0.00139319242664331802 0.02105472437205217415 0.00000000099999999999 0.97755208020130457403 0.00000000099999999999 
0.00000000099999999999 0.82320089517322625472 0.00000000099999999999 0.02157325202522692234 0.13802439795391074906 0.01720145284763609575 
0.00000000099999999999 0.13441024018370242854 0.00000000099999999999 0.86558973803337924124 0.00000001878291836804 0.00000000099999999999 
0.00000000099999999999 0.01557128243314590509 0.00000000099999999999 0.00000000099999999999 0.91548873127947760775 0.06893998328737649395 
0.00000000099999999984 0.99999999500000014141 0.00000000099999999984 0.00000000099999999984 0.00000000099999999984 0.00000000099999999984 
0.00000000099999999998 0.99875734080738154397 0.00000000099999999998 0.00000000099999999998 0.00124265519261849457 0.00000000099999999998 
0.05293337303007335931 0.62847701971949387900 0.00000000099999999999 0.00000000099999999999 0.31858959340121462134 0.00000001184921807894 
0.00000000099999999999 0.35542291243049228822 0.00000109574702658513 0.39568792398501079211 0.17930462953006257032 0.06958343730740772226 
0.00000000099999999992 0.00000000215756373682 0.00000000099999999992 0.00000000099999999992 0.99999999384243620781 0.00000000099999999992 
0.06125394855320341614 0.09242860862502731700 0.02621539513258272502 0.41187550040874204571 0.40800735237380325593 0.00021919490664117292 
0.00000000099999999998 0.01716495980933559554 0.00000000150044216516 0.00000000099999999998 0.77531683646637572505 0.20751820022384648290 
0.00000000099999999999 0.00000000099999999999 0.00000000099999999999 0.00000000099999999999 0.99999830284455870633 0.00000169315544129096 
0.00000000099999999999 0.00000070369683518020 0.00000000099999999999 0.35663258570338057796 0.63962912859139386956 0.00373758000839043798 
0.00000000099999999999 0.34639583634142612212 0.00000000099999999999 0.02115858432523879881 0.63244557633333498003 0.00000000099999999999 
0.80908007861113329096 0.00800018907856343484 0.00000000099999999999 0.00000000099999999999 0.18291972931030336946 0.00000000099999999999 
0.00000000099999999989 0.00000000099999999989 0.00000000099999999989 0.00000000099999999989 0.00000000099999999989 0.99999999500000003039 
0.00000000099999999998 0.06153511048519470783 0.00000000111706217960 0.00000000099999999998 0.93845635010177352875 0.00000853629596967355 
0.00000000099999999991 0.99999999500000014141 0.00000000099999999991 0.00000000099999999991 0.00000000099999999991 0.00000000099999999991 
0.00000000099999999994 0.99999999500000014141 0.00000000099999999994 0.00000000099999999994 0.00000000099999999994 0.00000000099999999994 
0.00000000099999999991 0.99999999500000014141 0.00000000099999999991 0.00000000099999999991 0.00000000099999999991 0.00000000099999999991 
0.00000000099999999989 0.00000000099999999989 0.99999999500000003039 0.00000000099999999989 0.00000000099999999989 0.00000000099999999989 
0.00000000100000000000 0.02561322847491791233 0.00000000100000000000 0.00003766880511673154 0.96795805058374184693 0.00639105013622352173 
0.00000000099999999994 0.00828460130580484753 0.00000000099999999994 0.00000000099999999994 0.99171539469419511814 0.00000000099999999994 
0.00000000099999999996 0.93482132150768137979 0.01601614602392260195 0.00000000099999999996 0.04916252946839601290 0.00000000099999999996 
0.00000000099999999998 0.08263102686017373411 0.00000591353354642890 0.00000000099999999998 0.90339585022454504948 0.01396720738173476070 
0.00000000099999999990 0.99999999500000014141 0.00000000099999999990 0.00000000099999999990 0.00000000099999999990 0.00000000099999999990 
0.00000000099999999969 0.00000000099999999969 0.99999999499999991937 0.00000000099999999969 0.00000000099999999969 0.00000000099999999969 
0.00000000099999999992 0.99999999500000014141 0.00000000099999999992 0.00000000099999999992 0.00000000099999999992 0.00000000099999999992 
0.00000000099999999994 0.99987345782896519530 0.00000000099999999994 0.00000000099999999994 0.00012653817103490096 0.00000000099999999994 
0.00000000099999999969 0.00000000099999999969 0.99999999499999991937 0.00000000099999999969 0.00000000099999999969 0.00000000099999999969 
0.00000000099999999983 0.00000000099999999983 0.99999999499999991937 0.00000000099999999983 0.00000000099999999983 0.00000000099999999983 
0.00000000099999999998 0.00000000099999999998 0.00956994714774702868 0.00000000099999999998 0.98958868071567440694 0.00084136913657855892 
0.00000000099999999985 0.99999999500000014141 0.00000000099999999985 0.00000000099999999985 0.00000000099999999985 0.00000000099999999985 
0.00000000099999999998 0.03687814056472026036 0.02492120741256408784 0.00000000099999999998 0.92669197806239111959 0.01150867196032454194 
0.00000000099999999989 0.99999999500000014141 0.00000000099999999989 0.00000000099999999989 0.00000000099999999989 0.00000000099999999989 
