0.32912182343418355801 0.00016076226526075561 0.17846802371708345158 0.00000000099999999998 0.00000000099999999998 0.00000000099999999998 0.00000000099999999998 0.38859537485762901676 0.00300290144587416364 0.00000000099999999998 0.10065110927996923085 
0.00000000099999999996 0.00000000099999999996 0.06012347020582260032 0.00000000099999999996 0.00000000099999999996 0.00000000099999999996 0.01878398866208972479 0.00000000099999999996 0.00000000099999999996 0.01113332588350635262 0.90995920824858134157 
0.00000000099999999997 0.00000000099999999997 0.06444409938118317305 0.00000000099999999997 0.01793968771239102047 0.00000000099999999997 0.00000000099999999997 0.12059992445489167712 0.00736228128954533913 0.01295090061087610100 0.77670310155111277339 
0.00000000099999999995 0.00000000099999999995 0.00000000099999999995 0.01673763593943026345 0.00000000099999999995 0.00000000099999999995 0.00089112856588656030 0.13464249852821413844 0.00000000099999999995 0.00000000099999999995 0.84772872996646908561 
0.00000000099999999995 0.00000000099999999995 0.16290838581406144603 0.00000000099999999995 0.00000000099999999995 0.00000000099999999995 0.00514466649309934781 0.00000000099999999995 0.00000000099999999995 0.00000000099999999995 0.83194693969283917134 
0.00000000099999999993 0.00000000099999999993 0.06624352585606793631 0.00000000099999999993 0.00000000099999999993 0.00000000099999999993 0.00000000099999999993 0.00000000099999999993 0.00000000099999999993 0.00000000099999999993 0.93375646514393195741 
0.00000000099999999974 0.00000000099999999974 0.00000000099999999974 0.00000000099999999974 0.00000000099999999974 0.99999999000000006077 0.00000000099999999974 0.00000000099999999974 0.00000000099999999974 0.00000000099999999974 0.00000000099999999974 
0.00000000099999999963 0.00000000099999999963 0.99999999000000017180 0.00000000099999999963 0.00000000099999999963 0.00000000099999999963 0.00000000099999999963 0.00000000099999999963 0.00000000099999999963 0.00000000099999999963 0.00000000099999999963 
0.00000000099999999988 0.01597598365330244949 0.12256879182115826277 0.00000000099999999988 0.00000000099999999988 0.00000000099999999988 0.00000000099999999988 0.00000000099999999988 0.00000000099999999988 0.00000000099999999988 0.86145521652553935787 
0.00000000099999999978 0.00000000099999999978 0.00000000099999999978 0.00000000099999999978 0.00000000099999999978 0.99999999000000017180 0.00000000099999999978 0.00000000099999999978 0.00000000099999999978 0.00000000099999999978 0.00000000099999999978 
0.00000000099999999989 0.00000000099999999989 0.00000000099999999989 0.00000000099999999989 0.66062018999630855998 0.33937980100369147252 0.00000000099999999989 0.00000000099999999989 0.00000000099999999989 0.00000000099999999989 0.00000000099999999989 
0.00000000099999999979 0.00000000099999999979 0.00000000099999999979 0.00000000099999999979 0.99999999000000006077 0.00000000099999999979 0.00000000099999999979 0.00000000099999999979 0.00000000099999999979 0.00000000099999999979 0.00000000099999999979 
0.00000000099999999973 0.00000000099999999973 0.00000000099999999973 0.00000000099999999973 0.00000000099999999973 0.00000000099999999973 0.00000000099999999973 0.00000000099999999973 0.00000000099999999973 0.99999998999999994975 0.00000000099999999973 
0.00000000099999999996 0.00000000099999999996 0.00000000099999999996 0.00000000099999999996 0.20478401315977309838 0.36422522211647784252 0.14813236236970539483 0.00000000099999999996 0.20129213563594658409 0.00000000099999999996 0.08156626071809720824 
0.00000000099999999985 0.00000000099999999985 0.00000000099999999985 0.00000000099999999985 0.00000000099999999985 0.00000000099999999985 0.42942506788630724346 0.00000000099999999985 0.57057492311369284455 0.00000000099999999985 0.00000000099999999985 
0.00000000099999999977 0.00000000099999999977 0.00000000099999999977 0.00000000099999999977 0.00000000099999999977 0.99999999000000006077 0.00000000099999999977 0.00000000099999999977 0.00000000099999999977 0.00000000099999999977 0.00000000099999999977 
0.00000000099999999994 0.00000000099999999994 0.05902786312621296355 0.00000000099999999994 0.00000000099999999994 0.44797979300920998114 0.20719038937211345375 0.00000000099999999994 0.28580194749246362607 0.00000000099999999994 0.00000000099999999994 
0.00000000099999999991 0.00000000099999999991 0.18336126961620177744 0.00000000099999999991 0.00000000099999999991 0.00000000099999999991 0.18614157317796517499 0.35145584767215837241 0.27904130253367470660 0.00000000099999999991 0.00000000099999999991 
0.00000000099999999882 0.00000000099999999882 0.00000000099999999882 0.00000000099999999882 0.00000000099999999882 0.00000000099999999882 0.00000000099999999882 0.00000000099999999882 0.99999998999999994975 0.00000000099999999882 0.00000000099999999882 
0.00000000099999999988 0.00000000099999999988 0.00000000099999999988 0.22314630745466337847 0.00000000099999999988 0.00000000099999999988 0.33579466995744966518 0.00000000099999999988 0.44105901458788715486 0.00000000099999999988 0.00000000099999999988 
0.00000000099999999879 0.00000000099999999879 0.00000000099999999879 0.00000000099999999879 0.00000000099999999879 0.00000000099999999879 0.99999998999999994975 0.00000000099999999879 0.00000000099999999879 0.00000000099999999879 0.00000000099999999879 
0.00000000099999999989 0.00000000099999999989 0.00000000099999999989 0.03167791597935173953 0.41538936207496135466 0.55293186270338745558 0.00000000099999999989 0.00000000099999999989 0.00000000099999999989 0.00000085224229947773 0.00000000099999999989 
0.99999999000000028282 0.00000000099999999973 0.00000000099999999973 0.00000000099999999973 0.00000000099999999973 0.00000000099999999973 0.00000000099999999973 0.00000000099999999973 0.00000000099999999973 0.00000000099999999973 0.00000000099999999973 
0.00000000099999999992 0.00000000099999999992 0.00000000099999999992 0.00000000099999999992 0.00000000099999999992 0.00000000099999999992 0.00000000099999999992 0.16373682265793515489 0.00000000099999999992 0.05916316764714696363 0.77710000169491788569 
0.00000000099999999989 0.00000000099999999989 0.00000000099999999989 0.00000000099999999989 0.52386363512594513736 0.44945034292034080625 0.00000000099999999989 0.00000000099999999989 0.00000000099999999989 0.02668601395371399815 0.00000000099999999989 
0.00000000099999999980 0.00000000099999999980 0.00000000099999999980 0.00000000099999999980 0.00000000099999999980 0.99999999000000017180 0.00000000099999999980 0.00000000099999999980 0.00000000099999999980 0.00000000099999999980 0.00000000099999999980 
0.00000000099999999981 0.00000000099999999981 0.00000000099999999981 0.00000000099999999981 0.00000000099999999981 0.00000000099999999981 0.00000000099999999981 0.00000000099999999981 0.00000000099999999981 0.99999999000000006077 0.00000000099999999981 
0.00000000099999999996 0.00000000099999999996 0.07972894021574911116 0.03313106290196414505 0.00000000099999999996 0.00000000099999999996 0.01253394830160081165 0.00000000849210654076 0.00000000099999999996 0.00000000099999999996 0.87460603408857928720 
0.00000000099999999992 0.00000000099999999992 0.00000000099999999992 0.00000000099999999992 0.00000000099999999992 0.00000000099999999992 0.00000000099999999992 0.12413429428915369324 0.00000000099999999992 0.00000000099999999992 0.87586569671084635313 
0.00000000099999999995 0.00000000099999999995 0.00000000099999999995 0.00000000099999999995 0.64915670963445737396 0.35084328136554265853 0.00000000099999999995 0.00000000099999999995 0.00000000099999999995 0.00000000099999999995 0.00000000099999999995 
0.00000000099999999998 0.00000000099999999998 0.00000000099999999998 0.00000000099999999998 0.47695685482362754071 0.40163708582126811386 0.00606121728621230541 0.07427291864403358368 0.04107191742485839098 0.00000000099999999998 0.00000000099999999998 
0.00000000099999999989 0.00000000099999999989 0.00000000099999999989 0.00000000099999999989 0.00000000099999999989 0.97670125870700075232 0.02329873229299943282 0.00000000099999999989 0.00000000099999999989 0.00000000099999999989 0.00000000099999999989 
0.00000000099999999995 0.00000000099999999995 0.00000000099999999995 0.00000000099999999995 0.00000000099999999995 0.00924479906316727842 0.00000000099999999995 0.07647647621095947368 0.00000000099999999995 0.07219264386387437560 0.84208607386199885170 
0.00000000099999999967 0.99999999000000028282 0.00000000099999999967 0.00000000099999999967 0.00000000099999999967 0.00000000099999999967 0.00000000099999999967 0.00000000099999999967 0.00000000099999999967 0.00000000099999999967 0.00000000099999999967 
0.00000000099999999997 0.04105416485715209646 0.14223651488174141044 0.00000000099999999997 0.00000000099999999997 0.00000000099999999997 0.01882012018327377384 0.00000001978983662033 0.00000000099999999997 0.00000000099999999997 0.79788917428799621678 
0.00000000099999999981 0.00000000099999999981 0.00000000099999999981 0.00000000099999999981 0.00000000099999999981 0.99999999000000006077 0.00000000099999999981 0.00000000099999999981 0.00000000099999999981 0.00000000099999999981 0.00000000099999999981 
0.99999999000000028282 0.00000000099999999978 0.00000000099999999978 0.00000000099999999978 0.00000000099999999978 0.00000000099999999978 0.00000000099999999978 0.00000000099999999978 0.00000000099999999978 0.00000000099999999978 0.00000000099999999978 
0.00000000099999999945 0.99999999000000028282 0.00000000099999999945 0.00000000099999999945 0.00000000099999999945 0.00000000099999999945 0.00000000099999999945 0.00000000099999999945 0.00000000099999999945 0.00000000099999999945 0.00000000099999999945 
0.00000000099999999993 0.00000000099999999993 0.00000000099999999993 0.00000000099999999993 0.60195590739817850245 0.39463272327831683262 0.00000000099999999993 0.00000000099999999993 0.00341136132350484218 0.00000000099999999993 0.00000000099999999993 
0.00000000099999999979 0.00000000099999999979 0.00000000099999999979 0.00000000099999999979 0.99999999000000006077 0.00000000099999999979 0.00000000099999999979 0.00000000099999999979 0.00000000099999999979 0.00000000099999999979 0.00000000099999999979 
0.00000000099999999990 0.00000000099999999990 0.00000000099999999990 0.04562666116285341716 0.54787915513772023068 0.40649417569942652984 0.00000000099999999990 0.00000000099999999990 0.00000000099999999990 0.00000000099999999990 0.00000000099999999990 
0.00000000099999999970 0.00000000099999999970 0.00000000099999999970 0.00000000099999999970 0.00000000099999999970 0.00000000099999999970 0.00000000099999999970 0.99999998999999994975 0.00000000099999999970 0.00000000099999999970 0.00000000099999999970 
0.00000000099999999997 0.00227524653313768664 0.45655627489276201514 0.00000000099999999997 0.09663196622058316254 0.00000000099999999997 0.00126467685641944746 0.38452108001326684716 0.00000000099999999997 0.00000000099999999997 0.05875075048383092413 
0.00000000099999999979 0.00000000099999999979 0.00000000099999999979 0.00000000099999999979 0.00000000099999999979 0.00000000099999999979 0.00000000099999999979 0.00000000099999999979 0.00000000099999999979 0.99999999000000006077 0.00000000099999999979 
0.00000000099999999995 0.00000000099999999995 0.03336628202024827933 0.00000000099999999995 0.00000000099999999995 0.00000000099999999995 0.04018422927849848308 0.00000813642441457044 0.00000000099999999995 0.45366780550968432983 0.47277354076715438769 
0.00000000099999999969 0.00000000099999999969 0.99999999000000017180 0.00000000099999999969 0.00000000099999999969 0.00000000099999999969 0.00000000099999999969 0.00000000099999999969 0.00000000099999999969 0.00000000099999999969 0.00000000099999999969 
0.00000000099999999995 0.00825477267456459045 0.00000000099999999995 0.00000000099999999995 0.60743129981550814112 0.37276907547490695238 0.01154484503502042902 0.00000000099999999995 0.00000000099999999995 0.00000000099999999995 0.00000000099999999995 
0.00000000099999999966 0.00000000099999999966 0.00000000099999999966 0.00000000099999999966 0.00000000099999999966 0.00000000099999999966 0.00000000099999999966 0.99999999000000006077 0.00000000099999999966 0.00000000099999999966 0.00000000099999999966 
0.00000000099999999969 0.00000000099999999969 0.99999999000000017180 0.00000000099999999969 0.00000000099999999969 0.00000000099999999969 0.00000000099999999969 0.00000000099999999969 0.00000000099999999969 0.00000000099999999969 0.00000000099999999969 
0.00000000099999999970 0.00000000099999999970 0.00000000099999999970 0.00000000099999999970 0.00000000099999999970 0.00000000099999999970 0.00000000099999999970 0.99999998999999994975 0.00000000099999999970 0.00000000099999999970 0.00000000099999999970 
0.00000000099999999993 0.02241132822701377356 0.17156087880492465469 0.00000000099999999993 0.00000000099999999993 0.00000000099999999993 0.02177318658238689211 0.00000000099999999993 0.00000000099999999993 0.00000000099999999993 0.78425459938567465557 
0.00000000099999999965 0.00000000099999999965 0.99999999000000006077 0.00000000099999999965 0.00000000099999999965 0.00000000099999999965 0.00000000099999999965 0.00000000099999999965 0.00000000099999999965 0.00000000099999999965 0.00000000099999999965 
0.00000000099999999980 0.00000000099999999980 0.38754578393597299835 0.00000000099999999980 0.00000000099999999980 0.00000000099999999980 0.00000000099999999980 0.60203875291971609141 0.00000000099999999980 0.00000000099999999980 0.01041545514431086415 
0.00000000099999999989 0.00000000099999999989 0.00000000099999999989 0.06900532990136193368 0.48226428430400730685 0.00016452085281575560 0.03229349680480557427 0.00000000099999999989 0.00000000099999999989 0.41627236213700946621 0.00000000099999999989 
0.00000000099999999998 0.00000000099999999998 0.21731744793027596430 0.02567608161570679101 0.00000000099999999998 0.00000000099999999998 0.00000000099999999998 0.00000000099999999998 0.01260984609296244077 0.00000000099999999998 0.74439661736105477985 
0.00000000099999999996 0.00013605686019175088 0.12963248832809795563 0.00000000099999999996 0.00000000099999999996 0.00000000099999999996 0.00000000099999999996 0.49322607266770629453 0.00000000099999999996 0.00000000099999999996 0.37700537514400406236 
0.00000000099999999973 0.00000000099999999973 0.00000000099999999973 0.00000000099999999973 0.00000000099999999973 0.00000000099999999973 0.00000000099999999973 0.99999998999999994975 0.00000000099999999973 0.00000000099999999973 0.00000000099999999973 
0.00000000099999999992 0.00715286968817986125 0.00000000099999999992 0.00000000099999999992 0.00000000099999999992 0.00000000099999999992 0.00000000099999999992 0.04524272011311476077 0.00000000099999999992 0.00000000099999999992 0.94760440219870534229 
0.00000000099999999986 0.00000000099999999986 0.54353233669607126100 0.00000000099999999986 0.00000000099999999986 0.00000000099999999986 0.00000000099999999986 0.45646765430392893803 0.00000000099999999986 0.00000000099999999986 0.00000000099999999986 
0.00000000099999999991 0.00000000099999999991 0.00000000099999999991 0.00000000099999999991 0.00000000099999999991 0.00000000099999999991 0.00228393462546639704 0.00799645736113642133 0.00000000099999999991 0.00000000099999999991 0.98971960001339709390 
0.00000000099999999988 0.00000000099999999988 0.06282064471231457725 0.00000000099999999988 0.00000000099999999988 0.00000000099999999988 0.01209302102714069661 0.01524002830028280131 0.00000000099999999988 0.00000000099999999988 0.90984629896026203433 
0.00000000099999999977 0.00000000099999999977 0.99999999000000006077 0.00000000099999999977 0.00000000099999999977 0.00000000099999999977 0.00000000099999999977 0.00000000099999999977 0.00000000099999999977 0.00000000099999999977 0.00000000099999999977 
0.00000000099999999969 0.00000000099999999969 0.00000000099999999969 0.00000000099999999969 0.00000000099999999969 0.00000000099999999969 0.00000000099999999969 0.99999999000000006077 0.00000000099999999969 0.00000000099999999969 0.00000000099999999969 
0.89192716532036320221 0.00000000099999999996 0.00000000099999999996 0.00000000099999999996 0.00000000099999999996 0.07728999124338718774 0.00000000099999999996 0.00000000099999999996 0.03078283543624968019 0.00000000099999999996 0.00000000099999999996 
0.00000000099999999991 0.00000000099999999991 0.00000000099999999991 0.00000000099999999991 0.00000000099999999991 0.00000000099999999991 0.00000000099999999991 0.10951603308104038148 0.00000000099999999991 0.00000000099999999991 0.89048395791895951223 
0.00000000099999999987 0.00000000099999999987 0.00000000099999999987 0.00000000099999999987 0.00000000099999999987 0.00000000099999999987 0.00000000099999999987 0.99999999000000006077 0.00000000099999999987 0.00000000099999999987 0.00000000099999999987 
0.99748449908249403606 0.00000000099999999980 0.00000000099999999980 0.00000000099999999980 0.00000000099999999980 0.00000000099999999980 0.00000000099999999980 0.00000000099999999980 0.00251549191750620633 0.00000000099999999980 0.00000000099999999980 
0.00000000099999999984 0.00000000099999999984 0.00000000099999999984 0.00000000099999999984 0.00000000099999999984 0.99999999000000006077 0.00000000099999999984 0.00000000099999999984 0.00000000099999999984 0.00000000099999999984 0.00000000099999999984 
0.00000000099999999994 0.00000000099999999994 0.04144187637025297660 0.00123094061613166069 0.00000000099999999994 0.00000000099999999994 0.00000000099999999994 0.00000000099999999994 0.00000000099999999994 0.00000000099999999994 0.95732717501361530577 
0.87726054769214101281 0.00000000099999999988 0.00000000099999999988 0.05543985249589603731 0.00000000099999999988 0.00000000099999999988 0.00000000099999999988 0.00000000099999999988 0.06729959181196315532 0.00000000099999999988 0.00000000099999999988 
0.99999999000000017180 0.00000000099999999984 0.00000000099999999984 0.00000000099999999984 0.00000000099999999984 0.00000000099999999984 0.00000000099999999984 0.00000000099999999984 0.00000000099999999984 0.00000000099999999984 0.00000000099999999984 
0.99313460725295865661 0.00000000099999999992 0.00000000099999999992 0.00000000099999999992 0.00000000099999999992 0.00686538374704147736 0.00000000099999999992 0.00000000099999999992 0.00000000099999999992 0.00000000099999999992 0.00000000099999999992 
0.00000000099999999979 0.00000000099999999979 0.00000000099999999979 0.00000000099999999979 0.00000000099999999979 0.00000000099999999979 0.00000000099999999979 0.00000000099999999979 0.00000000099999999979 0.99999999000000006077 0.00000000099999999979 
0.00000000099999999964 0.00000000099999999964 0.00000000099999999964 0.99999999000000006077 0.00000000099999999964 0.00000000099999999964 0.00000000099999999964 0.00000000099999999964 0.00000000099999999964 0.00000000099999999964 0.00000000099999999964 
0.00000000099999999994 0.00000000099999999994 0.00000000099999999994 0.86050661609749479197 0.00000000099999999994 0.00000000099999999994 0.00000000099999999994 0.13949337490250535154 0.00000000099999999994 0.00000000099999999994 0.00000000099999999994 
0.00000000099999999985 0.00000000099999999985 0.00000000099999999985 0.00000000099999999985 0.00000000099999999985 0.00000000099999999985 0.00000003169074572502 0.00000000099999999985 0.00000000099999999985 0.99999995930925422716 0.00000000099999999985 
0.00000000099999999976 0.00000000099999999976 0.00000000099999999976 0.00000000099999999976 0.99999999000000006077 0.00000000099999999976 0.00000000099999999976 0.00000000099999999976 0.00000000099999999976 0.00000000099999999976 0.00000000099999999976 
0.99865149577330247777 0.00000000099999999981 0.00000000099999999981 0.00000000099999999981 0.00000000099999999981 0.00000000099999999981 0.00000000099999999981 0.00000000099999999981 0.00134849522669773319 0.00000000099999999981 0.00000000099999999981 
0.00000000099999999944 0.00000000099999999944 0.00000000099999999944 0.99999999000000017180 0.00000000099999999944 0.00000000099999999944 0.00000000099999999944 0.00000000099999999944 0.00000000099999999944 0.00000000099999999944 0.00000000099999999944 
0.00000000099999999951 0.00000000099999999951 0.00000000099999999951 0.99999999000000017180 0.00000000099999999951 0.00000000099999999951 0.00000000099999999951 0.00000000099999999951 0.00000000099999999951 0.00000000099999999951 0.00000000099999999951 
0.85226513917643720308 0.03510605885486835914 0.00000000099999999997 0.00995564601300975675 0.08270338329763370078 0.00000000099999999997 0.00000000099999999997 0.00000000099999999997 0.00000000099999999997 0.01996976665805107881 0.00000000099999999997 
0.00000000100000000000 0.00427895381043917871 0.00105878613866623728 0.09638297408264415167 0.15888157991369405986 0.00000079812422419920 0.02798481540687074859 0.00000000100000000000 0.05773958934520068143 0.46197275932240533525 0.19169974185585542115 
0.03057623903354566783 0.00000000099999999999 0.01411446529917577755 0.05070029650804670773 0.58490778472560178702 0.19460625499589534471 0.00000000099999999999 0.00000000099999999999 0.01323949093479211483 0.00000000099999999999 0.11185546450294278631 
0.00000000099999999984 0.00000000099999999984 0.00000000099999999984 0.00000000099999999984 0.00000000099999999984 0.00000000099999999984 0.06822405412078112741 0.00000000099999999984 0.00000000099999999984 0.93177593687921889121 0.00000000099999999984 
0.89711944793747377958 0.00000000099999999991 0.00000000099999999991 0.08807380153600394279 0.00000000099999999991 0.00000000099999999991 0.00000000099999999991 0.00000000099999999991 0.01480674252652239807 0.00000000099999999991 0.00000000099999999991 
0.00000000099999999987 0.00000000099999999987 0.00000000099999999987 0.00000000099999999987 0.59521727545942371140 0.40478271554057637660 0.00000000099999999987 0.00000000099999999987 0.00000000099999999987 0.00000000099999999987 0.00000000099999999987 
0.00000000099999999993 0.00000000099999999993 0.00000000099999999993 0.00000000099999999993 0.99999999000000006077 0.00000000099999999993 0.00000000099999999993 0.00000000099999999993 0.00000000099999999993 0.00000000099999999993 0.00000000099999999993 
0.00000000099999999979 0.00000000099999999979 0.00000000099999999979 0.00000000099999999979 0.00000000099999999979 0.00000000099999999979 0.00000000099999999979 0.00000000099999999979 0.00000000099999999979 0.99999999000000006077 0.00000000099999999979 
0.00001630596157172284 0.00000000099999999991 0.00000000099999999991 0.00000000099999999991 0.58475548998702919778 0.37977458798090146797 0.00000000099999999991 0.00000000099999999991 0.00000000099999999991 0.03545360907049760479 0.00000000099999999991 
0.00000000099999999951 0.00000000099999999951 0.00000000099999999951 0.99999999000000017180 0.00000000099999999951 0.00000000099999999951 0.00000000099999999951 0.00000000099999999951 0.00000000099999999951 0.00000000099999999951 0.00000000099999999951 
0.00000000099999999992 0.00000000099999999992 0.00000000099999999992 0.00000000099999999992 0.00000000099999999992 0.00000000099999999992 0.00000000099999999992 0.00000000099999999992 0.00000000099999999992 0.99999999000000006077 0.00000000099999999992 
0.93961222723453097228 0.00000000099999999989 0.00000000099999999989 0.00000000099999999989 0.06038776330486299304 0.00000000099999999989 0.00000000146060618333 0.00000000099999999989 0.00000000099999999989 0.00000000099999999989 0.00000000099999999989 
0.00000000099999999989 0.00000000099999999989 0.00000000099999999989 0.00000000099999999989 0.00000000099999999989 0.00000000099999999989 0.00000000099999999989 0.00000000099999999989 0.00000000099999999989 0.99999998999999994975 0.00000000099999999989 
0.03849224296284574354 0.00000000099999999993 0.00000000099999999993 0.02620081236915035652 0.42364540693576629993 0.51165864387163095817 0.00000000099999999993 0.00000000099999999993 0.00000000099999999993 0.00000288786060686990 0.00000000099999999993 
0.00000000099999999982 0.00000000099999999982 0.38439687503759861764 0.00000000099999999982 0.00000000099999999982 0.00000000099999999982 0.00000000099999999982 0.61560311596240124832 0.00000000099999999982 0.00000000099999999982 0.00000000099999999982 
0.00000000099999999966 0.00000000099999999966 0.35864011260131811731 0.00000000099999999966 0.00000000099999999966 0.00000000099999999966 0.00000000099999999966 0.64135987839868180416 0.00000000099999999966 0.00000000099999999966 0.00000000099999999966 
0.00000000099999999992 0.03380648830037717711 0.06724543578336929228 0.00000000099999999992 0.00000000099999999992 0.00000000099999999992 0.00000000099999999992 0.00000000099999999992 0.00000000099999999992 0.00000000099999999992 0.89894806791625359033 
0.00000000099999999990 0.00000000128571714681 0.00000000099999999990 0.00000000099999999990 0.00000000099999999990 0.00000000099999999990 0.00000000099999999990 0.07410842776420017985 0.00000000099999999990 0.00000000099999999990 0.92589156295008256947 
0.88558810982374591703 0.04937527600780242110 0.02169175837312796104 0.00000000099999999999 0.00000000099999999999 0.00000000099999999999 0.02442983252430595137 0.00000000531440993153 0.01891501295660801343 0.00000000099999999999 0.00000000099999999999 
0.00000000099999999991 0.00000000099999999991 0.02799077770046510399 0.00000000099999999991 0.00000000099999999991 0.00000000099999999991 0.00000000099999999991 0.07733215937560142250 0.00000000099999999991 0.09897642309922340120 0.79570063282471004129 
0.00000000099999999993 0.00000000099999999993 0.00000000099999999993 0.00000000099999999993 0.00000000099999999993 0.00000000099999999993 0.00000000099999999993 0.04184985769806042616 0.00000000099999999993 0.00000000099999999993 0.95815013330193965491 
0.85381286404177125782 0.00000000099999999996 0.11998493537089059691 0.00000000099999999996 0.02620219258733832990 0.00000000099999999996 0.00000000099999999996 0.00000000099999999996 0.00000000099999999996 0.00000000099999999996 0.00000000099999999996 
0.00000000099999999998 0.01847079529333202352 0.07294100383317077274 0.00000000099999999998 0.00000000099999999998 0.11598732931051812522 0.00575665078975134709 0.07106689552807798904 0.00000000099999999998 0.01232051345250390582 0.70345680779264585514 
0.00000000099999999961 0.00000000099999999961 0.99999999000000017180 0.00000000099999999961 0.00000000099999999961 0.00000000099999999961 0.00000000099999999961 0.00000000099999999961 0.00000000099999999961 0.00000000099999999961 0.00000000099999999961 
0.82498050045610449299 0.00000000099999999997 0.17501949054389587257 0.00000000099999999997 0.00000000099999999997 0.00000000099999999997 0.00000000099999999997 0.00000000099999999997 0.00000000099999999997 0.00000000099999999997 0.00000000099999999997 
0.00000000099999999979 0.00000000099999999979 0.00000000099999999979 0.00000000099999999979 0.89004663306147313584 0.00000000099999999979 0.00000000099999999979 0.00000000099999999979 0.10995335793852693829 0.00000000099999999979 0.00000000099999999979 
0.99999999000000028282 0.00000000099999999977 0.00000000099999999977 0.00000000099999999977 0.00000000099999999977 0.00000000099999999977 0.00000000099999999977 0.00000000099999999977 0.00000000099999999977 0.00000000099999999977 0.00000000099999999977 
0.00000000099999999983 0.00000000099999999983 0.00000000099999999983 0.00000000099999999983 0.00000000099999999983 0.00000000099999999983 0.25837509170152694882 0.00000000099999999983 0.00000000099999999983 0.74162489929847297265 0.00000000099999999983 
0.00000000099999999992 0.00000000099999999992 0.00000000099999999992 0.00000000099999999992 0.62979211969804105298 0.37020786358692703288 0.00000000099999999992 0.00000000099999999992 0.00000000099999999992 0.00000000871503197287 0.00000000099999999992 
0.00000000099999999994 0.00000000099999999994 0.05324954101284430641 0.00000000099999999994 0.00000000099999999994 0.00000000099999999994 0.00000000099999999994 0.00000000099999999994 0.00000000099999999994 0.00000000099999999994 0.94675044998715562894 
0.15770701413310111993 0.00000000099999999999 0.06218106356191756973 0.00000000102450469477 0.00000000099999999999 0.00000000099999999999 0.01811776881235780540 0.02036686209831536226 0.01287862683681199362 0.00000000099999999999 0.72874865953299139409 
0.00000000099999999996 0.00000000099999999996 0.00000000099999999996 0.00143806607991579837 0.00000000099999999996 0.00000000099999999996 0.01035570868295008357 0.08629820489257553073 0.00000000099999999996 0.00000000099999999996 0.90190801334455872329 
0.00000000099999999993 0.00000000099999999993 0.11603800796835325726 0.00000000099999999993 0.00000000099999999993 0.00000000099999999993 0.00000000099999999993 0.00000000099999999993 0.00000000099999999993 0.00000000099999999993 0.88396198303164674748 
0.00000000099999999994 0.00000000099999999994 0.00000000160866164417 0.00000000099999999994 0.03222688055038271798 0.00000000099999999994 0.00000000099999999994 0.10442816652586457693 0.00000000099999999994 0.00000000099999999994 0.86334494431509112289 
0.00000000099999999984 0.00000000099999999984 0.15343388187236656206 0.00000000099999999984 0.00000000099999999984 0.00000000099999999984 0.00000000099999999984 0.00000000099999999984 0.00000000099999999984 0.00000000099999999984 0.84656610912763341492 
0.00000000099999999993 0.00000000099999999993 0.00000000099999999993 0.05913524399120297786 0.41340722294630971589 0.52745746383388769640 0.00000000099999999993 0.00000000099999999993 0.00000006222859975049 0.00000000099999999993 0.00000000099999999993 
0.00000000099999999988 0.00000000099999999988 0.00000000099999999988 0.00000000099999999988 0.00000000099999999988 0.00000000099999999988 0.00000000099999999988 0.00000000099999999988 0.00000000099999999988 0.99999998999999994975 0.00000000099999999988 
0.00000000099999999985 0.00000000099999999985 0.00000000099999999985 0.00000000099999999985 0.00000000099999999985 0.99999999000000017180 0.00000000099999999985 0.00000000099999999985 0.00000000099999999985 0.00000000099999999985 0.00000000099999999985 
0.00000000099999999993 0.00000000099999999993 0.00000000099999999993 0.00000000099999999993 0.53800282187949988177 0.46199716912050020623 0.00000000099999999993 0.00000000099999999993 0.00000000099999999993 0.00000000099999999993 0.00000000099999999993 
0.00000000099999999976 0.00000000099999999976 0.00000000099999999976 0.00000000099999999976 0.00000000099999999976 0.00000000099999999976 0.00000000099999999976 0.00000000099999999976 0.00000000099999999976 0.99999998999999994975 0.00000000099999999976 
0.99999999000000017180 0.00000000099999999970 0.00000000099999999970 0.00000000099999999970 0.00000000099999999970 0.00000000099999999970 0.00000000099999999970 0.00000000099999999970 0.00000000099999999970 0.00000000099999999970 0.00000000099999999970 
0.99999998743993345762 0.00000000099999999982 0.00000000099999999982 0.00000000356006664017 0.00000000099999999982 0.00000000099999999982 0.00000000099999999982 0.00000000099999999982 0.00000000099999999982 0.00000000099999999982 0.00000000099999999982 
0.00000000099999999984 0.00000000099999999984 0.00000000099999999984 0.00000000099999999984 0.32121029528174793732 0.66979362187660451688 0.00899607484164763153 0.00000000099999999984 0.00000000099999999984 0.00000000099999999984 0.00000000099999999984 
0.00000000099999999988 0.00000000099999999988 0.00000000099999999988 0.00000000099999999988 0.51993381208443012476 0.46559038496094135029 0.01447579495462873039 0.00000000099999999988 0.00000000099999999988 0.00000000099999999988 0.00000000099999999988 
0.00000000099999999980 0.00000000099999999980 0.00000000099999999980 0.00000000099999999980 0.00000000099999999980 0.99999999000000006077 0.00000000099999999980 0.00000000099999999980 0.00000000099999999980 0.00000000099999999980 0.00000000099999999980 
0.99999999000000017180 0.00000000099999999982 0.00000000099999999982 0.00000000099999999982 0.00000000099999999982 0.00000000099999999982 0.00000000099999999982 0.00000000099999999982 0.00000000099999999982 0.00000000099999999982 0.00000000099999999982 
0.97863213944347338114 0.00000000099999999993 0.00000000099999999993 0.00000000099999999993 0.00000000099999999993 0.01816620108889149127 0.00320165146763525367 0.00000000099999999993 0.00000000099999999993 0.00000000099999999993 0.00000000099999999993 
0.00000000099999999978 0.00000000099999999978 0.00000000099999999978 0.00000000099999999978 0.00000000099999999978 0.99999999000000017180 0.00000000099999999978 0.00000000099999999978 0.00000000099999999978 0.00000000099999999978 0.00000000099999999978 
0.00000000099999999977 0.00000000099999999977 0.00000000099999999977 0.00000000099999999977 0.00000000099999999977 0.00000000099999999977 0.00000000099999999977 0.00000000099999999977 0.00000000099999999977 0.99999998999999994975 0.00000000099999999977 
0.02691420365686695779 0.03146673171755086373 0.00000000099999999997 0.01569314922148569089 0.36461593944579212545 0.51460389926995742105 0.00042948708567433264 0.00000000099999999997 0.00000000099999999997 0.04627658560267275401 0.00000000099999999997 
0.99999999000000028282 0.00000000099999999972 0.00000000099999999972 0.00000000099999999972 0.00000000099999999972 0.00000000099999999972 0.00000000099999999972 0.00000000099999999972 0.00000000099999999972 0.00000000099999999972 0.00000000099999999972 
0.00000000099999999975 0.00000000099999999975 0.00000000099999999975 0.00000000099999999975 0.99999999000000017180 0.00000000099999999975 0.00000000099999999975 0.00000000099999999975 0.00000000099999999975 0.00000000099999999975 0.00000000099999999975 
0.00000000099999999997 0.01272142842898714259 0.02253382680319805653 0.00000000099999999997 0.00019260188103203076 0.00000000099999999997 0.03254713837642468632 0.11608836661003869850 0.00000000099999999997 0.00000000099999999997 0.81591663290031946065 
0.79636303061496094280 0.00000000099999999991 0.00000000099999999991 0.10064992555406276908 0.00124386416074831062 0.00000000099999999991 0.00000000099999999991 0.00000000099999999991 0.00000000099999999991 0.10174317267022801869 0.00000000099999999991 
0.00000000099999999994 0.01259056799494904719 0.04174574957459230989 0.00000000099999999994 0.00000000099999999994 0.08631690583380614845 0.00000000099999999994 0.00000584277186984499 0.00000000099999999994 0.00000000099999999994 0.85934092782478266326 
0.99999999000000017180 0.00000000099999999973 0.00000000099999999973 0.00000000099999999973 0.00000000099999999973 0.00000000099999999973 0.00000000099999999973 0.00000000099999999973 0.00000000099999999973 0.00000000099999999973 0.00000000099999999973 
0.00000000099999999991 0.00000000099999999991 0.00000000099999999991 0.00000000099999999991 0.60825238551225702111 0.39174760476708792023 0.00000000172065501740 0.00000000099999999991 0.00000000099999999991 0.00000000099999999991 0.00000000099999999991 
0.00000000099999999987 0.00000000099999999987 0.00000000099999999987 0.00000000099999999987 0.48449533372113151586 0.51550465727886851663 0.00000000099999999987 0.00000000099999999987 0.00000000099999999987 0.00000000099999999987 0.00000000099999999987 
0.99999999000000028282 0.00000000099999999978 0.00000000099999999978 0.00000000099999999978 0.00000000099999999978 0.00000000099999999978 0.00000000099999999978 0.00000000099999999978 0.00000000099999999978 0.00000000099999999978 0.00000000099999999978 
0.00000000099999999977 0.00000000099999999977 0.00000000099999999977 0.00000000099999999977 0.00000000099999999977 0.99999999000000017180 0.00000000099999999977 0.00000000099999999977 0.00000000099999999977 0.00000000099999999977 0.00000000099999999977 
0.01392856288479679509 0.06645477827116273717 0.00000000100000000000 0.00000000100000000000 0.19605134498101733920 0.44116229447447624645 0.02399115504466422730 0.06503477195782238207 0.01019386049341627562 0.01897630501872150585 0.16420692487392249403 
0.97421221629781407092 0.00000000099999999983 0.00000000099999999983 0.00000000099999999983 0.00000000099999999983 0.00000000099999999983 0.00000000099999999983 0.00000000099999999983 0.02578777470218613158 0.00000000099999999983 0.00000000099999999983 
0.00000000099999999996 0.00000000099999999996 0.00000000099999999996 0.00000000099999999996 0.62794253662253007864 0.37205745437747000937 0.00000000099999999996 0.00000000099999999996 0.00000000099999999996 0.00000000099999999996 0.00000000099999999996 
0.00000000099999999987 0.00000000099999999987 0.16323869596927842451 0.00000000099999999987 0.00000000099999999987 0.00000000099999999987 0.00000000099999999987 0.71355835993733418565 0.00000000099999999987 0.00000000099999999987 0.12320293609338739405 
0.00000000099999999938 0.99999999000000017180 0.00000000099999999938 0.00000000099999999938 0.00000000099999999938 0.00000000099999999938 0.00000000099999999938 0.00000000099999999938 0.00000000099999999938 0.00000000099999999938 0.00000000099999999938 
0.00000000099999999986 0.00000000099999999986 0.05441150059935036254 0.00000000099999999986 0.00000000099999999986 0.00000000099999999986 0.00000000099999999986 0.00000000099999999986 0.00000000099999999986 0.00000000099999999986 0.94558849040064973934 
0.00000000099999999992 0.00000000099999999992 0.10109254689634024349 0.00000000099999999992 0.00000000099999999992 0.00000000099999999992 0.00000000099999999992 0.00000000099999999992 0.00000000099999999992 0.00000000099999999992 0.89890744410365963635 
0.00000222511785953109 0.00000000099999999995 0.00000000099999999995 0.00000163468662789840 0.00000000099999999995 0.00000000099999999995 0.00000000099999999995 0.04286085692647570444 0.00000000099999999995 0.00000000099999999995 0.95713527626903682766 
0.00000000099999999993 0.00000000099999999993 0.06595220794395127706 0.00000000099999999993 0.00000000099999999993 0.00000000099999999993 0.01565706200282112812 0.00000000099999999993 0.00000000099999999993 0.00000000099999999993 0.91839072205322758169 
0.00000000099999999996 0.00000000099999999996 0.00000000099999999996 0.00000000099999999996 0.00000000099999999996 0.00000000099999999996 0.00000000099999999996 0.08892514649497887391 0.01736435533297502748 0.00000000099999999996 0.89371049017204617915 
0.00000000099999999999 0.00420803454393677088 0.00000000099999999999 0.00280669900914422114 0.00000000099999999999 0.08346033215713671849 0.00000000099999999999 0.22490934573051732381 0.01863023508307368181 0.00000000099999999999 0.66598534847619139665 
0.00000000099999999989 0.00000000099999999989 0.00000000099999999989 0.00000000099999999989 0.00000000099999999989 0.00000000099999999989 0.00000000099999999989 0.03716917593164129063 0.00000000099999999989 0.00000000099999999989 0.96283081506835876962 
0.99999999000000017180 0.00000000099999999973 0.00000000099999999973 0.00000000099999999973 0.00000000099999999973 0.00000000099999999973 0.00000000099999999973 0.00000000099999999973 0.00000000099999999973 0.00000000099999999973 0.00000000099999999973 
0.00000000099999999994 0.00827321883862739728 0.00000842857250853432 0.00000000099999999994 0.00000000099999999994 0.00000000099999999994 0.02597665093239538009 0.09667412254166563024 0.00000000099999999994 0.00000000099999999994 0.86906757311480309358 
0.00000000099999999940 0.99999999000000017180 0.00000000099999999940 0.00000000099999999940 0.00000000099999999940 0.00000000099999999940 0.00000000099999999940 0.00000000099999999940 0.00000000099999999940 0.00000000099999999940 0.00000000099999999940 
0.00000000099999999992 0.00000000099999999992 0.12316967123684045837 0.00000000099999999992 0.00000000099999999992 0.00000000099999999992 0.00000000099999999992 0.00000000099999999992 0.00000000099999999992 0.00000000099999999992 0.87683031976315961575 
0.00000000099999999979 0.00000000099999999979 0.38648938306307356605 0.00000000099999999979 0.00000000099999999979 0.00000000099999999979 0.00000000099999999979 0.61351060793692635542 0.00000000099999999979 0.00000000099999999979 0.00000000099999999979 
