0.00000008192978789159 0.00000002978083718812 0.66672813344378456524 0.33327175484559029561 
0.10500984301284900513 0.01356762192730663619 0.88142253405984427594 0.00000000099999999999 
0.05435808463902958021 0.03231714062640749646 0.90112801261612851533 0.01219676211843449820 
0.09020836406153175113 0.00000000099999999999 0.90979163393846818053 0.00000000099999999999 
0.07518423216517336471 0.00000000099999999999 0.92481576583482671960 0.00000000099999999999 
0.08256787575926445577 0.00000000099999999999 0.91743212224073555916 0.00000000099999999999 
0.00000000099999999995 0.99999999699999997382 0.00000000099999999995 0.00000000099999999995 
0.00000000099999999995 0.00000000099999999995 0.99999999699999986280 0.00000000099999999995 
0.07283451484737178683 0.00000000099999999997 0.92716548315262814484 0.00000000099999999997 
0.00000000099999999995 0.99999999700000008485 0.00000000099999999995 0.00000000099999999995 
0.00000000099999999997 0.99999993577254264743 0.00000000099999999997 0.00000006222745735989 
0.00000000099999999997 0.99999999699999997382 0.00000000099999999997 0.00000000099999999997 
0.67479781258025528512 0.32520218541974482696 0.00000000099999999998 0.00000000099999999998 
0.09665187677514347486 0.61165443450416212556 0.11963139583561985257 0.17206229288507454700 
0.27702301825570779803 0.12473035752929975684 0.16321459966894971694 0.43503202454604267269 
0.00000000099999999995 0.99999999700000008485 0.00000000099999999995 0.00000000099999999995 
0.10259489349384968981 0.53582743590399584122 0.11293673229759684795 0.24864093830455774592 
0.12752096540065427366 0.04945464411412350131 0.57387724279791385573 0.24914714768730841787 
0.00000000099999999987 0.00000000099999999987 0.00000000099999999987 0.99999999699999997382 
0.32836185277436258367 0.15764746134759044516 0.00000000099999999999 0.51399068487804688843 
0.77464775042206024391 0.22535224757793975714 0.00000000099999999996 0.00000000099999999996 
0.00000250479928851413 0.99999749320071151804 0.00000000099999999997 0.00000000099999999997 
0.00000000099999999991 0.00000000099999999991 0.00000000099999999991 0.99999999700000008485 
0.11005837598253961906 0.01516533748679701164 0.87477628553066333339 0.00000000099999999999 
0.00000000099999999997 0.99999999688211294036 0.00000000099999999997 0.00000000111788721225 
0.00000000099999999997 0.99999999699999997382 0.00000000099999999997 0.00000000099999999997 
0.65295946844184893365 0.34703344687378273603 0.00000708368436841411 0.00000000099999999999 
0.11891568890201488495 0.00000013017356075510 0.88107849899587620257 0.00000568192854824242 
0.07945932738772394643 0.00000000099999999998 0.92054067061227606850 0.00000000099999999998 
0.00000000099999999999 0.99999999414125206876 0.00000000385874802892 0.00000000099999999999 
0.00000312529720623151 0.88457811991049173361 0.08003509614420760421 0.03538365864809443068 
0.03887519089306570169 0.94351584412134326119 0.00000000099999999998 0.01760896398559098214 
0.13282260598074022151 0.02427616165051173225 0.84290123136874806065 0.00000000099999999999 
0.99999999699999997382 0.00000000099999999995 0.00000000099999999995 0.00000000099999999995 
0.13798860072019875078 0.00000000099999999999 0.86201139727980113925 0.00000000099999999999 
0.00000000099999999998 0.99766680633102700071 0.00000000099999999998 0.00233319166897299774 
0.00000000099999999993 0.00000000099999999993 0.00000000099999999993 0.99999999700000008485 
0.99999999699999997382 0.00000000099999999992 0.00000000099999999992 0.00000000099999999992 
0.00000000099999999998 0.99999999676574968799 0.00000000099999999998 0.00000000123425038093 
0.00000000099999999996 0.98527805513405397608 0.00000000099999999996 0.01472194286594621579 
0.00000161683717392246 0.99368395066638115498 0.00000000099999999998 0.00631443149644496209 
0.00000000099999999997 0.00000000099999999997 0.99999999699999986280 0.00000000099999999997 
0.00002268041150286691 0.09126633295749807251 0.90870864149826025002 0.00000234513273873165 
0.65855614996332856315 0.34144384803667154893 0.00000000099999999999 0.00000000099999999999 
0.38820070722516436534 0.13534994285278648118 0.47644934892204904298 0.00000000099999999999 
0.00000000099999999994 0.00000000099999999994 0.99999999699999986280 0.00000000099999999994 
0.01731380449454409179 0.98268619350545582947 0.00000000099999999999 0.00000000099999999999 
0.00000000099999999994 0.00000000099999999994 0.99999999699999997382 0.00000000099999999994 
0.00000000099999999997 0.00000000099999999997 0.99999999699999986280 0.00000000099999999997 
0.00000000099999999996 0.00000000099999999996 0.99999999699999997382 0.00000000099999999996 
0.11615735741050650653 0.00000000099999999998 0.88384264058949335574 0.00000000099999999998 
0.00000000099999999991 0.00000000099999999991 0.99999999699999997382 0.00000000099999999991 
0.00000000099999999992 0.00000000099999999992 0.99999999699999986280 0.00000000099999999992 
0.30645271955004776965 0.68613112202013482044 0.00000000099999999998 0.00741615742981754922 
0.08458674341254951434 0.01628215306945036620 0.88865739752962902287 0.01047370598837106710 
0.02556353921210173866 0.00000000099999999999 0.97443645878789830750 0.00000000099999999999 
0.00000000099999999995 0.00000000099999999995 0.99999999699999997382 0.00000000099999999995 
0.11909451307374192830 0.00000000099999999998 0.88090548492625808663 0.00000000099999999998 
0.00000000099999999995 0.00000000099999999995 0.99999999699999986280 0.00000000099999999995 
0.07831197040422303857 0.00000000100000000000 0.92168610760977054408 0.00000192098600634954 
0.08812197956343256755 0.00000000099999999998 0.91187801843656746126 0.00000000099999999998 
0.00000000099999999997 0.00000000099999999997 0.99999999699999986280 0.00000000099999999997 
0.00000000099999999994 0.00000000099999999994 0.99999999699999997382 0.00000000099999999994 
0.00000000099999999999 0.07441569573482770261 0.00000037082924376179 0.92558393243592851363 
0.08189929436136841878 0.00000000099999999998 0.91810070363863149900 0.00000000099999999998 
0.00001828251088121546 0.00000000099999999999 0.98212758212127049262 0.01785413436784825253 
0.00000000099999999994 0.00000000099999999994 0.00000000099999999994 0.99999999699999997382 
0.00407559452888570702 0.99462329823373918369 0.00000000099999999999 0.00130110623737522105 
0.09037269984928439359 0.00000000099999999999 0.90962729815071552419 0.00000000099999999999 
0.00000000099999999996 0.00000000099999999996 0.00000000099999999996 0.99999999699999997382 
0.00000000099999999996 0.00000000099999999996 0.00000000099999999996 0.99999999699999997382 
0.00000000099999999998 0.02167302975921360161 0.00000000099999999998 0.97832696824078646536 
0.62383349109535490840 0.37489939676373640332 0.00000000100000000000 0.00126711114090874736 
0.45334948888597276229 0.15438460271408349644 0.00000000099999999998 0.39226590739994388057 
0.38458958178161867236 0.17681405548251313831 0.14862386880034825221 0.28997249393551993712 
0.63808509656134315691 0.35847257804733484443 0.00000000100000000000 0.00344232439132196016 
0.00000000099999999996 0.99999999700000008485 0.00000000099999999996 0.00000000099999999996 
0.00000000099999999993 0.00000000099999999993 0.00000000099999999993 0.99999999699999997382 
0.47920172213735079403 0.17106884742782471620 0.00000000099999999997 0.34972942943482460132 
0.46078967642394891291 0.14997192813634074859 0.00000000099999999998 0.38923839443971042229 
0.07020605215534585219 0.07865165924894730598 0.00000000100000000000 0.85114228759570687011 
0.39335127247563844710 0.33792271192602535423 0.18899595795816034882 0.07973005764017594699 
0.01946960246199892774 0.78828002190939372440 0.12078353012094920904 0.07146684550765806943 
0.65518691805442808018 0.34481303089674347762 0.00000005004882856448 0.00000000099999999999 
0.00000652874802957045 0.00003699884916426848 0.00000000099999999999 0.99995647140280619070 
0.00000000099999999996 0.99999999699999997382 0.00000000099999999996 0.00000000099999999996 
0.00001155632298751847 0.95772868320071846693 0.00000000099999999999 0.04225975947629417168 
0.61940826543991300834 0.38059173256008710373 0.00000000099999999998 0.00000000099999999998 
0.00000000099999999998 0.98857839155247184681 0.00000000099999999998 0.01142160644752825138 
0.45468927669183734075 0.17552703084273685308 0.00000000099999999998 0.36978369146542577894 
0.58588222799803213459 0.35845895859177739906 0.05563878558160489235 0.00002002782858565058 
0.00000000099999999997 0.06465997368153876546 0.00000000099999999997 0.93534002431846108294 
0.62311176541767676618 0.37688823258232334590 0.00000000099999999999 0.00000000099999999999 
0.00004559934803542290 0.94724829308541624862 0.00000000099999999998 0.05270610656654836634 
0.00000000099999999994 0.00000000099999999994 0.99999999699999986280 0.00000000099999999994 
0.00000000099999999990 0.00000000099999999990 0.99999999699999986280 0.00000000099999999990 
0.11845348133362051946 0.00000000099999999997 0.88154651666637950935 0.00000000099999999997 
0.08208627739019604130 0.00000000099999999997 0.91791372060980380709 0.00000000099999999997 
0.06650810216641463157 0.00085241870549811975 0.03328721589555307808 0.89935226323253425473 
0.16031313453836132377 0.00000000099999999999 0.83968686346163856626 0.00000000099999999999 
0.10271331781188319798 0.00000000099999999999 0.89728668018811674756 0.00000000099999999999 
0.00000027585513628157 0.02394142882134422945 0.12025492868261719592 0.85580336664090228549 
0.11647984028229838027 0.10932903544933529616 0.77419112326836636573 0.00000000099999999999 
0.00000000099999999994 0.00000000099999999994 0.99999999699999986280 0.00000000099999999994 
0.00000000100000000000 0.00141883528023624959 0.17090720012052124099 0.82767396359924261251 
0.00000000099999999997 0.91217474693684408305 0.00000000099999999997 0.08782525106315597352 
0.00000000099999999993 0.00000000099999999993 0.00000000099999999993 0.99999999699999997382 
0.67740754228209132393 0.32234484378032557395 0.00000000099999999999 0.00024761293758307349 
0.00000000099999999998 0.99999999700000008485 0.00000000099999999998 0.00000000099999999998 
0.07207376399142940981 0.00000000099999999999 0.91391954151097454240 0.01400669349759597199 
0.10085189523266521738 0.00394741039110342411 0.72960957277199589566 0.16559112160423555826 
0.08269713236682849078 0.00067877799963505321 0.90798828133367548432 0.00863580829986097115 
0.05885264857011934109 0.01928852161058726769 0.92176735961512412665 0.00009147020416938058 
0.09020708969703847280 0.02144098216283833042 0.88835192714012312099 0.00000000099999999999 
0.05912757114419659593 0.00000000099999999998 0.94087242685580330104 0.00000000099999999998 
0.00000007037628666374 0.97006379040763457411 0.00000000099999999998 0.02993613821607878783 
0.62989640322890882995 0.37010288413860942258 0.00000000100000000000 0.00000071163248188462 
0.00000000099999999997 0.97868227411013009043 0.00000000099999999997 0.02131772388987004246 
0.00000000099999999998 0.99999622718470893012 0.00000000099999999998 0.00000377081529122258 
0.64792660615525332624 0.34204565103886691579 0.00000000099999999998 0.01002774180587993197 
0.00000000099999999991 0.00000000099999999991 0.00000000099999999991 0.99999999700000008485 
0.00000000099999999994 0.00000000099999999994 0.00000000099999999994 0.99999999700000008485 
0.00000000099999999995 0.99999999700000008485 0.00000000099999999995 0.00000000099999999995 
0.00000000099999999996 0.99999999699999997382 0.00000000099999999996 0.00000000099999999996 
0.00000000099999999996 0.99967176681704783547 0.00000000099999999996 0.00032823118295228126 
0.00000000099999999995 0.00000000099999999995 0.00000000099999999995 0.99999999700000008485 
0.00000000099999999998 0.03710036466194395477 0.00000000099999999998 0.96289963333805617118 
0.00000000099999999995 0.99999999700000008485 0.00000000099999999995 0.00000000099999999995 
0.64454080180071127160 0.35535516891675522633 0.00000000099999999999 0.00010402828253347898 
0.07496248630180853134 0.89287833172175778973 0.00000000099999999999 0.03215918097643369333 
0.00000000099999999992 0.00000000099999999992 0.00000000099999999992 0.99999999699999997382 
0.00000000099999999996 0.99868869271719595826 0.00000000099999999996 0.00131130528280404886 
0.10852932764500153318 0.01726645743794128635 0.87420421391705716019 0.00000000100000000000 
0.09923666442145849531 0.06830284741650378966 0.00000000099999999998 0.83246048716203779883 
0.06860601709241620494 0.08795436999857805804 0.84343961190900562652 0.00000000099999999999 
0.00000000099999999992 0.00000000099999999992 0.00000000099999999992 0.99999999699999997382 
0.00000000099999999997 0.99996890485735434595 0.00000000099999999997 0.00003109314264569780 
0.00000000099999999995 0.99999999700000008485 0.00000000099999999995 0.00000000099999999995 
0.00000000099999999993 0.00000000099999999993 0.00000000099999999993 0.99999999699999997382 
0.00000000099999999995 0.99999999700000008485 0.00000000099999999995 0.00000000099999999995 
0.12224710717994427545 0.65497180471672078461 0.21096179014540736296 0.01181929795792749718 
0.00000000099999999994 0.00000000099999999994 0.00000000099999999994 0.99999999699999997382 
0.00000000099999999999 0.99938915795455773861 0.00000000099999999999 0.00061084004544224337 
0.00000147365339018249 0.00000000099999999999 0.99999852434660985168 0.00000000099999999999 
0.99999999699999997382 0.00000000099999999989 0.00000000099999999989 0.00000000099999999989 
0.07506931505310078523 0.00000000099999999998 0.92493068294689917419 0.00000000099999999998 
0.08666231464738301249 0.00000000099999999998 0.91333768335261689142 0.00000000099999999998 
0.08629209549944349966 0.00000000099999999999 0.90208220193991095481 0.01162570156064566575 
0.10312372891549802245 0.00000000099999999999 0.89687626908450202023 0.00000000099999999999 
0.07622153716414445390 0.00003989183355128340 0.90277703206866100061 0.02096153893364318885 
0.06514124735041490477 0.08413288464507108488 0.82919028236003888832 0.02153558564447512202 
0.10696178964967706371 0.00000000099999999997 0.89303820835032288183 0.00000000099999999997 
0.00000000099999999991 0.00000000099999999991 0.00000000099999999991 0.99999999700000008485 
0.09392550824561297917 0.00000000099999999999 0.90607448975438698024 0.00000000099999999999 
0.99999999700000008485 0.00000000099999999991 0.00000000099999999991 0.00000000099999999991 
0.08528117963581564875 0.00000000099999999999 0.91471881836418433842 0.00000000099999999999 
0.00000000099999999993 0.00000000099999999993 0.99999999699999997382 0.00000000099999999993 
0.00000000099999999995 0.99999999700000008485 0.00000000099999999995 0.00000000099999999995 
0.00000000099999999992 0.00000000099999999992 0.99999999699999986280 0.00000000099999999992 
0.00000000099999999993 0.00000000099999999993 0.99999999699999997382 0.00000000099999999993 
0.08819475046261923690 0.02688916897572468309 0.87661241848912252461 0.00830366207253363520 
0.09537160765485376557 0.00000000099999999999 0.90462675132650216536 0.00000164001864402161 
0.00000000099999999996 0.00000000099999999996 0.99999999699999986280 0.00000000099999999996 
0.00000000099999999993 0.00000000099999999993 0.99999999699999997382 0.00000000099999999993 
0.10006241120970692238 0.00000000099999999998 0.89993758679029312031 0.00000000099999999998 
0.00000000099999999996 0.99999999700000008485 0.00000000099999999996 0.00000000099999999996 
0.09895155679534944904 0.00000000367817770043 0.88938614132701176995 0.01166229819946111232 
0.00000000099999999994 0.00000000099999999994 0.99999999699999986280 0.00000000099999999994 
0.11598273739924516712 0.00701110092748898159 0.87188109973900373983 0.00512506193426214961 
0.09177424990036696373 0.00000845920357038055 0.90821728989606254068 0.00000000099999999999 
0.00000000099999999998 0.00481533709977655794 0.99518466090022339454 0.00000000099999999998 
0.00000000099999999995 0.99999999700000008485 0.00000000099999999995 0.00000000099999999995 
0.00000000099999999997 0.00000000099999999997 0.99999999699999986280 0.00000000099999999997 
0.07079861646726957891 0.00739772075259080737 0.91227060590051956002 0.00953305687962008146 
0.13563641144167465358 0.01322398166734256586 0.85077879897061026160 0.00036080792037246681 
0.08540468663692699081 0.00000330944989284625 0.91459200291318010212 0.00000000099999999999 
0.00000000099999999995 0.99999999700000008485 0.00000000099999999995 0.00000000099999999995 
0.18096596247052032513 0.03969028958694714032 0.77745690253724264451 0.00188684540528992711 
0.10871253190692020674 0.00000002819690845406 0.89128743889617123575 0.00000000099999999999 
0.11557106402177913518 0.00000000099999999997 0.88442893397822086587 0.00000000099999999997 
0.11849245882991824019 0.00000000099999999999 0.88150748926952959827 0.00000005090055206910 
0.01773567921639176981 0.03226242846299860051 0.95000189132060963715 0.00000000099999999999 
0.00000000099999999999 0.86959655702814042666 0.13040344097185954664 0.00000000099999999999 
0.14650567564587618774 0.00564351870493167134 0.84785080464919204690 0.00000000100000000000 
0.00000000099999999992 0.00000000099999999992 0.99999999699999986280 0.00000000099999999992 
0.00194014298069630862 0.00000716833590067157 0.99379223671756877767 0.00426045196583423047 
0.00194099606891078914 0.00000000100000000000 0.93759817405450529559 0.06046082887658386223 
0.04441171623582607780 0.43263509127705962465 0.52295319148711427726 0.00000000099999999999 
0.10205680103778760892 0.00000000099999999996 0.89794319696221236438 0.00000000099999999996 
0.07669359029014147233 0.40912236051928752012 0.45695608769536866234 0.05722796149520235909 
0.24451730037874969126 0.00627675309863474657 0.74920594552261554622 0.00000000100000000000 
0.10661057290176434442 0.00534785653720746233 0.88756042863934381248 0.00048114192168439757 
0.04641045430609545830 0.36771002019135695660 0.58587952450254754400 0.00000000099999999999 
0.03552686911175071544 0.02577419477423821201 0.93869893468745557730 0.00000000142655549859 
0.00000000809318557547 0.00000000100000000000 0.18112790174624468498 0.81887208916056963837 
0.85426644396649842328 0.14573355403350152226 0.00000000099999999998 0.00000000099999999998 
0.09785790251484760560 0.00000000163308528390 0.90214209485206708905 0.00000000099999999999 
0.00000000099999999996 0.00000000099999999996 0.99999999699999986280 0.00000000099999999996 
0.00000000099999999997 0.00000000099999999997 0.99999999699999986280 0.00000000099999999997 
0.00000000099999999993 0.00000000099999999993 0.99999999699999997382 0.00000000099999999993 
0.99999999699999997382 0.00000000099999999996 0.00000000099999999996 0.00000000099999999996 
0.06894094783743615062 0.01519329831386438505 0.90742223476245187364 0.00844351908624764620 
0.07892529513794095675 0.00000000099999999998 0.92107470286205894716 0.00000000099999999998 
0.00791249271983812674 0.00000000099999999998 0.99208750528016198533 0.00000000099999999998 
0.10769989358212224417 0.00007311573724551806 0.89222698968063229863 0.00000000099999999998 
0.00000000099999999994 0.00000000099999999994 0.99999999699999997382 0.00000000099999999994 
0.99999999699999997382 0.00000000099999999991 0.00000000099999999991 0.00000000099999999991 
0.00000000099999999995 0.00000000099999999995 0.99999999699999997382 0.00000000099999999995 
0.00000000099999999996 0.00000000099999999996 0.99999999699999997382 0.00000000099999999996 
0.99999999699999997382 0.00000000099999999991 0.00000000099999999991 0.00000000099999999991 
0.99999999700000008485 0.00000000099999999994 0.00000000099999999994 0.00000000099999999994 
0.12436560403499445637 0.00000000099999999999 0.87563439396500553080 0.00000000099999999999 
0.00000000099999999991 0.00000000099999999991 0.99999999699999986280 0.00000000099999999991 
0.11927861565291428270 0.00000000099999999998 0.88072138234708563509 0.00000000099999999998 
0.00000000099999999995 0.00000000099999999995 0.99999999699999997382 0.00000000099999999995 
