0.33315294350313640059 0.11037125128521410589 0.00000000099999999999 0.00000000099999999999 0.42988086465388275492 0.12659052549662813680 0.00000441206113845597 0.00000000099999999999 
0.00000000099999999997 0.89271200833462571733 0.02654204539787329703 0.00000000099999999997 0.00000000099999999997 0.08074594126750110623 0.00000000099999999997 0.00000000099999999997 
0.00000000099999999998 0.77116611848662464102 0.00000000099999999998 0.00653461609680195191 0.20062255698245409774 0.00000000099999999998 0.00000000099999999998 0.02167670443411951614 
0.00000000099999999997 0.86527868628320614430 0.00585843492516577042 0.00314486513577406923 0.12571800965585402943 0.00000000099999999997 0.00000000099999999997 0.00000000099999999997 
0.00000000099999999995 0.83953586146016212499 0.00000000099999999995 0.00000000099999999995 0.00000604790402655683 0.16045808563581140382 0.00000000099999999995 0.00000000099999999995 
0.00000000099999999994 0.96141145383707804495 0.00000000099999999994 0.00000000099999999994 0.03858854016292193739 0.00000000099999999994 0.00000000099999999994 0.00000000099999999994 
0.00000000099999999987 0.00000000099999999987 0.03148769616401977250 0.00000000099999999987 0.00000000099999999987 0.00000000099999999987 0.00000000099999999987 0.96851229783598025147 
0.00000000099999999969 0.00000000099999999969 0.00000000099999999969 0.00000000099999999969 0.00000000099999999969 0.99999999299999997593 0.00000000099999999969 0.00000000099999999969 
0.00000000099999999992 0.87815850940985862305 0.00000000099999999992 0.00000000099999999992 0.10685768442065970985 0.00000000099999999992 0.01498380116948168882 0.00000000099999999992 
0.00000000099999999987 0.00000000099999999987 0.00000000099999999987 0.00000000099999999987 0.00000000099999999987 0.00000000099999999987 0.00000000099999999987 0.99999999299999997593 
0.00000002479116991470 0.00000000099999999991 0.00000000099999999991 0.00000000099999999991 0.00000000099999999991 0.00000000099999999991 0.00000000099999999991 0.99999996920883016394 
0.00000000099999999994 0.00000000099999999994 0.00000000099999999994 0.00000000099999999994 0.00000000099999999994 0.00000000099999999994 0.00000000099999999994 0.99999999299999997593 
0.00000000099999999982 0.00000000099999999982 0.99999999299999997593 0.00000000099999999982 0.00000000099999999982 0.00000000099999999982 0.00000000099999999982 0.00000000099999999982 
0.00000000099999999997 0.08830459650018523954 0.06382900368426006055 0.27077197301913846772 0.00000000099999999997 0.00000000099999999997 0.00000000099999999997 0.57709442279641620654 
0.00000000099999999989 0.00000000099999999989 0.00000000099999999989 0.99999999299999997593 0.00000000099999999989 0.00000000099999999989 0.00000000099999999989 0.00000000099999999989 
0.00000000099999999990 0.00000000099999999990 0.00000000099999999990 0.00000000099999999990 0.00000000099999999990 0.00000000099999999990 0.00000000099999999990 0.99999999299999997593 
0.00000000099999999994 0.00000000099999999994 0.08951967516817682657 0.36949623414613608219 0.00000000099999999994 0.07855568230214417247 0.00000000099999999994 0.46242840438354293475 
0.00000000099999999996 0.00000000099999999996 0.00000000099999999996 0.43260770487539806917 0.37599624173790124892 0.19139604838670071230 0.00000000099999999996 0.00000000099999999996 
0.00000000099999999926 0.00000000099999999926 0.00000000099999999926 0.99999999299999997593 0.00000000099999999926 0.00000000099999999926 0.00000000099999999926 0.00000000099999999926 
0.00000000099999999991 0.00000000099999999991 0.33738534511312395781 0.66261464888687604535 0.00000000099999999991 0.00000000099999999991 0.00000000099999999991 0.00000000099999999991 
0.00000000099999999974 0.00000000099999999974 0.84247291811910252068 0.15752707588089748247 0.00000000099999999974 0.00000000099999999974 0.00000000099999999974 0.00000000099999999974 
0.00000000099999999991 0.00000000099999999991 0.02731917161378512315 0.00000000099999999991 0.00000000099999999991 0.00000000099999999991 0.00000000099999999991 0.97268082238621489388 
0.99999999300000019797 0.00000000099999999977 0.00000000099999999977 0.00000000099999999977 0.00000000099999999977 0.00000000099999999977 0.00000000099999999977 0.00000000099999999977 
0.00000000099999999996 0.79065924885294114333 0.05329314167777114697 0.00000000099999999996 0.15363926367891864166 0.00240834179036922107 0.00000000099999999996 0.00000000099999999996 
0.00000000099999999991 0.00000000099999999991 0.02873271458088449276 0.00000000099999999991 0.00000000099999999991 0.00000000099999999991 0.00000000099999999991 0.97126727941911561448 
0.00000000099999999993 0.00000000099999999993 0.00001525393708937504 0.00000000099999999993 0.00000000099999999993 0.00000000099999999993 0.00000000099999999993 0.99998474006291060423 
0.00000000099999999990 0.00000000099999999990 0.99999999300000008695 0.00000000099999999990 0.00000000099999999990 0.00000000099999999990 0.00000000099999999990 0.00000000099999999990 
0.00584861260189047712 0.86428775402535606975 0.03031350533910739942 0.00000000099999999998 0.00000000099999999998 0.09935232996036479081 0.00019779507328124347 0.00000000099999999998 
0.00000000099999999994 0.85885986974856631804 0.00000000099999999994 0.00000000099999999994 0.00000000099999999994 0.14114012425143387941 0.00000000099999999994 0.00000000099999999994 
0.00000000099999999998 0.00000000099999999998 0.00000000099999999998 0.00000000099999999998 0.00000000099999999998 0.00000000099999999998 0.00000000099999999998 0.99999999300000008695 
0.00000000099999999998 0.00000000099999999998 0.00000000099999999998 0.06242685030518593109 0.00000000099999999998 0.07363760688255847897 0.00000000099999999998 0.86393553781225551624 
0.02366933028141062281 0.00000000099999999995 0.03205615875744425441 0.00000000099999999995 0.00000000099999999995 0.00000000099999999995 0.01576697588555110718 0.92850753107559413912 
0.00000000099999999997 0.85113408950832614153 0.07110591961851153719 0.00000000099999999997 0.00000000410993902868 0.07775998181527363218 0.00000000099999999997 0.00000000194794970594 
0.00000000099999999976 0.00000000099999999976 0.00000000099999999976 0.00000000099999999976 0.00000000099999999976 0.00000000099999999976 0.99999999299999997593 0.00000000099999999976 
0.00000000099999999999 0.78759103125578533433 0.00408339923002153278 0.00000000099999999999 0.00037877449712870877 0.16395081943507330835 0.04399597258199119953 0.00000000099999999999 
0.00810847273762250673 0.00000000099999999993 0.00000000099999999993 0.00000000099999999993 0.00000000099999999993 0.00000000099999999993 0.00000000099999999993 0.99189152126237745133 
0.99999999300000019797 0.00000000099999999982 0.00000000099999999982 0.00000000099999999982 0.00000000099999999982 0.00000000099999999982 0.00000000099999999982 0.00000000099999999982 
0.00000000099999999960 0.00000000099999999960 0.00000000099999999960 0.00000000099999999960 0.00000000099999999960 0.00000000099999999960 0.99999999299999986491 0.00000000099999999960 
0.00000000099999999994 0.00000000099999999994 0.00000000099999999994 0.02709184247485575681 0.00000000099999999994 0.00000000099999999994 0.00000000099999999994 0.97290815152514431574 
0.01526848576512432505 0.00000000099999999990 0.00000000099999999990 0.00000000099999999990 0.00000000099999999990 0.00000000099999999990 0.00000000099999999990 0.98473150823487565209 
0.00114853779877910865 0.00000000099999999992 0.04390186951926760422 0.00000000099999999992 0.00000000099999999992 0.00000000099999999992 0.00000000099999999992 0.95494958768195337129 
0.00000000099999999987 0.00000000099999999987 0.00000000099999999987 0.00000000099999999987 0.53456153096924730050 0.46543846303075270265 0.00000000099999999987 0.00000000099999999987 
0.00000000100000000000 0.06503308958946195373 0.00002301307680648786 0.00000000100000000000 0.51694753653273006755 0.32771078070255654779 0.00486129655171392994 0.08542428154673102625 
0.00000000099999999988 0.00000000099999999988 0.99999999299999997593 0.00000000099999999988 0.00000000099999999988 0.00000000099999999988 0.00000000099999999988 0.00000000099999999988 
0.00000000099999999997 0.47128919286249798537 0.48579624841185109485 0.00000000099999999997 0.04291455372565081139 0.00000000099999999997 0.00000000099999999997 0.00000000099999999997 
0.00000000099999999986 0.00000000099999999986 0.00000000099999999986 0.00000000099999999986 0.53908243115053389172 0.46091756284946600042 0.00000000099999999986 0.00000000099999999986 
0.00000000099999999996 0.00000000099999999996 0.00908908573780091260 0.00000000099999999996 0.00000000099999999996 0.00000000099999999996 0.00967748680554115365 0.98123342245665789996 
0.00000000099999999981 0.00000000099999999981 0.00000000099999999981 0.00000000099999999981 0.99999999299999997593 0.00000000099999999981 0.00000000099999999981 0.00000000099999999981 
0.00000000099999999986 0.00000000099999999986 0.00000000099999999986 0.00000000099999999986 0.35090960599155329724 0.64909038800844687245 0.00000000099999999986 0.00000000099999999986 
0.00000000099999999983 0.00000000099999999983 0.00000000099999999983 0.00000000099999999983 0.99999999300000008695 0.00000000099999999983 0.00000000099999999983 0.00000000099999999983 
0.00000000099999999997 0.80407578306232319054 0.00000000099999999997 0.00000000099999999997 0.00000000099999999997 0.17100537981388350128 0.02491883212379352244 0.00000000099999999997 
0.00000000099999999979 0.00000000099999999979 0.00000000099999999979 0.00000000099999999979 0.46804374800265258205 0.53195624599734736559 0.00000000099999999979 0.00000000099999999979 
0.00000000099999999987 0.00975727955338018954 0.00000000099999999987 0.00000000099999999987 0.71055837673915245301 0.27968433870746745029 0.00000000099999999987 0.00000000099999999987 
0.00491014781258199574 0.00000000099999999992 0.48133595584358151998 0.00000000099999999992 0.00000000099999999992 0.00000000099999999992 0.00217803854335386991 0.51157585380048242740 
0.00000000099999999999 0.73692018835347306016 0.01236503401664010467 0.01402333768843656500 0.00000000099999999999 0.23669143594145033993 0.00000000099999999999 0.00000000099999999999 
0.00000000099999999998 0.35728444131842562737 0.00000000099999999998 0.00000000099999999998 0.34276353794677971720 0.29994665245375490281 0.00000536428103985341 0.00000000099999999998 
0.00000000099999999973 0.00000000099999999973 0.00000000099999999973 0.00000000099999999973 0.00000000099999999973 0.99999999299999997593 0.00000000099999999973 0.00000000099999999973 
0.00000000099999999995 0.96042579197461908080 0.00000000099999999995 0.00000000099999999995 0.00000033270169011094 0.03317600057413366138 0.00639787074955728511 0.00000000099999999995 
0.00000000099999999987 0.00000000099999999987 0.00000000099999999987 0.00000000099999999987 0.99999999300000008695 0.00000000099999999987 0.00000000099999999987 0.00000000099999999987 
0.00000000099999999992 0.98305245028472887370 0.00000000099999999992 0.00000000099999999992 0.01694754371527123007 0.00000000099999999992 0.00000000099999999992 0.00000000099999999992 
0.00000000099999999992 0.89791395810634166974 0.00000000099999999992 0.00000000099999999992 0.10208603589365840281 0.00000000099999999992 0.00000000099999999992 0.00000000099999999992 
0.00000000099999999992 0.00000000099999999992 0.00000000099999999992 0.00000000099999999992 0.49685158739886797763 0.50314840660113202553 0.00000000099999999992 0.00000000099999999992 
0.00000000099999999984 0.00000000099999999984 0.00000000099999999984 0.00000000099999999984 0.99999999300000008695 0.00000000099999999984 0.00000000099999999984 0.00000000099999999984 
0.89890065303796806706 0.00000000099999999997 0.00000000099999999997 0.02949478566503515448 0.00219804308318952016 0.00000000099999999997 0.00000000099999999997 0.06940651421380740482 
0.00000000099999999993 0.89720816131420566553 0.00000000099999999993 0.00000000099999999993 0.10279183268579451804 0.00000000099999999993 0.00000000099999999993 0.00000000099999999993 
0.00000000099999999997 0.00000000099999999997 0.00000000099999999997 0.00000000099999999997 0.49365102679719852219 0.49617716706262182669 0.01017180114017966937 0.00000000099999999997 
0.99999999300000019797 0.00000000099999999985 0.00000000099999999985 0.00000000099999999985 0.00000000099999999985 0.00000000099999999985 0.00000000099999999985 0.00000000099999999985 
0.00295723885976711303 0.00000000099999999996 0.00000000099999999996 0.00000000099999999996 0.00000000099999999996 0.00000000099999999996 0.01052061762566768900 0.98652213851456527216 
0.00000000099999999995 0.95878106154109465908 0.00000000099999999995 0.00000000099999999995 0.00000000099999999995 0.04121893245890542734 0.00000000099999999995 0.00000000099999999995 
0.94831177150164047696 0.00000000099999999991 0.00000000099999999991 0.05168822249835967192 0.00000000099999999991 0.00000000099999999991 0.00000000099999999991 0.00000000099999999991 
0.99999999300000019797 0.00000000099999999987 0.00000000099999999987 0.00000000099999999987 0.00000000099999999987 0.00000000099999999987 0.00000000099999999987 0.00000000099999999987 
0.99999999300000019797 0.00000000099999999993 0.00000000099999999993 0.00000000099999999993 0.00000000099999999993 0.00000000099999999993 0.00000000099999999993 0.00000000099999999993 
0.00000000099999999986 0.00000000099999999986 0.99999999300000008695 0.00000000099999999986 0.00000000099999999986 0.00000000099999999986 0.00000000099999999986 0.00000000099999999986 
0.38437452324868309761 0.00000000099999999993 0.61562547075131690555 0.00000000099999999993 0.00000000099999999993 0.00000000099999999993 0.00000000099999999993 0.00000000099999999993 
0.28170313005932490213 0.00000000099999999999 0.52873064932148405859 0.00000000099999999999 0.14210864935290523636 0.00000000099999999999 0.01878954823672987842 0.02866802002955591566 
0.00000000099999999991 0.00000000099999999991 0.99999999300000008695 0.00000000099999999991 0.00000000099999999991 0.00000000099999999991 0.00000000099999999991 0.00000000099999999991 
0.00000000099999999991 0.00000000099999999991 0.00000000099999999991 0.00000000099999999991 0.00000000099999999991 0.00000000099999999991 0.00000000099999999991 0.99999999299999997593 
0.99999999300000008695 0.00000000099999999984 0.00000000099999999984 0.00000000099999999984 0.00000000099999999984 0.00000000099999999984 0.00000000099999999984 0.00000000099999999984 
0.35195582371143679934 0.00000000099999999988 0.63657251088472088796 0.00000000099999999988 0.00000000099999999988 0.00000000099999999988 0.01147166040384235697 0.00000000099999999988 
0.37939467664418002890 0.00000000099999999991 0.60327645441588384490 0.00000000099999999991 0.00000000099999999991 0.00000000099999999991 0.01732886393993623292 0.00000000099999999991 
0.86774870227571176962 0.00000000099999999998 0.02196766358307165878 0.00000000099999999998 0.00000000099999999998 0.00000000099999999998 0.03445463151636870419 0.07582899862484794584 
0.01067452406852748004 0.16266871212612982189 0.54181061771078253830 0.07209073500620530317 0.00000000100000000000 0.03554620467710604276 0.01042578856357685713 0.16678341684767208908 
0.07397579628025116594 0.11292856259569337973 0.00000000100000000000 0.00019481304257984534 0.00000000100000000000 0.02606570823845747592 0.00097268175401761037 0.78586243608900041568 
0.00000000099999999989 0.00000000099999999989 0.99999999299999997593 0.00000000099999999989 0.00000000099999999989 0.00000000099999999989 0.00000000099999999989 0.00000000099999999989 
0.99999999300000019797 0.00000000099999999995 0.00000000099999999995 0.00000000099999999995 0.00000000099999999995 0.00000000099999999995 0.00000000099999999995 0.00000000099999999995 
0.00000000099999999989 0.00000000099999999989 0.00000000099999999989 0.00000000099999999989 0.00000000099999999989 0.00000000099999999989 0.00000000099999999989 0.99999999299999997593 
0.04012476975629904880 0.00000000099999999996 0.03109007607316023256 0.00000000099999999996 0.00000000099999999996 0.00000000099999999996 0.00000000099999999996 0.92878514917054078026 
0.00000000099999999987 0.00000000099999999987 0.99999999300000008695 0.00000000099999999987 0.00000000099999999987 0.00000000099999999987 0.00000000099999999987 0.00000000099999999987 
0.01895200535305647041 0.00000000099999999994 0.00889370463635425282 0.00000000099999999994 0.00000000099999999994 0.00000000099999999994 0.00000000099999999994 0.97215428501058931410 
0.37785090421965178420 0.00000000099999999991 0.62092415804488543252 0.00000000099999999991 0.00000000099999999991 0.00000000099999999991 0.00122493273546277139 0.00000000099999999991 
0.00000000099999999997 0.00000000099999999997 0.96203610783742576906 0.00000000099999999997 0.03796388616257427573 0.00000000099999999997 0.00000000099999999997 0.00000000099999999997 
0.94746800353730520339 0.00000000099999999990 0.00000000099999999990 0.00000000099999999990 0.00000000099999999990 0.00000000099999999990 0.00000000099999999990 0.05253199046269493161 
0.00000000099999999995 0.00000000099999999995 0.99787481631353647238 0.00000000099999999995 0.00000000099999999995 0.00000000099999999995 0.00000000099999999995 0.00212517768646365568 
0.05518943448867284773 0.00000000099999999993 0.01774779101177103094 0.00000000099999999993 0.00000000099999999993 0.00000000099999999993 0.00000000099999999993 0.92706276949955623845 
0.00000000099999999986 0.00000000099999999986 0.00000000099999999986 0.00000000099999999986 0.44742698638740935335 0.55257300761259064981 0.00000000099999999986 0.00000000099999999986 
0.00000000099999999975 0.00000000099999999975 0.00000000099999999975 0.00000000099999999975 0.99999999300000008695 0.00000000099999999975 0.00000000099999999975 0.00000000099999999975 
0.00000000099999999993 0.90217123961398049126 0.00000000099999999993 0.00000000099999999993 0.00000000099999999993 0.06827750822686116938 0.02955124715915833158 0.00000000099999999993 
0.00000000099999999992 0.88458165765885898857 0.00000000099999999992 0.00000000099999999992 0.00000000099999999992 0.11541833634114112561 0.00000000099999999992 0.00000000099999999992 
0.87422660724893686002 0.00000000099999999999 0.00000000099999999999 0.04890413772718767843 0.03470247950912486862 0.00000000099999999999 0.04216677151475059504 0.00000000099999999999 
0.00000000099999999995 0.79637223131584977676 0.08312208375708636521 0.00000000099999999995 0.12050567992706383291 0.00000000099999999995 0.00000000099999999995 0.00000000099999999995 
0.00000000099999999996 0.92576410816851817387 0.00000000099999999996 0.00000000099999999996 0.00000000099999999996 0.07423588583148199582 0.00000000099999999996 0.00000000099999999996 
0.86482651848366765002 0.00000000099999999997 0.00000000099999999997 0.00000000099999999997 0.00000000099999999997 0.13517347551633257519 0.00000000099999999997 0.00000000099999999997 
0.00000000099999999999 0.70416483638814775237 0.02178382241101777320 0.00000000099999999999 0.01635942898377251709 0.13398474544823343879 0.01998406508986819499 0.10372309967896049809 
0.00000000099999999965 0.00000000099999999965 0.00000000099999999965 0.00000000099999999965 0.00000000099999999965 0.99999999299999997593 0.00000000099999999965 0.00000000099999999965 
0.81723691178312640737 0.00000000099999999998 0.00000000099999999998 0.00000000099999999998 0.00000000099999999998 0.18276308221687376232 0.00000000099999999998 0.00000000099999999998 
0.00000000099999999986 0.00000000099999999986 0.00000000099999999986 0.12355709657928229395 0.00000000099999999986 0.00000000099999999986 0.00000000099999999986 0.87644289742071779248 
0.99999999300000019797 0.00000000099999999983 0.00000000099999999983 0.00000000099999999983 0.00000000099999999983 0.00000000099999999983 0.00000000099999999983 0.00000000099999999983 
0.00000000099999999986 0.00000000099999999986 0.99999999299999997593 0.00000000099999999986 0.00000000099999999986 0.00000000099999999986 0.00000000099999999986 0.00000000099999999986 
0.00000000099999999994 0.00000000099999999994 0.00058131526447411654 0.00000000099999999994 0.00000000099999999994 0.00000000099999999994 0.00000000099999999994 0.99941867873552581170 
0.00000000099999999996 0.95140463056584523294 0.00000000099999999996 0.00000000099999999996 0.00011074998374378919 0.04848461445041118284 0.00000000099999999996 0.00000000099999999996 
0.15468615008867145355 0.71895535513446484632 0.00001224622935078678 0.02570114127116149977 0.00011149259797035519 0.10053361267838120674 0.00000000100000000000 0.00000000100000000000 
0.00000000099999999997 0.91686748709109533451 0.00000000099999999997 0.00000000099999999997 0.00000000099999999997 0.08313250690890479355 0.00000000099999999997 0.00000000099999999997 
0.00000000099999999996 0.88417064749004192770 0.00000000099999999996 0.00000000099999999996 0.11582934328067577556 0.00000000422928252672 0.00000000099999999996 0.00000000099999999996 
0.00000000099999999998 0.88720879431533972159 0.00000000099999999998 0.00000000099999999998 0.08913822381493720359 0.02100985453761250454 0.00000000099999999998 0.00264312333211064133 
0.00000000099999999989 0.85672902381980664543 0.00000000099999999989 0.00000000099999999989 0.00003576078265721517 0.14323521039753614459 0.00000000099999999989 0.00000000099999999989 
0.00430014622120021041 0.00000000099999999994 0.00029862568349369291 0.02830034788996944883 0.00000000099999999994 0.00000000099999999994 0.00000000099999999994 0.96710087620533680131 
0.00000000099999999993 0.00000000099999999993 0.99999999300000008695 0.00000000099999999993 0.00000000099999999993 0.00000000099999999993 0.00000000099999999993 0.00000000099999999993 
0.00000000099999999993 0.00000000099999999993 0.00000000464825694768 0.01756793740282334287 0.00000000099999999993 0.00000000099999999993 0.00000000099999999993 0.98243205294891966517 
0.00000000099999999995 0.00000000099999999995 0.00000000099999999995 0.00000000099999999995 0.00000000099999999995 0.00000000099999999995 0.00000000099999999995 0.99999999300000008695 
0.00000000099999999983 0.00000000099999999983 0.99999999299999997593 0.00000000099999999983 0.00000000099999999983 0.00000000099999999983 0.00000000099999999983 0.00000000099999999983 
0.99999999300000019797 0.00000000099999999976 0.00000000099999999976 0.00000000099999999976 0.00000000099999999976 0.00000000099999999976 0.00000000099999999976 0.00000000099999999976 
0.99999999300000008695 0.00000000099999999984 0.00000000099999999984 0.00000000099999999984 0.00000000099999999984 0.00000000099999999984 0.00000000099999999984 0.00000000099999999984 
0.00000000099999999986 0.00000000099999999986 0.00000000099999999986 0.00000000099999999986 0.00000000099999999986 0.00000000099999999986 0.00000000099999999986 0.99999999300000008695 
0.00000000099999999990 0.00000000099999999990 0.00000000099999999990 0.00000000099999999990 0.00000000099999999990 0.00000000099999999990 0.00000000099999999990 0.99999999300000008695 
0.00000484387978809971 0.00000000099999999988 0.00000000099999999988 0.00000000099999999988 0.00000000099999999988 0.00000000099999999988 0.00000000099999999988 0.99999515012021178428 
0.99999999300000019797 0.00000000099999999984 0.00000000099999999984 0.00000000099999999984 0.00000000099999999984 0.00000000099999999984 0.00000000099999999984 0.00000000099999999984 
0.98594039928502663628 0.00000000099999999994 0.00000000099999999994 0.00000000099999999994 0.00000000099999999994 0.00000000099999999994 0.00000000099999999994 0.01405959471497343627 
0.00000000099999999989 0.00000000099999999989 0.00000000099999999989 0.00000000099999999989 0.00000000099999999989 0.00000000099999999989 0.00000000099999999989 0.99999999300000008695 
0.00000000099999999986 0.00000000099999999986 0.99999999300000008695 0.00000000099999999986 0.00000000099999999986 0.00000000099999999986 0.00000000099999999986 0.00000000099999999986 
0.03437510757878469575 0.00000000099999999998 0.05709032792936246520 0.00000000099999999998 0.00000000099999999998 0.00000000099999999998 0.03302679876805623971 0.87550776172379674023 
0.99999999300000019797 0.00000000099999999978 0.00000000099999999978 0.00000000099999999978 0.00000000099999999978 0.00000000099999999978 0.00000000099999999978 0.00000000099999999978 
0.00234245657992349738 0.00000000099999999988 0.00000000099999999988 0.00000000099999999988 0.00000000099999999988 0.00000000099999999988 0.00000000099999999988 0.99765753742007645677 
0.00000000099999999998 0.80297018977120226957 0.02751315793030177648 0.00000000099999999998 0.03226043282187321393 0.12733630094862699589 0.00991991552799564510 0.00000000099999999998 
0.84265430575689559412 0.00000000099999999992 0.15734568824310438129 0.00000000099999999992 0.00000000099999999992 0.00000000099999999992 0.00000000099999999992 0.00000000099999999992 
0.00000000099999999998 0.85316901707869896576 0.00000000099999999998 0.00000000099999999998 0.00000000099999999998 0.05681642473468657278 0.01549239980069871785 0.07452215438591576480 
0.99999999300000008695 0.00000000099999999978 0.00000000099999999978 0.00000000099999999978 0.00000000099999999978 0.00000000099999999978 0.00000000099999999978 0.00000000099999999978 
0.00000000099999999993 0.00000000099999999993 0.00000053348234922324 0.00000000099999999993 0.00000000099999999993 0.00000000099999999993 0.00000000099999999993 0.99999946051765065125 
0.00000000099999999989 0.00000000099999999989 0.00000000099999999989 0.00000000099999999989 0.00000000099999999989 0.00000000099999999989 0.00000000099999999989 0.99999999300000008695 
0.99999999300000008695 0.00000000099999999983 0.00000000099999999983 0.00000000099999999983 0.00000000099999999983 0.00000000099999999983 0.00000000099999999983 0.00000000099999999983 
0.00000000099999999989 0.00000000099999999989 0.00000000099999999989 0.00000000099999999989 0.00000000099999999989 0.00000000099999999989 0.00000000099999999989 0.99999999299999997593 
0.00125398730776943496 0.15710345564938923979 0.03816534593921597912 0.02608077814234925629 0.00000000100000000000 0.07171279847538214458 0.06732384896213509939 0.63835978452375896630 
0.97591275153439349666 0.00000000099999999988 0.00000000099999999988 0.02408724246560678059 0.00000000099999999988 0.00000000099999999988 0.00000000099999999988 0.00000000099999999988 
0.00702628830347340212 0.00000000099999999998 0.00000000099999999998 0.00000000099999999998 0.00000000099999999998 0.00207192874543254751 0.00000000099999999998 0.99090177795109413150 
0.00000000099999999994 0.12797189684613011207 0.00000000099999999994 0.00000000099999999994 0.55307215624595729153 0.31682576560331232596 0.00213017730460032719 0.00000000099999999994 
0.00000000099999999955 0.00000000099999999955 0.00000000099999999955 0.00000000099999999955 0.00000000099999999955 0.00000000099999999955 0.99999999299999997593 0.00000000099999999955 
0.00000000099999999991 0.94553627835418985192 0.00000000099999999991 0.00000000099999999991 0.05446370523612233810 0.00000001140968788292 0.00000000099999999991 0.00000000099999999991 
0.00000000099999999994 0.88160219979676202051 0.00000000099999999994 0.00000000099999999994 0.00000000099999999994 0.11839779420323806591 0.00000000099999999994 0.00000000099999999994 
0.00000000099999999996 0.94884262825369769523 0.00000000099999999996 0.00000000099999999996 0.00000000099999999996 0.05115736574630252997 0.00000000099999999996 0.00000000099999999996 
0.00000000099999999996 0.94148150145307341052 0.00000000099999999996 0.00000000099999999996 0.00000000099999999996 0.05851849254692672447 0.00000000099999999996 0.00000000099999999996 
0.00000000099999999998 0.90104977476715220064 0.00000000099999999998 0.01483463427337490884 0.00000046729711412432 0.08411511966235890592 0.00000000099999999998 0.00000000099999999998 
0.00000000099999999999 0.63238184388819429493 0.00000000099999999999 0.02486699896189947454 0.00000000099999999999 0.26631857133390607340 0.00135407149382718518 0.07507851132217290002 
0.00000000099999999993 0.98871871016713475111 0.00000000099999999993 0.00000000099999999993 0.01128128383286527980 0.00000000099999999993 0.00000000099999999993 0.00000000099999999993 
0.99999999300000019797 0.00000000099999999977 0.00000000099999999977 0.00000000099999999977 0.00000000099999999977 0.00000000099999999977 0.00000000099999999977 0.00000000099999999977 
0.00000000099999999997 0.87052638223296574527 0.00000000099999999997 0.00000000099999999997 0.00000000099999999997 0.11338118122587491354 0.01609243154115947913 0.00000000099999999997 
0.00000000099999999958 0.00000000099999999958 0.00000000099999999958 0.00000000099999999958 0.00000000099999999958 0.00000000099999999958 0.99999999299999997593 0.00000000099999999958 
0.00000000099999999995 0.88922084129414236120 0.00000000099999999995 0.00000000099999999995 0.00000000099999999995 0.11077915270585773910 0.00000000099999999995 0.00000000099999999995 
0.00000000099999999985 0.00000000099999999985 0.00000000099999999985 0.00000000099999999985 0.57351384896289259174 0.42648614503710752244 0.00000000099999999985 0.00000000099999999985 
0.00000000099999999989 0.00000000099999999989 0.00000000099999999989 0.00000000099999999989 0.00000000099999999989 0.00000000099999999989 0.00000000099999999989 0.99999999300000008695 
0.00000000099999999983 0.00000000099999999983 0.00000000099999999983 0.00000000099999999983 0.48838042103417944606 0.51161957296582061261 0.00000000099999999983 0.00000000099999999983 
0.00000000099999999984 0.00000000099999999984 0.00000000099999999984 0.00000000099999999984 0.48680450682299447607 0.51319548717700558260 0.00000000099999999984 0.00000000099999999984 
0.01024225944811423504 0.84139652566056366556 0.00787558808938126215 0.00000000099999999997 0.13045376598190891460 0.00000000099999999997 0.00369036726164343127 0.00634149155838841395 
0.00000000099999999996 0.84748973265292093515 0.01898596703910892386 0.00000000099999999996 0.00003454675014193685 0.13348974955782838547 0.00000000099999999996 0.00000000099999999996 
0.00000000099999999985 0.00000000099999999985 0.00000000099999999985 0.00000000099999999985 0.99999999300000008695 0.00000000099999999985 0.00000000099999999985 0.00000000099999999985 
0.00000000099999999985 0.00000000099999999985 0.00000000099999999985 0.00000000099999999985 0.55095079396359114554 0.44904920003640896864 0.00000000099999999985 0.00000000099999999985 
0.00000000099999999996 0.88107250177561113880 0.00000000099999999996 0.00000000099999999996 0.11892749222438898926 0.00000000099999999996 0.00000000099999999996 0.00000000099999999996 
0.00000000099999999988 0.00000000099999999988 0.00000000099999999988 0.00000000099999999988 0.00000000099999999988 0.00000000099999999988 0.00000000099999999988 0.99999999300000008695 
0.01863624720599917767 0.83241943926571515533 0.00000000099999999999 0.00000000099999999999 0.13951353351974082884 0.00144891124682392652 0.00798186576172097567 0.00000000099999999999 
0.00000000099999999983 0.00000000099999999983 0.00000000099999999983 0.00000000099999999983 0.38643786775284566515 0.61356212624715444903 0.00000000099999999983 0.00000000099999999983 
0.00000000099999999998 0.87362652171394039602 0.03042963079464304152 0.00000000099999999998 0.00000000099999999998 0.09512666811986306148 0.00081717537155362246 0.00000000099999999998 
0.00000000099999999997 0.89379575603801508787 0.00000000099999999997 0.00000000099999999997 0.03697349840061221748 0.06923074056137273891 0.00000000099999999997 0.00000000099999999997 
0.00000000099999999973 0.00000000099999999973 0.00000000099999999973 0.00000000099999999973 0.00000000099999999973 0.99999999300000008695 0.00000000099999999973 0.00000000099999999973 
0.00000000099999999989 0.00000000099999999989 0.00000000099999999989 0.00000000099999999989 0.00000000099999999989 0.00000000099999999989 0.00000000099999999989 0.99999999299999997593 
0.00000000099999999990 0.00000000099999999990 0.00000000099999999990 0.00000000099999999990 0.51225310257530742852 0.48774689142469274117 0.00000000099999999990 0.00000000099999999990 
0.00265409095542028283 0.90009570611929534678 0.00000000099999999997 0.00000000099999999997 0.00000000099999999997 0.09725019792528444285 0.00000000099999999997 0.00000000099999999997 
0.00000028608558846054 0.87327363840534899531 0.03937921309482041859 0.00152324080061606968 0.08582361861362619582 0.00000000099999999999 0.00000000099999999999 0.00000000099999999999 
0.00000000099999999994 0.87742276662366491813 0.00413390358132723415 0.00000000099999999994 0.00000000099999999994 0.11844332479500777056 0.00000000099999999994 0.00000000099999999994 
0.00000000099999999988 0.00000000099999999988 0.00000000099999999988 0.00000000099999999988 0.00000000099999999988 0.00000000099999999988 0.00000000099999999988 0.99999999299999997593 
0.00000000099999999997 0.73598621578348599748 0.14112882331978129913 0.00000000099999999997 0.00000254708173959037 0.12288240981499327920 0.00000000099999999997 0.00000000099999999997 
0.00000000099999999996 0.86009751462575345649 0.00000006584615191349 0.00000000099999999996 0.00000099238349586712 0.13166862275118240699 0.00823280139341642063 0.00000000099999999996 
0.00000000099999999992 0.95273635821625135556 0.00000000099999999992 0.00000000099999999992 0.00000000099999999992 0.04726363578374879332 0.00000000099999999992 0.00000000099999999992 
0.00000000099999999998 0.91569814147357064815 0.00000000099999999998 0.00860764295149729283 0.05935105697877670478 0.00000000099999999998 0.01634315459615528349 0.00000000099999999998 
0.00000000099999999998 0.10172446882872754337 0.02776603651881050933 0.00000000099999999998 0.37256915218903330356 0.49794033485076938383 0.00000000099999999998 0.00000000461265929561 
0.00000000099999999998 0.00000000099999999998 0.00000000099999999998 0.00000000099999999998 0.07124680370522586126 0.06525386527841678386 0.00000000099999999998 0.86349932601635726037 
0.00000000099999999997 0.85023256052497131474 0.06713815649700796695 0.00000000099999999997 0.00000000099999999997 0.08262927797802076257 0.00000000099999999997 0.00000000099999999997 
0.00000000099999999973 0.00000000099999999973 0.00000000099999999973 0.00000000099999999973 0.99999999299999997593 0.00000000099999999973 0.00000000099999999973 0.00000000099999999973 
0.00000000099999999994 0.00000000099999999994 0.00000000099999999994 0.00000000099999999994 0.99999999299999997593 0.00000000099999999994 0.00000000099999999994 0.00000000099999999994 
0.05741634922965095644 0.29653595612443978125 0.00000000099999999998 0.00000000099999999998 0.64604768964590930658 0.00000000099999999998 0.00000000099999999998 0.00000000099999999998 
0.00000000099999999998 0.13259680013334565474 0.07108460283807015168 0.00000000099999999998 0.40052016893156899835 0.00000000099999999998 0.00000000099999999998 0.39579842409701532224 
0.00000000099999999989 0.97435381610652138651 0.00000000099999999989 0.00000000099999999989 0.00000000330002185438 0.02564617559345685679 0.00000000099999999989 0.00000000099999999989 
0.06148543668628140418 0.35428413480799447743 0.00000005153333730217 0.00000000100000000000 0.00000000100000000000 0.15040845510913097849 0.02446285686835534406 0.40935906299490049109 
0.00000000099999999997 0.72494558916086992983 0.20755692220470275955 0.00000000099999999997 0.00069077630654564178 0.06680670832788175584 0.00000000099999999997 0.00000000099999999997 
0.00000000099999999998 0.99999999300000019797 0.00000000099999999998 0.00000000099999999998 0.00000000099999999998 0.00000000099999999998 0.00000000099999999998 0.00000000099999999998 
0.00000000099999999998 0.61899279438480014903 0.00000000099999999998 0.02314139941666609399 0.01550394214561839901 0.00000000099999999998 0.00000000099999999998 0.34236186005291541212 
0.00000000099999999995 0.44527847709658052722 0.00000000099999999995 0.00000000099999999995 0.00000000099999999995 0.55472151690341942043 0.00000000099999999995 0.00000000099999999995 
0.00000000099999999966 0.00000000099999999966 0.00000000099999999966 0.99999999299999997593 0.00000000099999999966 0.00000000099999999966 0.00000000099999999966 0.00000000099999999966 
0.00000000099999999987 0.00000000099999999987 0.83955463662812246373 0.16044535737187759494 0.00000000099999999987 0.00000000099999999987 0.00000000099999999987 0.00000000099999999987 
0.00000000099999999996 0.88848595885992254217 0.00000000099999999996 0.00000000099999999996 0.11078809952559773300 0.00072593661447986851 0.00000000099999999996 0.00000000099999999996 
0.00000000099999999982 0.00000000099999999982 0.00000000099999999982 0.00000000099999999982 0.99999999300000008695 0.00000000099999999982 0.00000000099999999982 0.00000000099999999982 
0.00000000099999999989 0.00000000099999999989 0.00000000099999999989 0.00000000099999999989 0.43433151933238522968 0.56566847466761482899 0.00000000099999999989 0.00000000099999999989 
0.00000000099999999987 0.00000000099999999987 0.00000000099999999987 0.00000000099999999987 0.58269796467909107385 0.41730202932090904033 0.00000000099999999987 0.00000000099999999987 
0.00000000099999999984 0.00000000099999999984 0.00000000099999999984 0.00000000099999999984 0.00000000099999999984 0.00000000099999999984 0.99999999299999986491 0.00000000099999999984 
0.00000000099999999998 0.89951428870738603383 0.00545604361791341211 0.00000000099999999998 0.09499263744312619329 0.00000000099999999998 0.00000000099999999998 0.00003702623157439806 
0.00000000099999999993 0.90408367561899527498 0.00000000099999999993 0.00000000099999999993 0.00000000099999999993 0.09591631838100490859 0.00000000099999999993 0.00000000099999999993 
0.00000000099999999993 0.00000000511807144466 0.00000000099999999993 0.00000000099999999993 0.43983498283116867489 0.55425160883383739474 0.00591339921692231058 0.00000000099999999993 
0.00000000099999999996 0.84115262812432844974 0.01182220021134069814 0.00000000099999999996 0.14702465432403916124 0.00000051334029185049 0.00000000099999999996 0.00000000099999999996 
0.00000000099999999982 0.00000000099999999982 0.00000000099999999982 0.00000000099999999982 0.99999999300000008695 0.00000000099999999982 0.00000000099999999982 0.00000000099999999982 
0.00000000099999999956 0.00000000099999999956 0.00000000099999999956 0.00000000099999999956 0.00000000099999999956 0.00000000099999999956 0.99999999299999986491 0.00000000099999999956 
0.00000000099999999982 0.00000000099999999982 0.00000000099999999982 0.00000000099999999982 0.99999999300000008695 0.00000000099999999982 0.00000000099999999982 0.00000000099999999982 
0.00000000099999999991 0.00000000099999999991 0.00000000099999999991 0.00000000099999999991 0.73621857473274632255 0.26378141926725362509 0.00000000099999999991 0.00000000099999999991 
0.00000000099999999956 0.00000000099999999956 0.00000000099999999956 0.00000000099999999956 0.00000000099999999956 0.00000000099999999956 0.99999999299999997593 0.00000000099999999956 
0.00000000099999999976 0.00000000099999999976 0.00000000099999999976 0.00000000099999999976 0.00000000099999999976 0.00000000099999999976 0.99999999299999997593 0.00000000099999999976 
0.00000000099999999997 0.94690136229961030523 0.00000000099999999997 0.00538166921453824779 0.04020027088339974547 0.00000000099999999997 0.00751669360245170101 0.00000000099999999997 
0.00000000099999999976 0.00000000099999999976 0.00000000099999999976 0.00000000099999999976 0.99999999300000008695 0.00000000099999999976 0.00000000099999999976 0.00000000099999999976 
0.00000000099999999996 0.83869565526821976409 0.01393879697614094047 0.00000000099999999996 0.12285684637945872011 0.00000000099999999996 0.02450869737618079774 0.00000000099999999996 
0.00000000099999999982 0.00000000099999999982 0.00000000099999999982 0.00000000099999999982 0.99999999299999997593 0.00000000099999999982 0.00000000099999999982 0.00000000099999999982 
