0.10184743830186421265 0.56291708688121866455 0.33523547381691698455 0.00000000100000000000 
0.99788782794718255964 0.00000000099999999999 0.00000000099999999999 0.00211217005281759103 
0.83133065573789377556 0.14391251802767607293 0.00000000100000000000 0.02475682523443037061 
0.93300122946265662272 0.06699876853734341997 0.00000000099999999999 0.00000000099999999999 
0.89186757256864179766 0.10813242543135820339 0.00000000099999999998 0.00000000099999999998 
0.99999999699999997382 0.00000000099999999997 0.00000000099999999997 0.00000000099999999997 
0.00000000099999999992 0.00000000099999999992 0.00000000099999999992 0.99999999699999997382 
0.00000000099999999994 0.99999999699999997382 0.00000000099999999994 0.00000000099999999994 
0.92755106220830407793 0.07244893579169589537 0.00000000099999999996 0.00000000099999999996 
0.00000000099999999993 0.00000000099999999993 0.00000000099999999993 0.99999999700000008485 
0.00000000099999999994 0.00000000099999999994 0.00000000099999999994 0.99999999700000008485 
0.00000000099999999996 0.00000000099999999996 0.00000000099999999996 0.99999999700000008485 
0.15918561785536924913 0.00000000355611801987 0.15631936439206228773 0.68449501419645042422 
0.14070233147015742681 0.00000362425013415831 0.19088040852009485748 0.66841363575961354471 
0.00009922696690884841 0.20532494506456699934 0.51378139724859828164 0.28079443071992582492 
0.00000000099999999993 0.00000000099999999993 0.00000000099999999993 0.99999999700000008485 
0.02524785941122602295 0.10252471816510520808 0.26632451660086353673 0.60590290582280525999 
0.07272251827575362815 0.52930296281931588087 0.28590737764411505717 0.11206714126081550320 
0.00000000099999999986 0.00000000099999999986 0.99999999699999986280 0.00000000099999999986 
0.05431451308364492608 0.00000000100000000000 0.61739272376789056107 0.32829276214846453419 
0.13338651093605646825 0.00000000099999999999 0.18300750961691877872 0.68360597844702475356 
0.00000000099999999994 0.00000000099999999994 0.00000000099999999994 0.99999999699999997382 
0.00000000099999999990 0.00000000099999999990 0.99999999699999997382 0.00000000099999999990 
0.86381655762600761950 0.11205242076867598378 0.00000000099999999999 0.02413102060531650481 
0.00000000099999999995 0.00000000099999999995 0.00000000099999999995 0.99999999699999997382 
0.00000000099999999996 0.00000000099999999996 0.00000000099999999996 0.99999999700000008485 
0.16738144289427694944 0.00000000100000000000 0.16196319773862055680 0.67065535836710243878 
0.95146342289482055410 0.02879982432285857832 0.01973675178232077790 0.00000000100000000000 
0.92674716684679181444 0.07325283115320835314 0.00000000099999999997 0.00000000099999999997 
0.00000000099999999999 0.00085414172646936133 0.00000000099999999999 0.99914585627353069697 
0.00000000100000000000 0.08039892389095770753 0.02919938612288237520 0.89040168898615990045 
0.00000000099999999997 0.00000000099999999997 0.03193699928302847629 0.96806299871697154558 
0.92373460298108844846 0.02274729028451484211 0.00000000099999999999 0.05351810573439678281 
0.00000002069783864662 0.28700632534231262927 0.71299365295984851176 0.00000000100000000000 
0.86050044450059348655 0.12183881009134039930 0.01766011469595187705 0.00000063071211431255 
0.00000000099999999997 0.00000000099999999997 0.00000000174330211276 0.99999999625669788728 
0.00000000099999999991 0.00000000099999999991 0.99999999699999986280 0.00000000099999999991 
0.00323306479814430749 0.26063328751870934452 0.71862393057943518837 0.01750971710371118997 
0.00000000099999999997 0.00000000099999999997 0.00000000099999999997 0.99999999700000008485 
0.00000000099999999995 0.00000000099999999995 0.00631595014500764291 0.99368404785499231391 
0.00000000099999999995 0.00000000099999999995 0.00000000998037069394 0.99999998801962941553 
0.00000000099999999996 0.99999999700000008485 0.00000000099999999996 0.00000000099999999996 
0.06397811398143854467 0.84363953883475473194 0.00000000100000000000 0.09238234618380669616 
0.15726470165497510867 0.00000029890230060296 0.15595120053897176815 0.68678379890375251815 
0.63027435694088729257 0.00483738046118461617 0.06012367305865368855 0.30476458953927448858 
0.00000000161852980535 0.99999999638147030190 0.00000000099999999995 0.00000000099999999995 
0.00000000099999999998 0.00000000099999999998 0.00000000099999999998 0.99999999699999997382 
0.00000000099999999994 0.99999999700000008485 0.00000000099999999994 0.00000000099999999994 
0.00000000099999999995 0.99999999700000008485 0.00000000099999999995 0.00000000099999999995 
0.00000000099999999994 0.99999999700000008485 0.00000000099999999994 0.00000000099999999994 
0.86953338554557169093 0.13046661245442836563 0.00000000099999999999 0.00000000099999999999 
0.00000000099999999992 0.99999999700000008485 0.00000000099999999992 0.00000000099999999992 
0.00180456491425979942 0.99819543308574021356 0.00000000099999999994 0.00000000099999999994 
0.01775053159489787050 0.00000000099999999999 0.11177127154411382881 0.87047819586098817979 
0.81385592893068314790 0.16883664628112526884 0.01696689283643825971 0.00034053195175332994 
0.39471449895192489699 0.60528549904807515958 0.00000000099999999999 0.00000000099999999999 
0.00004453530595431020 0.99995546269404567141 0.00000000099999999996 0.00000000099999999996 
0.99996238793546832202 0.00003761006453167445 0.00000000099999999997 0.00000000099999999997 
0.00048398209004743136 0.99951601590995264868 0.00000000099999999996 0.00000000099999999996 
0.99999998998478301093 0.00000000801521708017 0.00000000099999999997 0.00000000099999999997 
0.96587399031222498369 0.03412600768777501042 0.00000000099999999996 0.00000000099999999996 
0.03988527417010341580 0.96011472382989648811 0.00000000099999999997 0.00000000099999999997 
0.00000000099999999995 0.99999999700000008485 0.00000000099999999995 0.00000000099999999995 
0.00000000100000000000 0.00000199251202860440 0.93231852880486898449 0.06767947768310232648 
0.96919140401278702779 0.03080859398721291775 0.00000000099999999996 0.00000000099999999996 
0.00018190647670259777 0.98597319655727821974 0.01384489596601911135 0.00000000099999999999 
0.00000000099999999992 0.00000000099999999992 0.99999999699999997382 0.00000000099999999992 
0.00000000099999999997 0.00000000099999999997 0.00944184988176514223 0.99055814811823483801 
0.99999995517413653445 0.00000004282586339439 0.00000000099999999997 0.00000000099999999997 
0.00000000099999999995 0.00000000099999999995 0.99999999699999986280 0.00000000099999999995 
0.00000000099999999994 0.00000000099999999994 0.99985765556858752223 0.00014234243141236446 
0.00000000099999999996 0.00000000099999999996 0.96151575289296653537 0.03848424510703355589 
0.15432560271425460607 0.00000000099999999999 0.16677618550052036861 0.67889821078522494258 
0.05628970007505761097 0.00000000100000000000 0.58658823645253188594 0.35712206247241057300 
0.09509621914568390511 0.13713808274146629951 0.44580580943767628144 0.32195988867517350007 
0.15142395035700248473 0.00313704179358906179 0.20796973520423478465 0.63746927264517361245 
0.00000000099999999995 0.00000000099999999995 0.00000000099999999995 0.99999999699999997382 
0.00000000099999999991 0.00000000099999999991 0.99999999699999986280 0.00000000099999999991 
0.03060461717446252491 0.00000000099999999999 0.57710748153246438363 0.39228790029307303300 
0.05228941419637227889 0.00000000100000000000 0.59990882025769476371 0.34780176454593286772 
0.00000000099999999999 0.00000000099999999999 0.89884638060389787650 0.10115361739610199965 
0.30496165966819727133 0.00071415323121207382 0.19928389146384084540 0.49504029563674983860 
0.11453474764617493920 0.01331193735951279045 0.07641219962115525233 0.79574111537315694864 
0.17913940803565464588 0.00000000100000000000 0.12369716618648171624 0.69716342477786363840 
0.00000000099999999997 0.00000000099999999997 0.99637837306314436248 0.00362162493685562990 
0.00000000099999999994 0.00000000099999999994 0.00000000099999999994 0.99999999699999997382 
0.00000000099999999998 0.00000000099999999998 0.03180684164221755234 0.96819315635778258056 
0.13012880040186169950 0.00000000099999999999 0.14657763932366763004 0.72329355927447069874 
0.00000000099999999996 0.00000000099999999996 0.00632290287135857908 0.99367709512864155208 
0.04917017731185712587 0.00000000099999999999 0.57643486072161942424 0.37439496096652336021 
0.17133819725845561566 0.03874614847117412164 0.15556597426111667959 0.63434968000925362475 
0.00000000099999999995 0.00000000099999999995 0.92802445689768076065 0.07197554110231919877 
0.16969519158942619752 0.00636833580473955465 0.14208855904381439972 0.68184791356201979173 
0.00000000099999999996 0.00000000099999999996 0.04626741792504254075 0.95373258007495753663 
0.00000000099999999994 0.99999999699999997382 0.00000000099999999994 0.00000000099999999994 
0.00000000099999999989 0.99999999700000008485 0.00000000099999999989 0.00000000099999999989 
0.97647741968822698855 0.02352257831177301597 0.00000000099999999998 0.00000000099999999998 
0.96967569994900248975 0.03032429805099747314 0.00000000099999999996 0.00000000099999999996 
0.00000000100000000000 0.04322115006490564321 0.94511370393348193009 0.01166514500161246887 
0.92507407163225452429 0.05240661406445518838 0.00358475840392146351 0.01893455589936885244 
0.99897690183996901148 0.00102309616003083150 0.00000000099999999997 0.00000000099999999997 
0.00000000099999999999 0.11595314265874198667 0.86431812232012450448 0.01972873402113351979 
0.75550249497175270275 0.11419595943424694362 0.00000000554496181381 0.13030154004903854448 
0.00000000099999999992 0.99999999699999997382 0.00000000099999999992 0.00000000099999999992 
0.05123836873062943831 0.11566167891379032506 0.81840586841306084409 0.01469408394251942897 
0.00000000099999999995 0.00000000099999999995 0.07354942277397956418 0.92645057522602036748 
0.00000000099999999992 0.00000000099999999992 0.99999999699999986280 0.00000000099999999992 
0.14511164664913964173 0.00000000100000000000 0.19404886500232385038 0.66083948734853648066 
0.00000000099999999997 0.00000000099999999997 0.00000000099999999997 0.99999999700000008485 
0.99989189966095293194 0.00010809833904702370 0.00000000099999999998 0.00000000099999999998 
0.78030838138388480818 0.04533238759606780799 0.17409586397650558820 0.00026336704354160004 
0.95818974190139283298 0.04181025609860716113 0.00000000099999999999 0.00000000099999999999 
0.92284600807397820788 0.07715398992602176542 0.00000000099999999998 0.00000000099999999998 
0.93382904649817166653 0.06617091287679921496 0.00000000099999999999 0.00000003962502910082 
0.91533783065793161704 0.08466216734206831462 0.00000000099999999995 0.00000000099999999995 
0.00000000099999999996 0.00000000099999999996 0.01564112003449148053 0.98435887796550858297 
0.15101254028242538929 0.00142416101038469241 0.18373772287325804142 0.66382557583393198009 
0.00000000099999999996 0.00000000099999999996 0.01020053125122060735 0.98979946674877927748 
0.00000000099999999998 0.00000000099999999998 0.00000000197911499452 0.99999999602088507356 
0.12002412007516119474 0.00000000100000000000 0.16263860300590565755 0.71733727591893325926 
0.00000000099999999988 0.00000000099999999988 0.99999999699999997382 0.00000000099999999988 
0.00000000099999999992 0.00000000099999999992 0.99999999699999986280 0.00000000099999999992 
0.00000000099999999992 0.00000000099999999992 0.00000000099999999992 0.99999999699999997382 
0.00000000099999999994 0.00000000099999999994 0.00000000099999999994 0.99999999700000008485 
0.00000000099999999994 0.00000000099999999994 0.00000000189557563597 0.99999999610442447118 
0.00000000099999999993 0.00000000099999999993 0.99999999699999986280 0.00000000099999999993 
0.00000000099999999998 0.00000000099999999998 0.96288997319223468274 0.03711002480776538076 
0.00000000099999999993 0.00000000099999999993 0.00000000099999999993 0.99999999700000008485 
0.13688815075767038487 0.00000000100000000000 0.15590290492768885122 0.70720894331464079219 
0.00000000100000000000 0.00000001306180640956 0.06492896953328937404 0.93507101640490419836 
0.00000000099999999988 0.00000000099999999988 0.99999999699999986280 0.00000000099999999988 
0.00000000099999999994 0.00000000099999999994 0.00000000109207533079 0.99999999690792462648 
0.88561530634178831090 0.10190264293639249293 0.00034335433582820469 0.01213869638599095711 
0.00000000099999999996 0.00000000099999999996 0.88134835154106216937 0.11865164645893781781 
0.91621932040047371348 0.00771139733770110150 0.00000000099999999999 0.07606928126182525840 
0.00000000099999999990 0.00000000099999999990 0.99999999699999986280 0.00000000099999999990 
0.00000000099999999995 0.00000000099999999995 0.00000000178823124388 0.99999999621176871578 
0.00000000099999999994 0.00000000099999999994 0.00000000099999999994 0.99999999700000008485 
0.00000000099999999991 0.00000000099999999991 0.99999999699999986280 0.00000000099999999991 
0.00000000099999999993 0.00000000099999999993 0.00000000099999999993 0.99999999699999997382 
0.19645973432058833064 0.05819735037658703425 0.06474184652812223217 0.68060106877470238906 
0.00000000099999999993 0.00000000099999999993 0.99999999699999997382 0.00000000099999999993 
0.00000000099999999999 0.00000000099999999999 0.00000995606979246421 0.99999004193020757381 
0.13826523332287413148 0.86173476467712573079 0.00000000099999999998 0.00000000099999999998 
0.08506195088258233783 0.19287933931690887102 0.72205870880050881944 0.00000000099999999999 
0.99852719380090115830 0.00147280419909880198 0.00000000099999999996 0.00000000099999999996 
0.97971161818680596589 0.02028837981319396924 0.00000000099999999997 0.00000000099999999997 
0.99984332289372845892 0.00015667510627149559 0.00000000099999999998 0.00000000099999999998 
0.99325538142435587652 0.00674461657564408377 0.00000000099999999997 0.00000000099999999997 
0.97228276177566752558 0.02623335660064084890 0.00148388062369171994 0.00000000099999999999 
0.71207773395890272550 0.18431507382811701534 0.02428028192396627233 0.07932691028901404928 
0.99999999699999997382 0.00000000099999999996 0.00000000099999999996 0.00000000099999999996 
0.00000000099999999990 0.00000000099999999990 0.99999999699999986280 0.00000000099999999990 
0.94356512211829368653 0.05643487588170623126 0.00000000099999999999 0.00000000099999999999 
0.00156209640231410479 0.25728131595732034453 0.74115658664036543346 0.00000000099999999999 
0.94900389937847406951 0.05099609862152587603 0.00000000099999999998 0.00000000099999999998 
0.00000000475009024677 0.99999999324990973548 0.00000000099999999994 0.00000000099999999994 
0.00000000099999999993 0.00000000099999999993 0.00000000099999999993 0.99999999699999997382 
0.00000000099999999993 0.99999999700000008485 0.00000000099999999993 0.00000000099999999993 
0.00000000483643201685 0.99999999316356791290 0.00000000099999999994 0.00000000099999999994 
0.91065110120375236669 0.06915771259825384543 0.00007028979406180815 0.02012089640393203288 
0.91637566036481310494 0.08362433763518684060 0.00000000099999999999 0.00000000099999999999 
0.00000000099999999996 0.99999999699999997382 0.00000000099999999996 0.00000000099999999996 
0.00000000099999999994 0.99999999700000008485 0.00000000099999999994 0.00000000099999999994 
0.91298663400945290203 0.08701336399054712678 0.00000000099999999998 0.00000000099999999998 
0.00000000099999999993 0.00000000099999999993 0.00000000099999999993 0.99999999699999997382 
0.88333712751733461932 0.09754440492413316011 0.01911846655853213436 0.00000000099999999999 
0.00000000099999999994 0.99999999700000008485 0.00000000099999999994 0.00000000099999999994 
0.97607219664070810072 0.02358047943884941655 0.00000000100000000000 0.00034732292044244032 
0.93327604228212412973 0.06672395571787596846 0.00000000099999999998 0.00000000099999999998 
0.00000000099999999995 0.99999999699999997382 0.00000000099999999995 0.00000000099999999995 
0.00000000099999999995 0.00000000099999999995 0.00000000099999999995 0.99999999699999997382 
0.00000000099999999997 0.99999999699999997382 0.00000000099999999997 0.00000000099999999997 
0.96039161495276614833 0.03960838304723376946 0.00000000099999999999 0.00000000099999999999 
0.94151379204299789905 0.03585962258809816117 0.00631106494020169332 0.01631552042870232366 
0.95315223702194762367 0.04684776097805246065 0.00000000099999999997 0.00000000099999999997 
0.00000000099999999993 0.00000000099999999993 0.00000000099999999993 0.99999999700000008485 
0.85928879137096381147 0.05408513904877119971 0.01677440890745142410 0.06985166067281362023 
0.91886669674792831319 0.08113330125207179888 0.00000000099999999998 0.00000000099999999998 
0.99999999699999997382 0.00000000099999999996 0.00000000099999999996 0.00000000099999999996 
0.98877509969326071726 0.01122483938378773458 0.00000005992295150519 0.00000000099999999999 
0.14336283538011257432 0.82217925880329845167 0.00000000099999999999 0.03445790481658909249 
0.00000000099999999999 0.13250908129602159691 0.00000000099999999999 0.86749091670397848741 
0.94760843561653540501 0.02030591849701279816 0.00000165031295138424 0.03208399557350044562 
0.00000000099999999990 0.99999999700000008485 0.00000000099999999990 0.00000000099999999990 
0.00311550847552511919 0.99688448952447494822 0.00000000099999999999 0.00000000099999999999 
0.32455759396622890778 0.62551644844220022357 0.04992595659157084836 0.00000000100000000000 
0.18221243658421334977 0.36020722648590913773 0.00000000100000000000 0.45758033592987740201 
0.99999922236446137092 0.00000077563553851965 0.00000000099999999995 0.00000000099999999995 
0.38459979609941330470 0.11738441872789845410 0.07854434521405355418 0.41947143995863489518 
0.85239002246097017590 0.02639891300073499841 0.02731682017858281727 0.09389424435971194249 
0.99999999699999997382 0.00000000099999999999 0.00000000099999999999 0.00000000099999999999 
0.63387918195920622821 0.00001695779251794862 0.00000000099999999999 0.36610385924827565374 
0.62884990699173259898 0.34985269178600292284 0.00000000099999999999 0.02129740022226460708 
0.16285016286051492984 0.01899601614033272906 0.81814993416868408982 0.00000388683046827276 
0.15399762350871576411 0.00000000146413714895 0.17341262906670110167 0.67258974596044607264 
0.92929363191125891053 0.07070636608874107665 0.00000000099999999998 0.00000000099999999998 
0.00000000099999999995 0.99999999699999997382 0.00000000099999999995 0.00000000099999999995 
0.00000000099999999997 0.99999999699999997382 0.00000000099999999997 0.00000000099999999997 
0.00000000099999999994 0.99999999700000008485 0.00000000099999999994 0.00000000099999999994 
0.05170666906140114483 0.26751857257943162383 0.68077475735916714861 0.00000000099999999999 
0.97029010296875362052 0.02970989139628803580 0.00000000100000000000 0.00000000463495822378 
0.98745515452840404436 0.01254484347159590812 0.00000000099999999996 0.00000000099999999996 
0.05509769234918628078 0.94490230565081378966 0.00000000099999999998 0.00000000099999999998 
0.91065072046838246855 0.08934673369681826738 0.00000000099999999999 0.00000254483479924427 
0.00000000099999999994 0.99999999700000008485 0.00000000099999999994 0.00000000099999999994 
0.02160439820036649111 0.24218128945294933874 0.73621431134668424701 0.00000000099999999999 
0.00000000099999999995 0.99999999699999997382 0.00000000099999999995 0.00000000099999999995 
0.00000352218529762064 0.99999647581470230140 0.00000000099999999997 0.00000000099999999997 
0.01957513606257360941 0.26920027158372283882 0.71122459135370363903 0.00000000099999999999 
0.02718432097661903357 0.29815369450803896889 0.67466198351534201194 0.00000000099999999999 
0.99999996524110168483 0.00000003275889840090 0.00000000099999999998 0.00000000099999999998 
0.00000000099999999991 0.99999999699999997382 0.00000000099999999991 0.00000000099999999991 
0.95662109256965710546 0.04337756577962916665 0.00000134065071375009 0.00000000099999999999 
0.00000000099999999993 0.99999999699999997382 0.00000000099999999993 0.00000000099999999993 
