0.00000000099999999999 0.54707056500346074035 0.32905856244818054712 0.12387071495007241639 0.00000000099999999999 0.00000000099999999999 0.00000015359828647063 0.00000000099999999999 
0.02592392166153329944 0.00000000099999999997 0.00000000099999999997 0.39475035139501685189 0.00000000099999999997 0.00000000099999999997 0.57932572194344966743 0.00000000099999999997 
0.01580032193696522674 0.11829248631992457519 0.00000000099999999998 0.00000000099999999998 0.00000000099999999998 0.00000000099999999998 0.86590718674311017988 0.00000000099999999998 
0.00000000099999999992 0.00048648671048034714 0.00000000099999999992 0.00000000099999999992 0.00000000099999999992 0.00000000099999999992 0.99951350728951970925 0.00000000099999999992 
0.00000000099999999994 0.08721826746972040356 0.00000000099999999994 0.57006560960429109031 0.00000000099999999994 0.00000000099999999994 0.34271611792598849489 0.00000000099999999994 
0.00000000099999999989 0.00000000099999999989 0.00000000099999999989 0.00000000099999999989 0.00000000099999999989 0.00000000099999999989 0.99999999299999997593 0.00000000099999999989 
0.04150333171486189632 0.00000000099999999987 0.00000000099999999987 0.00000000099999999987 0.00000000099999999987 0.00000000099999999987 0.00000000099999999987 0.95849666228513807908 
0.00000000099999999987 0.99999999300000019797 0.00000000099999999987 0.00000000099999999987 0.00000000099999999987 0.00000000099999999987 0.00000000099999999987 0.00000000099999999987 
0.00000000099999999992 0.03067769927311038772 0.00000000099999999992 0.20446712089248936239 0.00000000099999999992 0.01156124099012311064 0.75329393484427709105 0.00000000099999999992 
0.00000000099999999988 0.00000000099999999988 0.00000000099999999988 0.00000000099999999988 0.00000000099999999988 0.00000000099999999988 0.00000000099999999988 0.99999999299999997593 
0.00399381303736939808 0.00000000099999999992 0.00000000099999999992 0.00000000099999999992 0.00000000099999999992 0.00000000099999999992 0.00000000099999999992 0.99600618096263060508 
0.00000000099999999994 0.00000000099999999994 0.00000000099999999994 0.00000000099999999994 0.00700033808605434339 0.00000000099999999994 0.00000000099999999994 0.99299965591394567799 
0.99999999300000008695 0.00000000099999999980 0.00000000099999999980 0.00000000099999999980 0.00000000099999999980 0.00000000099999999980 0.00000000099999999980 0.00000000099999999980 
0.00000000099999999997 0.00000000099999999997 0.12300999905787556032 0.13563281028322743405 0.18687890587427410938 0.00000000099999999997 0.00000000099999999997 0.55447828078462291224 
0.00000000099999999997 0.15578861459414669599 0.24324400712333899000 0.00000000099999999997 0.60096737328251437216 0.00000000099999999997 0.00000000099999999997 0.00000000099999999997 
0.00000000099999999990 0.00000000099999999990 0.00000000099999999990 0.00000000099999999990 0.00000006560615127638 0.00000000099999999990 0.00000000099999999990 0.99999992839384876930 
0.00000000099999999998 0.09618053571944930324 0.16411437379193163921 0.00000000099999999998 0.28536121278293496983 0.00000000099999999998 0.01065098005185611402 0.44369289465382799609 
0.00000000099999999998 0.54804755188189413495 0.15862251775512173357 0.01122482566482866685 0.28210508612779555682 0.00000000099999999998 0.00000001557035988320 0.00000000099999999998 
0.00000000099999999970 0.00000000099999999970 0.99999999300000008695 0.00000000099999999970 0.00000000099999999970 0.00000000099999999970 0.00000000099999999970 0.00000000099999999970 
0.00000000099999999992 0.00000000099999999992 0.31667009545623381328 0.00000000099999999992 0.68332989854376602334 0.00000000099999999992 0.00000000099999999992 0.00000000099999999992 
0.00000000099999999966 0.00000000099999999966 0.00000000099999999966 0.00000000099999999966 0.99999999300000008695 0.00000000099999999966 0.00000000099999999966 0.00000000099999999966 
0.02847953342429879187 0.00000000099999999992 0.00000000099999999992 0.00000000099999999992 0.00014945225967786908 0.00000000099999999992 0.00000000099999999992 0.97137100931602338161 
0.00000000099999999978 0.00000000099999999978 0.99999999299999997593 0.00000000099999999978 0.00000000099999999978 0.00000000099999999978 0.00000000099999999978 0.00000000099999999978 
0.05089116687500918473 0.10100867474411721891 0.00000000099999999996 0.00000000099999999996 0.00000000099999999996 0.00000000099999999996 0.84810015338087352266 0.00000000099999999996 
0.03595599875715678462 0.00000000099999999992 0.00000000099999999992 0.00000000099999999992 0.00000000099999999992 0.00000000099999999992 0.00000000099999999992 0.96404399524284323242 
0.00000000099999999993 0.00000000099999999993 0.00000000099999999993 0.00000000099999999993 0.02316881754336194005 0.00000000099999999993 0.00000000099999999993 0.97683117645663808393 
0.99999999300000019797 0.00000000099999999987 0.00000000099999999987 0.00000000099999999987 0.00000000099999999987 0.00000000099999999987 0.00000000099999999987 0.00000000099999999987 
0.00000000099999999990 0.00000000099999999990 0.00000000099999999990 0.99999999300000008695 0.00000000099999999990 0.00000000099999999990 0.00000000099999999990 0.00000000099999999990 
0.00000000099999999994 0.04884747878251368552 0.00000000099999999994 0.41962657592853991328 0.00000000099999999994 0.00000000099999999994 0.53152594028894617484 0.00000000099999999994 
0.00000000099999999998 0.00000000099999999998 0.00000000099999999998 0.00000000099999999998 0.00000002442219595822 0.00000000099999999998 0.00000000099999999998 0.99999996957780412643 
0.00000000099999999999 0.08348259185149319028 0.03322330541411679106 0.00000000099999999999 0.00000000099999999999 0.00000003066566944916 0.00000000099999999999 0.88329406806872068358 
0.00000000099999999995 0.00000000099999999995 0.00000001386102271683 0.00000000099999999995 0.06205207502268066111 0.01176497327780124703 0.00000000099999999995 0.92618293383849537026 
0.06930746753494580747 0.00000000099999999996 0.00000000099999999996 0.63107610712770823014 0.00000000099999999996 0.00000000099999999996 0.29961642033734581236 0.00000000099999999996 
0.00000000099999999976 0.00000000099999999976 0.00000000099999999976 0.00000000099999999976 0.00000000099999999976 0.99999999299999997593 0.00000000099999999976 0.00000000099999999976 
0.00245034159428399352 0.09258520063747711915 0.00000000099999999999 0.25400778289121755948 0.00000000099999999999 0.03927369234762911887 0.61168297952939199025 0.00000000099999999999 
0.00000000099999999994 0.00000000099999999994 0.00080704748116597347 0.00000000099999999994 0.00000000099999999994 0.00000000099999999994 0.00000000099999999994 0.99919294651883394653 
0.00000000099999999983 0.00000000099999999983 0.99999999300000008695 0.00000000099999999983 0.00000000099999999983 0.00000000099999999983 0.00000000099999999983 0.00000000099999999983 
0.00000000099999999961 0.00000000099999999961 0.00000000099999999961 0.00000000099999999961 0.00000000099999999961 0.99999999300000008695 0.00000000099999999961 0.00000000099999999961 
0.00000000099999999995 0.00000000099999999995 0.00000000099999999995 0.00000000099999999995 0.00000000099999999995 0.00000000099999999995 0.00000000099999999995 0.99999999300000008695 
0.00000000099999999990 0.00000000099999999990 0.01049379797543879313 0.00000000099999999990 0.00000000099999999990 0.00000000099999999990 0.00000000099999999990 0.98950619602456113544 
0.00000000099999999992 0.00000000099999999992 0.00000000099999999992 0.00000000099999999992 0.05382319803479691106 0.00000000099999999992 0.00000000099999999992 0.94617679596520321006 
0.00000000099999999990 0.99999999300000019797 0.00000000099999999990 0.00000000099999999990 0.00000000099999999990 0.00000000099999999990 0.00000000099999999990 0.00000000099999999990 
0.00085036751881329721 0.81966450215700348281 0.00000000099999999999 0.09017475085827315884 0.00000000099999999999 0.00493312323048231399 0.00000000099999999999 0.08437725323542787093 
0.99999999300000008695 0.00000000099999999985 0.00000000099999999985 0.00000000099999999985 0.00000000099999999985 0.00000000099999999985 0.00000000099999999985 0.00000000099999999985 
0.48380316550876140136 0.00000000099999999997 0.00000000099999999997 0.09143983521715634555 0.00600464692780714078 0.00000000099999999997 0.41875234834627506064 0.00000000099999999997 
0.00000000099999999988 0.99999999300000019797 0.00000000099999999988 0.00000000099999999988 0.00000000099999999988 0.00000000099999999988 0.00000000099999999988 0.00000000099999999988 
0.01734249545881568627 0.00000000099999999997 0.00000000099999999997 0.00000000099999999997 0.00000000099999999997 0.00889510967934564745 0.00000000099999999997 0.97376238986183860646 
0.00000000099999999987 0.99999999300000019797 0.00000000099999999987 0.00000000099999999987 0.00000000099999999987 0.00000000099999999987 0.00000000099999999987 0.00000000099999999987 
0.00000000099999999991 0.99999999300000008695 0.00000000099999999991 0.00000000099999999991 0.00000000099999999991 0.00000000099999999991 0.00000000099999999991 0.00000000099999999991 
0.00000000099999999989 0.99999999300000008695 0.00000000099999999989 0.00000000099999999989 0.00000000099999999989 0.00000000099999999989 0.00000000099999999989 0.00000000099999999989 
0.00000000099999999997 0.10218348113552011558 0.00000000099999999997 0.19884370595909189872 0.00000000099999999997 0.02631019437685063259 0.67266261452853715053 0.00000000099999999997 
0.00000000099999999982 0.99999999300000008695 0.00000000099999999982 0.00000000099999999982 0.00000000099999999982 0.00000000099999999982 0.00000000099999999982 0.00000000099999999982 
0.00000000099999999987 0.95877581041092962977 0.00000000099999999987 0.00000000099999999987 0.00000000099999999987 0.00000000099999999987 0.04122418358907060237 0.00000000099999999987 
0.39529538762555876952 0.00000000099999999991 0.00000000099999999991 0.00000000099999999991 0.10718942016285237795 0.00000000099999999991 0.00000000099999999991 0.49751518721158893843 
0.00000000099999999999 0.14990412653219317707 0.00143356744679680806 0.30026200045007600536 0.02848343097529365889 0.00000000099999999999 0.51991687159564026199 0.00000000099999999999 
0.00000000099999999996 0.57598172133658764871 0.00000000099999999996 0.42401827266341263201 0.00000000099999999996 0.00000000099999999996 0.00000000099999999996 0.00000000099999999996 
0.00000000099999999993 0.99999999300000008695 0.00000000099999999993 0.00000000099999999993 0.00000000099999999993 0.00000000099999999993 0.00000000099999999993 0.00000000099999999993 
0.00000000099999999995 0.00000000099999999995 0.00000000099999999995 0.43270203812751101280 0.00000000099999999995 0.00605114761602000475 0.56124680925646897034 0.00000000099999999995 
0.00000000099999999990 0.96793112235885681027 0.00000000099999999990 0.00000000099999999990 0.00000000099999999990 0.00000000099999999990 0.03206887164114326921 0.00000000099999999990 
0.00000000099999999992 0.00000000099999999992 0.00000000099999999992 0.48724923674278769470 0.00000000099999999992 0.00000000099999999992 0.51275075725721219744 0.00000000099999999992 
0.00000000099999999992 0.00000000099999999992 0.00000000099999999992 0.61134679545412495827 0.00000000099999999992 0.00000000099999999992 0.38865319854587493387 0.00000000099999999992 
0.00000000099999999994 0.94052670454197739858 0.00000000099999999994 0.05947328945802276418 0.00000000099999999994 0.00000000099999999994 0.00000000099999999994 0.00000000099999999994 
0.00000000099999999989 0.99999999300000019797 0.00000000099999999989 0.00000000099999999989 0.00000000099999999989 0.00000000099999999989 0.00000000099999999989 0.00000000099999999989 
0.00000000099999999997 0.00000000099999999997 0.92666891880502799683 0.00000000099999999997 0.00000000099999999997 0.00000000099999999997 0.00000000099999999997 0.07333107519497202020 
0.00000000099999999993 0.00756867451863267246 0.00000000099999999993 0.49571083363314805137 0.00000000099999999993 0.00000000099999999993 0.49672048684821934472 0.00000000099999999993 
0.00000000099999999998 0.97781681460636638015 0.00437584572420186575 0.00000001130311477642 0.00000000099999999998 0.01780732436631704205 0.00000000099999999998 0.00000000099999999998 
0.00000000099999999984 0.00000000099999999984 0.99999999300000008695 0.00000000099999999984 0.00000000099999999984 0.00000000099999999984 0.00000000099999999984 0.00000000099999999984 
0.00000000115109197188 0.00000000099999999996 0.00000312626483920822 0.00000000099999999996 0.00000000099999999996 0.01062372117267417794 0.00000000099999999996 0.98937314741139459340 
0.00000000099999999989 0.00000000099999999989 0.00000000099999999989 0.00000000099999999989 0.00000000099999999989 0.00000000099999999989 0.99999999299999997593 0.00000000099999999989 
0.00000000099999999992 0.00000000099999999992 0.99999999299999997593 0.00000000099999999992 0.00000000099999999992 0.00000000099999999992 0.00000000099999999992 0.00000000099999999992 
0.01252374101709463269 0.00000000099999999988 0.98747625298290553353 0.00000000099999999988 0.00000000099999999988 0.00000000099999999988 0.00000000099999999988 0.00000000099999999988 
0.00000000099999999995 0.00000000099999999995 0.98155702941403444317 0.00000000099999999995 0.00000000099999999995 0.00000000099999999995 0.00000000099999999995 0.01844296458596547672 
0.99999999300000008695 0.00000000099999999984 0.00000000099999999984 0.00000000099999999984 0.00000000099999999984 0.00000000099999999984 0.00000000099999999984 0.00000000099999999984 
0.00000000099999999985 0.00000000099999999985 0.03851675689727752233 0.00000000099999999985 0.96148323710272254328 0.00000000099999999985 0.00000000099999999985 0.00000000099999999985 
0.18376198777229027503 0.13699236363035985353 0.15629582157490631844 0.00000000100000000000 0.50472517137846883983 0.01805188225379731823 0.00000000100000000000 0.00017277139017734229 
0.99999999300000019797 0.00000000099999999988 0.00000000099999999988 0.00000000099999999988 0.00000000099999999988 0.00000000099999999988 0.00000000099999999988 0.00000000099999999988 
0.00000000099999999990 0.00000000099999999990 0.00000000099999999990 0.00000000099999999990 0.00000000099999999990 0.00000000099999999990 0.00000000099999999990 0.99999999300000008695 
0.00000000099999999984 0.00000000099999999984 0.99999999300000008695 0.00000000099999999984 0.00000000099999999984 0.00000000099999999984 0.00000000099999999984 0.00000000099999999984 
0.00000000099999999975 0.00000000099999999975 0.00000000099999999975 0.00000000099999999975 0.99999999299999997593 0.00000000099999999975 0.00000000099999999975 0.00000000099999999975 
0.00000000099999999978 0.00000000099999999978 0.00000000099999999978 0.00000000099999999978 0.99999999299999997593 0.00000000099999999978 0.00000000099999999978 0.00000000099999999978 
0.04537712785762406525 0.00000000099999999999 0.84733372799237371975 0.00000000099999999999 0.00000000099999999999 0.03875237386849111204 0.00000000099999999999 0.06853676628151125771 
0.44093984276496245300 0.00000000100000000000 0.04563429493475869986 0.12877506534912064318 0.15093643848008592157 0.00423405846762867858 0.07305286314735766340 0.15642743585608570589 
0.00000000100000000000 0.00000000100000000000 0.06317649388780270658 0.09755886274604978758 0.01717781640826655798 0.00159867568767201127 0.03912706817286874805 0.78136108109734025984 
0.99999999300000019797 0.00000000099999999987 0.00000000099999999987 0.00000000099999999987 0.00000000099999999987 0.00000000099999999987 0.00000000099999999987 0.00000000099999999987 
0.00000000099999999995 0.00000000099999999995 0.94961396530373931579 0.00000000099999999995 0.04729036822608995855 0.00309566147017069013 0.00000000099999999995 0.00000000099999999995 
0.00000000099999999989 0.00000000099999999989 0.00000000099999999989 0.00000000099999999989 0.00000000099999999989 0.00000000099999999989 0.00000000099999999989 0.99999999300000008695 
0.00000027874408285947 0.00000000099999999996 0.02065122539782017486 0.00000000099999999996 0.05520860981784759397 0.00000000099999999996 0.00000000099999999996 0.92413988204024932749 
0.99999999300000008695 0.00000000099999999984 0.00000000099999999984 0.00000000099999999984 0.00000000099999999984 0.00000000099999999984 0.00000000099999999984 0.00000000099999999984 
0.03620148860753374942 0.00000000099999999993 0.00944100489208414204 0.00000000099999999993 0.00000000099999999993 0.00000000099999999993 0.00000000099999999993 0.95435750150038201056 
0.00000000099999999977 0.00000000099999999977 0.00000000099999999977 0.00000000099999999977 0.99999999299999997593 0.00000000099999999977 0.00000000099999999977 0.00000000099999999977 
0.99999999300000019797 0.00000000099999999994 0.00000000099999999994 0.00000000099999999994 0.00000000099999999994 0.00000000099999999994 0.00000000099999999994 0.00000000099999999994 
0.00000000099999999991 0.00000000099999999991 0.93483556455929617268 0.00000000099999999991 0.00000000099999999991 0.00000000099999999991 0.00000000099999999991 0.06516442944070385823 
0.99999999300000008695 0.00000000099999999992 0.00000000099999999992 0.00000000099999999992 0.00000000099999999992 0.00000000099999999992 0.00000000099999999992 0.00000000099999999992 
0.00058111168242846892 0.00000000099999999994 0.04090343849570860640 0.00000000099999999994 0.02629965540948694253 0.00000000099999999994 0.00000000099999999994 0.93221579041237601082 
0.00000000099999999989 0.99999999300000008695 0.00000000099999999989 0.00000000099999999989 0.00000000099999999989 0.00000000099999999989 0.00000000099999999989 0.00000000099999999989 
0.00000000099999999977 0.99999999300000008695 0.00000000099999999977 0.00000000099999999977 0.00000000099999999977 0.00000000099999999977 0.00000000099999999977 0.00000000099999999977 
0.00000000099999999995 0.00000000539189069666 0.00000000099999999995 0.34677777071022686251 0.00000000099999999995 0.02507298312322233172 0.62814923677465994700 0.00000000099999999995 
0.00000000099999999992 0.00251925523611942759 0.00000000099999999992 0.50732125394962457321 0.00000000099999999992 0.00000000099999999992 0.49015948581425594632 0.00000000099999999992 
0.00000000099999999999 0.00468558920278836291 0.89599374050013536053 0.00000000099999999999 0.01833577768905197275 0.04762931501187846195 0.03335557459614586079 0.00000000099999999999 
0.08967726815436793952 0.03651496764653145571 0.00000000099999999995 0.47918443607585664568 0.00000000099999999995 0.00000000099999999995 0.39462332412324407915 0.00000000099999999995 
0.00000000099999999987 0.00000000099999999987 0.00000000099999999987 0.99999999300000008695 0.00000000099999999987 0.00000000099999999987 0.00000000099999999987 0.00000000099999999987 
0.00000000099999999998 0.12194197469078905949 0.85531490035149970730 0.00000000099999999998 0.00000000099999999998 0.00712653661827531738 0.00000000099999999998 0.01561658433943591967 
0.02476890565103468528 0.08300977424665542670 0.00000000099999999999 0.45336485384879599003 0.00000000099999999999 0.01927476317238601203 0.31944876888900752832 0.10013293219212045237 
0.00000000099999999984 0.99999999300000019797 0.00000000099999999984 0.00000000099999999984 0.00000000099999999984 0.00000000099999999984 0.00000000099999999984 0.00000000099999999984 
0.00000000099999999999 0.10628666819261871346 0.82146809701944212279 0.07224522834691082807 0.00000000244102837749 0.00000000099999999999 0.00000000099999999999 0.00000000099999999999 
0.01662153310706085754 0.00000000099999999991 0.08357091098535386620 0.00000000099999999991 0.00800300371573368571 0.00000000099999999991 0.00000000099999999991 0.89180454819185150939 
0.00000000099999999984 0.00000000099999999984 0.99999999299999997593 0.00000000099999999984 0.00000000099999999984 0.00000000099999999984 0.00000000099999999984 0.00000000099999999984 
0.80743903856679011266 0.00000000099999999987 0.00000000099999999987 0.00000000099999999987 0.19256095543321002928 0.00000000099999999987 0.00000000099999999987 0.00000000099999999987 
0.00713570917175690347 0.00000000099999999995 0.00000000099999999995 0.00000000099999999995 0.00000000099999999995 0.00000000099999999995 0.00000000099999999995 0.99286428482824307107 
0.00000000099999999991 0.00000000099999999991 0.00000000099999999991 0.00000000099999999991 0.00000000099999999991 0.00000000099999999991 0.99999999299999986491 0.00000000099999999991 
0.00000000100000000000 0.01904697890901181634 0.16343315269300640047 0.35754482635452977668 0.01451943576764829456 0.00000000100000000000 0.44545560327580369098 0.00000000100000000000 
0.00000000099999999992 0.00000000099999999992 0.00000000099999999992 0.00000000099999999992 0.00000000099999999992 0.00000000099999999992 0.99999999299999986491 0.00000000099999999992 
0.00000000099999999984 0.00000000099999999984 0.00000000099999999984 0.99999999300000008695 0.00000000099999999984 0.00000000099999999984 0.00000000099999999984 0.00000000099999999984 
0.00000000099999999998 0.03314317756944584054 0.00000000099999999998 0.42193103745784582559 0.00000000099999999998 0.00000000099999999998 0.54492577997270819079 0.00000000099999999998 
0.00000000099999999990 0.05975464768290104228 0.00000000099999999990 0.45328113573714406970 0.00000000099999999990 0.00000000099999999990 0.48696421157995478657 0.00000000099999999990 
0.00000000099999999993 0.00000000099999999993 0.00000000640605856263 0.00000000099999999993 0.05717188035967458309 0.00000000099999999993 0.00000000099999999993 0.94282810823426688174 
0.99999999300000008695 0.00000000099999999990 0.00000000099999999990 0.00000000099999999990 0.00000000099999999990 0.00000000099999999990 0.00000000099999999990 0.00000000099999999990 
0.02053624533215124212 0.00000000099999999992 0.01470835433738235457 0.00000000099999999992 0.00000000099999999992 0.00000000099999999992 0.00000000099999999992 0.96475539533046650309 
0.00000000099999999996 0.00000000099999999996 0.00000000099999999996 0.00000000099999999996 0.00000000099999999996 0.00000000099999999996 0.00000000099999999996 0.99999999299999997593 
0.99999999300000019797 0.00000000099999999982 0.00000000099999999982 0.00000000099999999982 0.00000000099999999982 0.00000000099999999982 0.00000000099999999982 0.00000000099999999982 
0.00000000099999999977 0.00000000099999999977 0.99999999300000008695 0.00000000099999999977 0.00000000099999999977 0.00000000099999999977 0.00000000099999999977 0.00000000099999999977 
0.00000000099999999986 0.00000000099999999986 0.99999999300000008695 0.00000000099999999986 0.00000000099999999986 0.00000000099999999986 0.00000000099999999986 0.00000000099999999986 
0.00000000099999999987 0.00000000099999999987 0.00000000099999999987 0.00000000099999999987 0.00000000099999999987 0.00000000099999999987 0.00000000099999999987 0.99999999299999997593 
0.00000000099999999991 0.00000000099999999991 0.00000000099999999991 0.00000000099999999991 0.00000000099999999991 0.00000000099999999991 0.00000000099999999991 0.99999999300000008695 
0.00000000099999999989 0.00000000099999999989 0.00000000099999999989 0.00000000099999999989 0.00000000099999999989 0.00000000099999999989 0.00000000099999999989 0.99999999299999997593 
0.00000000099999999987 0.00000000099999999987 0.99999999300000008695 0.00000000099999999987 0.00000000099999999987 0.00000000099999999987 0.00000000099999999987 0.00000000099999999987 
0.00000000099999999996 0.00000000099999999996 0.96296387755549739396 0.00000000099999999996 0.00000000099999999996 0.00000000099999999996 0.00000000099999999996 0.03703611644450278267 
0.00000000099999999990 0.00000000099999999990 0.00000000099999999990 0.00000000099999999990 0.00000000099999999990 0.00000000099999999990 0.00000000099999999990 0.99999999300000008695 
0.99999999300000019797 0.00000000099999999983 0.00000000099999999983 0.00000000099999999983 0.00000000099999999983 0.00000000099999999983 0.00000000099999999983 0.00000000099999999983 
0.05265880985401649728 0.00000000099999999998 0.02813910846181340297 0.00000000099999999998 0.01334944729873739633 0.03286778974784294871 0.00000000099999999998 0.87298484163758971466 
0.00000000099999999981 0.00000000099999999981 0.99999999299999997593 0.00000000099999999981 0.00000000099999999981 0.00000000099999999981 0.00000000099999999981 0.00000000099999999981 
0.00000000099999999989 0.00000000099999999989 0.00000000099999999989 0.00000000099999999989 0.00000000099999999989 0.00000000099999999989 0.00000000099999999989 0.99999999299999997593 
0.00000000099999999994 0.00000000099999999994 0.00000000099999999994 0.99999999300000008695 0.00000000099999999994 0.00000000099999999994 0.00000000099999999994 0.00000000099999999994 
0.11802771395670685894 0.00000000099999999993 0.81358930849184551981 0.00000000099999999993 0.05663987009949937590 0.00000000099999999993 0.00000000099999999993 0.01174310345194830296 
0.00000000099999999997 0.00000000099999999997 0.00000000099999999997 0.00000000099999999997 0.00000000099999999997 0.01396959801622546862 0.91562925014296536741 0.07040114684080904517 
0.00000000099999999980 0.00000000099999999980 0.99999999299999997593 0.00000000099999999980 0.00000000099999999980 0.00000000099999999980 0.00000000099999999980 0.00000000099999999980 
0.00151867638004345358 0.00000000099999999993 0.00000000099999999993 0.00000000099999999993 0.00000000099999999993 0.00000000099999999993 0.00000000099999999993 0.99848131761995662092 
0.00000000099999999988 0.00000000099999999988 0.00000000099999999988 0.00000000099999999988 0.00000000099999999988 0.00000000099999999988 0.00000000099999999988 0.99999999299999997593 
0.00000000099999999984 0.00000000099999999984 0.99999999300000008695 0.00000000099999999984 0.00000000099999999984 0.00000000099999999984 0.00000000099999999984 0.00000000099999999984 
0.00000000099999999989 0.00000000099999999989 0.00000000099999999989 0.00000000099999999989 0.00000000099999999989 0.00000000099999999989 0.00000000099999999989 0.99999999300000008695 
0.04870654793550145689 0.01728918467459006694 0.01386379293189233565 0.00000000100000000000 0.00000001336951384298 0.06852551246311339161 0.21400008534073730604 0.63761486228465169557 
0.00000000099999999986 0.00000000099999999986 0.99999999300000008695 0.00000000099999999986 0.00000000099999999986 0.00000000099999999986 0.00000000099999999986 0.00000000099999999986 
0.00000000099999999998 0.00000000099999999998 0.00280310637256705065 0.00000000099999999998 0.00000000099999999998 0.00000000099999999998 0.00000000099999999998 0.99719688762743308175 
0.00000000099999999995 0.85069908150356055021 0.00000000099999999995 0.14601481651639428017 0.00000000099999999995 0.00328609698004522213 0.00000000099999999995 0.00000000099999999995 
0.00000000099999999957 0.00000000099999999957 0.00000000099999999957 0.00000000099999999957 0.00000000099999999957 0.99999999300000008695 0.00000000099999999957 0.00000000099999999957 
0.00000000099999999987 0.00000000099999999987 0.00000000099999999987 0.00000000099999999987 0.00000000099999999987 0.00000000099999999987 0.99999999299999997593 0.00000000099999999987 
0.00000000099999999994 0.00000000099999999994 0.00000000099999999994 0.31857944681812500054 0.00000000099999999994 0.00000000099999999994 0.68142054718187483608 0.00000000099999999994 
0.00000000099999999995 0.00000000099999999995 0.00000000099999999995 0.57346969839163020044 0.00000000099999999995 0.00000000099999999995 0.42653029560836991374 0.00000000099999999995 
0.00000000099999999996 0.00000000099999999996 0.00000000099999999996 0.35551661431328857033 0.00000000099999999996 0.00000000099999999996 0.64448337968671132181 0.00000000099999999996 
0.00000000099999999987 0.00000000099999999987 0.00000000099999999987 0.99999999300000008695 0.00000000099999999987 0.00000000099999999987 0.00000000099999999987 0.00000000099999999987 
0.00000000100000000000 0.16094082272948995183 0.01850739636433465854 0.22606844582826088330 0.00185316739944090328 0.00544403173186765784 0.50690437647822017553 0.08028175846838592200 
0.00000000099999999988 0.00000000099999999988 0.00000000099999999988 0.00000000099999999988 0.00000000099999999988 0.00000000099999999988 0.99999999299999986491 0.00000000099999999988 
0.00000000099999999980 0.00000000099999999980 0.99999999299999997593 0.00000000099999999980 0.00000000099999999980 0.00000000099999999980 0.00000000099999999980 0.00000000099999999980 
0.00000000099999999997 0.02119065411286481099 0.00000000099999999997 0.30138045449739797599 0.00323071908075823339 0.01267656521891629730 0.66152160409006277586 0.00000000099999999997 
0.00000000099999999958 0.00000000099999999958 0.00000000099999999958 0.00000000099999999958 0.00000000099999999958 0.99999999300000008695 0.00000000099999999958 0.00000000099999999958 
0.00000000099999999994 0.01747763490424204119 0.00000000099999999994 0.53050623315403888647 0.00000000099999999994 0.00000000099999999994 0.45201612694171899864 0.00000000099999999994 
0.00000000099999999987 0.98712735963454023569 0.00000000099999999987 0.01287263436545996870 0.00000000099999999987 0.00000000099999999987 0.00000000099999999987 0.00000000099999999987 
0.00000000099999999988 0.00000000099999999988 0.00000000099999999988 0.00000000099999999988 0.00000000099999999988 0.00000000099999999988 0.00000000099999999988 0.99999999300000008695 
0.00000000099999999984 0.99999999300000008695 0.00000000099999999984 0.00000000099999999984 0.00000000099999999984 0.00000000099999999984 0.00000000099999999984 0.00000000099999999984 
0.00000000099999999988 0.99999997849440114273 0.00000000099999999988 0.00000000099999999988 0.00000000099999999988 0.00000000099999999988 0.00000001550559887334 0.00000000099999999988 
0.02096999581420783479 0.04154799972150274856 0.00000000099999999999 0.48797486228650743811 0.00000000099999999999 0.00069898644068958299 0.44880815273709245838 0.00000000099999999999 
0.00000000099999999991 0.00000000099999999991 0.00000000099999999991 0.99999999300000008695 0.00000000099999999991 0.00000000099999999991 0.00000000099999999991 0.00000000099999999991 
0.00000000099999999991 0.99999999300000008695 0.00000000099999999991 0.00000000099999999991 0.00000000099999999991 0.00000000099999999991 0.00000000099999999991 0.00000000099999999991 
0.00000000099999999987 0.99999999300000019797 0.00000000099999999987 0.00000000099999999987 0.00000000099999999987 0.00000000099999999987 0.00000000099999999987 0.00000000099999999987 
0.00000000099999999995 0.06275874770379194501 0.00000000099999999995 0.27944984376746434540 0.00000000099999999995 0.00000000099999999995 0.65779140352874365671 0.00000000099999999995 
0.00000000099999999989 0.00000000099999999989 0.00000000099999999989 0.00000000099999999989 0.00000000099999999989 0.00000000099999999989 0.00000000099999999989 0.99999999300000008695 
0.00000000099999999999 0.07110902067286024864 0.00081245519244160769 0.25882611838364716350 0.02208784963545824126 0.00266663233914259980 0.64449792177645004454 0.00000000099999999999 
0.00000000099999999986 0.99999999300000008695 0.00000000099999999986 0.00000000099999999986 0.00000000099999999986 0.00000000099999999986 0.00000000099999999986 0.00000000099999999986 
0.03252503698172555524 0.01405032278039511189 0.00000000099999999998 0.41619635518767306159 0.00000000099999999998 0.00000000099999999998 0.53722828105020614675 0.00000000099999999998 
0.00000000099999999996 0.04498764585497058710 0.00000000099999999996 0.22448238937173162211 0.00000000099999999996 0.00000000099999999996 0.73052995977329759913 0.00000000099999999996 
0.00000000099999999988 0.99999999300000008695 0.00000000099999999988 0.00000000099999999988 0.00000000099999999988 0.00000000099999999988 0.00000000099999999988 0.00000000099999999988 
0.00000000099999999989 0.00000000099999999989 0.00000000099999999989 0.00000000099999999989 0.00000000099999999989 0.00000000099999999989 0.00000000099999999989 0.99999999299999997593 
0.00000000099999999994 0.99999999300000019797 0.00000000099999999994 0.00000000099999999994 0.00000000099999999994 0.00000000099999999994 0.00000000099999999994 0.00000000099999999994 
0.00000000099999999997 0.00000000508865403876 0.00000000099999999997 0.42699527025233507960 0.00000000099999999997 0.00000000099999999997 0.57300471965901067506 0.00000000099999999997 
0.00000000099999999997 0.00000000099999999997 0.00000000099999999997 0.66075132672396252875 0.04187549957203892670 0.00000000099999999997 0.29737316870399860269 0.00000000099999999997 
0.00000000099999999984 0.00000000099999999984 0.00000000099999999984 0.99999999299999997593 0.00000000099999999984 0.00000000099999999984 0.00000000099999999984 0.00000000099999999984 
0.00000000099999999988 0.00000000099999999988 0.00000000099999999988 0.00000000099999999988 0.00000000099999999988 0.00000000099999999988 0.00000000099999999988 0.99999999299999997593 
0.12668250001658543091 0.04819016136163542519 0.00000000099999999998 0.28111116625058718554 0.01609743181894631586 0.00000000099999999998 0.52791873755224572040 0.00000000099999999998 
0.00000000099999999997 0.05667068490999536967 0.00000000099999999997 0.42825361672773448740 0.00000000099999999997 0.00574719561044752247 0.50932849875182251154 0.00000000099999999997 
0.00000000099999999983 0.00000000099999999983 0.00000000099999999983 0.99999999300000008695 0.00000000099999999983 0.00000000099999999983 0.00000000099999999983 0.00000000099999999983 
0.00000000099999999998 0.00000000099999999998 0.00000000099999999998 0.23485816756298844021 0.00000000099999999998 0.02084041678537093545 0.74430141065164057146 0.00000000099999999998 
0.01897540179366559096 0.81556973281794531427 0.00000000099999999998 0.04505057283588634331 0.00000000099999999998 0.00000000099999999998 0.10090387669966384421 0.01950041285283893311 
0.00000000099999999998 0.13494866491117685214 0.00000000099999999998 0.00000000099999999998 0.00000000099999999998 0.00000000099999999998 0.00000000099999999998 0.86505132908882320653 
0.00000000099999999997 0.00000002451963746774 0.00000000099999999997 0.00000000099999999997 0.04692863593571258707 0.00000000099999999997 0.95307133454464987299 0.00000000099999999997 
0.00000000099999999979 0.99999999300000019797 0.00000000099999999979 0.00000000099999999979 0.00000000099999999979 0.00000000099999999979 0.00000000099999999979 0.00000000099999999979 
0.00000000099999999998 0.97872250455341758268 0.00000000099999999998 0.02127748944658254537 0.00000000099999999998 0.00000000099999999998 0.00000000099999999998 0.00000000099999999998 
0.00000000099999999998 0.62064686409604952200 0.05193750338651797333 0.12739614078459293722 0.00000000099999999998 0.00000000099999999998 0.20001948773283961813 0.00000000099999999998 
0.09616854354834158958 0.35250552018276981592 0.00000000099999999999 0.00000000099999999999 0.00000000099999999999 0.00000000099999999999 0.17368604189016745298 0.37763989037872086607 
0.00000000099999999979 0.00000000099999999979 0.00000000099999999979 0.99999999299999997593 0.00000000099999999979 0.00000000099999999979 0.00000000099999999979 0.00000000099999999979 
0.00000007912155606387 0.08254654054593660306 0.06065043599741849756 0.00000000100000000000 0.00000000100000000000 0.01772102512773961192 0.42653039972650291789 0.41255151748084639696 
0.22216913346443031840 0.00121740363965604269 0.00000000099999999997 0.33345434045042193771 0.00000000099999999997 0.00000000099999999997 0.44315911844549160659 0.00000000099999999997 
0.00000000099999999992 0.00000000099999999992 0.00000000099999999992 0.99999999300000008695 0.00000000099999999992 0.00000000099999999992 0.00000000099999999992 0.00000000099999999992 
0.00000000099999999999 0.00000000099999999999 0.00000000099999999999 0.31462577771129379700 0.00260314916331783486 0.00000000099999999999 0.32912329691610020532 0.35364777220928805823 
0.00000000099999999999 0.33577744683902105427 0.00000000099999999999 0.48930698384088811004 0.00000000099999999999 0.00000000099999999999 0.17491465946017803468 0.00000090585991276157 
0.00000000099999999998 0.00000000099999999998 0.78335834661007608393 0.14243478209733245743 0.03477994973765954900 0.00000000099999999998 0.03942691755493202277 0.00000000099999999998 
0.00000000099999999979 0.00000000099999999979 0.00000000099999999979 0.00000000099999999979 0.99999999299999997593 0.00000000099999999979 0.00000000099999999979 0.00000000099999999979 
0.00000000099999999991 0.01041383755348284680 0.00000000099999999991 0.00000000099999999991 0.00000000099999999991 0.00000000099999999991 0.98958615644651704013 0.00000000099999999991 
0.00000000099999999989 0.99999999300000019797 0.00000000099999999989 0.00000000099999999989 0.00000000099999999989 0.00000000099999999989 0.00000000099999999989 0.00000000099999999989 
0.00000000099999999992 0.99999999300000019797 0.00000000099999999992 0.00000000099999999992 0.00000000099999999992 0.00000000099999999992 0.00000000099999999992 0.00000000099999999992 
0.00000000099999999988 0.99999999300000008695 0.00000000099999999988 0.00000000099999999988 0.00000000099999999988 0.00000000099999999988 0.00000000099999999988 0.00000000099999999988 
0.00000000099999999984 0.00000000099999999984 0.00000000099999999984 0.00000000099999999984 0.00000000099999999984 0.99999999300000008695 0.00000000099999999984 0.00000000099999999984 
0.00000000099999999994 0.00000000099999999994 0.00000000099999999994 0.00000000099999999994 0.00000000099999999994 0.00000000099999999994 0.99999999299999986491 0.00000000099999999994 
0.00000000099999999987 0.00000000099999999987 0.00000000099999999987 0.00000000099999999987 0.00000000099999999987 0.00000000099999999987 0.99999999299999997593 0.00000000099999999987 
0.00000000099999999995 0.93568669294024775507 0.00000000099999999995 0.05127378957476076693 0.00000000099999999995 0.01303951248499151012 0.00000000099999999995 0.00000000099999999995 
0.00000000099999999998 0.05958107330863748885 0.00000000099999999998 0.35861727663837467128 0.00726757903419831663 0.00000000099999999998 0.57453406701878939611 0.00000000099999999998 
0.00000000099999999987 0.99999999300000019797 0.00000000099999999987 0.00000000099999999987 0.00000000099999999987 0.00000000099999999987 0.00000000099999999987 0.00000000099999999987 
0.00000000099999999957 0.00000000099999999957 0.00000000099999999957 0.00000000099999999957 0.00000000099999999957 0.99999999299999997593 0.00000000099999999957 0.00000000099999999957 
0.00000000099999999990 0.99999999300000019797 0.00000000099999999990 0.00000000099999999990 0.00000000099999999990 0.00000000099999999990 0.00000000099999999990 0.00000000099999999990 
0.00000000099999999993 0.99999997600556089772 0.00000000099999999993 0.00000000487594456399 0.00000000099999999993 0.00000000099999999993 0.00000001411849471273 0.00000000099999999993 
0.00000000099999999956 0.00000000099999999956 0.00000000099999999956 0.00000000099999999956 0.00000000099999999956 0.99999999300000008695 0.00000000099999999956 0.00000000099999999956 
0.00000000099999999976 0.00000000099999999976 0.00000000099999999976 0.00000000099999999976 0.00000000099999999976 0.99999999300000008695 0.00000000099999999976 0.00000000099999999976 
0.00000000099999999993 0.00000000099999999993 0.00000000099999999993 0.00000000099999999993 0.00000000099999999993 0.00000000099999999993 0.99999999299999997593 0.00000000099999999993 
0.00000000099999999981 0.99999999300000019797 0.00000000099999999981 0.00000000099999999981 0.00000000099999999981 0.00000000099999999981 0.00000000099999999981 0.00000000099999999981 
0.00000000099999999994 0.00000000099999999994 0.00000000099999999994 0.00000000099999999994 0.00000000099999999994 0.00244171595577877092 0.99755827804422114724 0.00000000099999999994 
0.00000000099999999985 0.99999999300000019797 0.00000000099999999985 0.00000000099999999985 0.00000000099999999985 0.00000000099999999985 0.00000000099999999985 0.00000000099999999985 
