0.65937466632742847139 0.34062526302904144737 0.00000000108341856596 0.00000006956011152464 
0.87668487711257536699 0.00000000099999999999 0.12314755104383734441 0.00016757084358731548 
0.89503247881921954576 0.00799205955848260666 0.07907352915598014897 0.01790193246631775759 
0.89460910834482776366 0.00000000099999999998 0.10539088965517223739 0.00000000099999999998 
0.91676799214083637413 0.00000000099999999998 0.08323200585916348815 0.00000000099999999998 
0.90524569641292773614 0.00000000099999999998 0.09475430158707218165 0.00000000099999999998 
0.00000000099999999996 0.00000000099999999996 0.01970690366985587694 0.98029309433014411024 
0.99999999700000008485 0.00000000099999999996 0.00000000099999999996 0.00000000099999999996 
0.93615207970306668628 0.00000000099999999998 0.06384791829693328702 0.00000000099999999998 
0.00000000099999999995 0.00000000099999999995 0.00000000099999999995 0.99999999699999997382 
0.00000000099999999998 0.00000006209800919340 0.00024967341760660040 0.99975026348438422730 
0.00000000099999999997 0.00000000099999999997 0.00000000099999999997 0.99999999700000008485 
0.00000000099999999994 0.00000000099999999994 0.99999999699999997382 0.00000000099999999994 
0.11368288450392718958 0.16508125275032339840 0.16883876663930663664 0.55239709610644283089 
0.16019828196411864396 0.42119098526449633146 0.41851255152148975069 0.00009818124989534000 
0.00000000099999999996 0.00000000099999999996 0.00034631889784435792 0.99965367910215552349 
0.10194043915823863822 0.22997840382143724947 0.20669833731886799733 0.46138281970145611499 
0.56303549816515574555 0.24336761241067306205 0.19170640783605688573 0.00189048158811432727 
0.00000000099999999988 0.99999999699999997382 0.00000000099999999988 0.00000000099999999988 
0.00000000099999999999 0.49831511656501503715 0.49097188244981232463 0.01071299998517261445 
0.00000000099999999989 0.00000000099999999989 0.99999999699999997382 0.00000000099999999989 
0.00000000099999999997 0.00000000099999999997 0.01716559892121451159 0.98283439907878544783 
0.00000000099999999993 0.99999999699999997382 0.00000000099999999993 0.00000000099999999993 
0.86435943023672145991 0.00000000099999999998 0.13564056776327845788 0.00000000099999999998 
0.00000000099999999997 0.00000000099999999997 0.02356312631219566189 0.97643687168780446406 
0.00000000099999999998 0.00000000099999999998 0.00172747640663249821 0.99827252159336754556 
0.00000000099999999997 0.00000000099999999997 0.99999999699999986280 0.00000000099999999997 
0.87436918809508001882 0.00000000099999999999 0.12563080990492006550 0.00000000099999999999 
0.91586789810889313035 0.00000000099999999998 0.08413209989110685683 0.00000000099999999998 
0.00000000099999999999 0.00000000099999999999 0.00037765074698841583 0.99962234725301168936 
0.08017717018005031393 0.02987869948377946602 0.00007330112477745937 0.88987082921139259994 
0.00000000099999999999 0.03109140743357386230 0.03505934331277101024 0.93384924825365511758 
0.84460294803709679012 0.00000000099999999999 0.15539702336072430677 0.00000002760217890687 
0.29593797392214005182 0.70406202407786000474 0.00000000099999999999 0.00000000099999999999 
0.88264781921559709588 0.02315858206383065998 0.09419359170845675866 0.00000000701211535662 
0.00000000099999999998 0.00006878052138184791 0.00000000099999999998 0.99993121747861812842 
0.00000000099999999993 0.99999999699999997382 0.00000000099999999993 0.00000000099999999993 
0.27112104672573839048 0.70605801128019263224 0.00000000100000000000 0.02282094099406910617 
0.00000000099999999998 0.00000000099999999998 0.00000000099999999998 0.99999999700000008485 
0.00000000099999999996 0.00176874494320759801 0.00000000099999999996 0.99823125305679227814 
0.00000000099999999998 0.00000000961874999863 0.04449424215877970795 0.95550574722247028081 
0.99999999699999997382 0.00000000099999999997 0.00000000099999999997 0.00000000099999999997 
0.90464756270935964277 0.00000002437100171129 0.00007121061206232411 0.09528120230757629316 
0.00000000099999999996 0.00000000099999999996 0.99999999699999997382 0.00000000099999999996 
0.46352590634198348463 0.00000000099999999998 0.53647409165801651643 0.00000000099999999998 
0.99999999700000008485 0.00000000099999999994 0.00000000099999999994 0.00000000099999999994 
0.00000000099999999999 0.00000000099999999999 0.01225725162108195695 0.98774274637891801287 
0.99999999699999997382 0.00000000099999999994 0.00000000099999999994 0.00000000099999999994 
0.99999999699999997382 0.00000000099999999998 0.00000000099999999998 0.00000000099999999998 
0.99999999700000008485 0.00000000099999999996 0.00000000099999999996 0.00000000099999999996 
0.90562133878246198204 0.00000030772921709940 0.09437835248832089630 0.00000000099999999999 
0.99999999699999997382 0.00000000099999999992 0.00000000099999999992 0.00000000099999999992 
0.99999999699999997382 0.00000000099999999993 0.00000000099999999993 0.00000000099999999993 
0.00000000099999999997 0.01318113866017908524 0.46732001019325558611 0.51949885014656538296 
0.88234501786340191476 0.00984172835692859009 0.10759218849805703144 0.00022106528161244631 
0.98234752453582363518 0.00000006000537337052 0.01765241445880302157 0.00000000100000000000 
0.99999999700000008485 0.00000000099999999996 0.00000000099999999996 0.00000000099999999996 
0.89680133668392647550 0.00000000099999999998 0.10319866131607359494 0.00000000099999999998 
0.99999999699999997382 0.00000000099999999996 0.00000000099999999996 0.00000000099999999996 
0.91534885665952869793 0.00000000099999999998 0.08465114134047126149 0.00000000099999999998 
0.90809280036137318692 0.00000000099999999997 0.09190719763862680025 0.00000000099999999997 
0.99999999699999997382 0.00000000099999999997 0.00000000099999999997 0.00000000099999999997 
0.99999999700000008485 0.00000000099999999994 0.00000000099999999994 0.00000000099999999994 
0.00003708602744732177 0.92814351510342318896 0.00000000100000000000 0.07181939786912945600 
0.91485413266419612910 0.00000000099999999998 0.08514586533580399685 0.00000000099999999998 
0.98131775955321798310 0.01868223844678205958 0.00000000099999999999 0.00000000099999999999 
0.00000000099999999994 0.99999999700000008485 0.00000000099999999994 0.00000000099999999994 
0.00000000099999999999 0.00838826342824342507 0.00013051249971139385 0.99148122307204522574 
0.91195767029656049640 0.00000000099999999998 0.08804232770343958792 0.00000000099999999998 
0.00000000099999999997 0.99999974769445476586 0.00000000099999999997 0.00000025030554533508 
0.00000000099999999997 0.97560791088671394711 0.02439208564486552988 0.00000000246842056474 
0.00000000099999999998 0.96033712686410588333 0.00000013522151988332 0.03966273691437436494 
0.00000000099999999996 0.00000000099999999996 0.99999999699999986280 0.00000000099999999996 
0.00000000099999999997 0.39782969742988305573 0.60217030057011688982 0.00000000099999999997 
0.14828798437672843780 0.29868094152107466099 0.51812082058145314534 0.03491025352074381832 
0.00000000099999999997 0.00000000099999999997 0.99999999699999986280 0.00000000099999999997 
0.00000000099999999996 0.00000000099999999996 0.00000000099999999996 0.99999999699999997382 
0.00000000099999999994 0.99999999700000008485 0.00000000099999999994 0.00000000099999999994 
0.00000000099999999996 0.37395882466498125973 0.62604117333501863030 0.00000000099999999996 
0.00000000099999999997 0.40402185608728152788 0.59597814191271836215 0.00000000099999999997 
0.00000000100000000000 0.88053061071883398370 0.04497243808030017276 0.07449695020086588571 
0.18390108153449133410 0.08594959789144657192 0.56722202598284643393 0.16292729459121574331 
0.12298686439738261422 0.07082221450624283376 0.01904630645632032077 0.78714461464005414104 
0.00000000099999999996 0.00000000099999999996 0.99999999699999997382 0.00000000099999999996 
0.00000000099999999998 0.99183705142485245609 0.00000299623556542651 0.00815995133958203472 
0.00000000099999999996 0.00000000099999999996 0.00000000099999999996 0.99999999699999997382 
0.00000000099999999999 0.03284372249923296627 0.02655061966357648989 0.94060565683719066232 
0.00000000099999999996 0.00000000099999999996 0.99309905295150946447 0.00690094504849049148 
0.00000000099999999998 0.00648323492850109810 0.00428303609486419684 0.98923372797663466915 
0.00000000099999999997 0.39240806569613739807 0.60759193230386254747 0.00000000099999999997 
0.03337572450590600009 0.00002943268555398303 0.96036323890648467305 0.00623160390205535278 
0.00000000099999999997 0.92388223280282621985 0.00000000099999999997 0.07611776519717386447 
0.00000000099999999999 0.00000000099999999999 0.95985842523973807783 0.04014157276026181220 
0.00000000099999999998 0.04576418953393672495 0.01930872397098509774 0.93492708549507808069 
0.99999999699999997382 0.00000000099999999994 0.00000000099999999994 0.00000000099999999994 
0.99999999700000008485 0.00000000099999999991 0.00000000099999999991 0.00000000099999999991 
0.90515745097433342181 0.00000000099999999998 0.09484254702566666251 0.00000000099999999998 
0.92256969018426104867 0.00000000099999999997 0.07743030781573896626 0.00000000099999999997 
0.03908213499389267404 0.93653639451291781359 0.01969544883918444497 0.00468602165400508822 
0.83442016382096839688 0.00000000099999999997 0.16557983417903146539 0.00000000099999999997 
0.89326502474501723317 0.00000000099999999998 0.10673497325498282340 0.00000000099999999998 
0.11195789977778036750 0.85718493907073167737 0.00000035167149408177 0.03085680947999401569 
0.78323151322076767222 0.00000138264397030839 0.12211613553498394669 0.09465096860027812087 
0.99999999699999997382 0.00000000099999999994 0.00000000099999999994 0.00000000099999999994 
0.16466352691404592679 0.81997628060739324862 0.00112067608348840556 0.01423951639507235398 
0.00000000099999999997 0.06845935387618547197 0.03297543940821517916 0.89856520571559928001 
0.00000000099999999994 0.99999999700000008485 0.00000000099999999994 0.00000000099999999994 
0.00000000099999999995 0.00000000099999999995 0.99999999699999997382 0.00000000099999999995 
0.00000000099999999998 0.00000000099999999998 0.00545946008412389206 0.99454053791587604394 
0.90604164529964115182 0.00815495276103846319 0.08580340093932049828 0.00000000099999999999 
0.72739514613316369473 0.16258600495333447311 0.10966802733853707463 0.00035082157496477357 
0.89561440854195562000 0.00000000099999999999 0.10438558945804445044 0.00000000099999999999 
0.91768775569388050251 0.00000000313179028611 0.07969460592565366652 0.00261763524867550086 
0.88995662098572114740 0.00000000099999999999 0.10722466940395640467 0.00281870861032238297 
0.92972069710972726764 0.00000000099999999997 0.07027930089027278893 0.00000000099999999997 
0.00000000099999999998 0.01693232908071270679 0.01504836354061510340 0.96801930637867228402 
0.00000000099999999998 0.00000000099999999998 0.99979259852565427469 0.00020739947434558317 
0.00000000099999999998 0.00630140999986876244 0.00384842316154788023 0.98985016583858331796 
0.00000000099999999999 0.00000588474109340209 0.00000000099999999999 0.99999411325890652513 
0.00000000099999999994 0.00000000099999999994 0.99999999699999997382 0.00000000099999999994 
0.00000000099999999991 0.99999999700000008485 0.00000000099999999991 0.00000000099999999991 
0.00000000099999999995 0.99999999699999997382 0.00000000099999999995 0.00000000099999999995 
0.00000000099999999995 0.00000000099999999995 0.00000000099999999995 0.99999999700000008485 
0.00000000099999999997 0.00000000099999999997 0.00000000142499580780 0.99999999657500415751 
0.00000000099999999996 0.00000003900644015214 0.00000000099999999996 0.99999995899355975659 
0.00000000099999999995 0.99999513244322724148 0.00000000099999999995 0.00000486555677281206 
0.00000000099999999999 0.96163442723889380748 0.00000107426860463174 0.03836449749250156471 
0.00000000099999999996 0.00000000099999999996 0.00000000099999999996 0.99999999700000008485 
0.00000000099999999996 0.00000000099999999996 0.99999999699999986280 0.00000000099999999996 
0.00000016960739357485 0.05260386043604015766 0.06773292698860745864 0.87966304296795883033 
0.00000000099999999992 0.99999999700000008485 0.00000000099999999992 0.00000000099999999992 
0.00000000099999999996 0.00000010706652293484 0.00000000099999999996 0.99999989093347707581 
0.87646695453346246119 0.00000000100000000000 0.12337241318623089203 0.00016063128030655404 
0.00000000099999999998 0.84126694459957951366 0.14070746977100981323 0.01802558462941074649 
0.86645439832231585520 0.00000344816037304518 0.02500545521829283802 0.10853669829901832489 
0.00000000099999999993 0.99999999699999997382 0.00000000099999999993 0.00000000099999999993 
0.00000000099999999998 0.00000003069869771243 0.00106611638587570724 0.99893385191542649615 
0.00000000099999999996 0.00000000099999999996 0.00000000099999999996 0.99999999699999997382 
0.00000000099999999994 0.99999999699999997382 0.00000000099999999994 0.00000000099999999994 
0.00000000099999999996 0.00000000099999999996 0.00000000099999999996 0.99999999700000008485 
0.23800288471423794445 0.06459680029424354208 0.05842217484163502589 0.63897814014988341125 
0.00000000099999999994 0.99999999699999997382 0.00000000099999999994 0.00000000099999999994 
0.00000000100000000000 0.00008867431333556081 0.00000000389514537791 0.99991132079151912038 
0.99999999700000008485 0.00000000099999999998 0.00000000099999999998 0.00000000099999999998 
0.27677227404267973343 0.72303296045077103393 0.00019476450654934736 0.00000000099999999999 
0.92655477934819618913 0.00000000099999999998 0.07344521865180375642 0.00000000099999999998 
0.92020352163996832484 0.00000000099999999998 0.07979647636003155131 0.00000000099999999998 
0.89849334003474601307 0.01026512783246625801 0.09124153113278779537 0.00000000099999999999 
0.89470252261324267895 0.00000000099999999998 0.10529747538675741925 0.00000000099999999998 
0.88377681901774629569 0.01581446919300539752 0.10040871078924831772 0.00000000099999999999 
0.83556608176596203208 0.02739907731311793521 0.05430644789714730858 0.08272839302377263393 
0.89937916003813522803 0.00000000099999999997 0.10062083796186482854 0.00000000099999999997 
0.00000000099999999993 0.99999999699999997382 0.00000000099999999993 0.00000000099999999993 
0.90202955528115147388 0.00000000099999999999 0.09797044271884851330 0.00000000099999999999 
0.26899690947560112031 0.73100308852439888074 0.00000000099999999998 0.00000000099999999998 
0.91831588493283888841 0.00002664929888496217 0.08165746476827606681 0.00000000099999999999 
0.99999999700000008485 0.00000000099999999994 0.00000000099999999994 0.00000000099999999994 
0.00000000099999999995 0.00000000099999999995 0.00000000099999999995 0.99999999699999997382 
0.99999999699999997382 0.00000000099999999993 0.00000000099999999993 0.00000000099999999993 
0.99999999699999997382 0.00000000099999999993 0.00000000099999999993 0.00000000099999999993 
0.87197278085342844189 0.00871098598519783399 0.10542848327951753751 0.01388774988185631672 
0.89624910767012899715 0.00423221516069551430 0.09951867616917550730 0.00000000099999999999 
0.99999999699999997382 0.00000000099999999997 0.00000000099999999997 0.00000000099999999997 
0.99999999700000008485 0.00000000099999999994 0.00000000099999999994 0.00000000099999999994 
0.89780715790125420472 0.00000000099999999998 0.10219284009874575470 0.00000000099999999998 
0.00000000099999999996 0.00000000099999999996 0.00000000099999999996 0.99999999699999997382 
0.89182419739616725085 0.01950300112860052851 0.08867280047523216913 0.00000000100000000000 
0.99999999700000008485 0.00000000099999999994 0.00000000099999999994 0.00000000099999999994 
0.87485492012438992315 0.00815168522696782007 0.11699339285745338768 0.00000000179118878895 
0.91092587147707837492 0.00000000099999999999 0.08907412543324208509 0.00000000208967950050 
0.98746867401930349395 0.00000000099999999997 0.00000000099999999997 0.01253132398069666496 
0.00000000099999999995 0.00000000099999999995 0.00000000099999999995 0.99999999699999997382 
0.99999917007976801830 0.00000000099999999998 0.00000000099999999998 0.00000082792023195837 
0.90612040900209622762 0.00688854568410496217 0.08215324473682482365 0.00483780057697385905 
0.85071389352723636446 0.00019893300267392899 0.14908717247008976270 0.00000000100000000000 
0.89716269646919510894 0.00000000099999999998 0.10283730153080494762 0.00000000099999999998 
0.00000000099999999995 0.00000000099999999995 0.00000000099999999995 0.99999999699999997382 
0.77451680831484737144 0.00000000099999999998 0.22548318968515260186 0.00000000099999999998 
0.88988539989739501301 0.00000000099999999998 0.11011459810260501579 0.00000000099999999998 
0.89486068351523706532 0.00000000099999999997 0.10513931448476285246 0.00000000099999999997 
0.89968558772563889114 0.00717734073925270413 0.09313707053510832112 0.00000000100000000000 
0.94672652224727837922 0.00000000099999999999 0.02551091475014556978 0.02776256200257613826 
0.13131862807204622290 0.00000000099999999999 0.00000000099999999999 0.86868136992795375040 
0.84008237662785323341 0.00000001550229054280 0.15991760686985614925 0.00000000099999999999 
0.99999999700000008485 0.00000000099999999992 0.00000000099999999992 0.00000000099999999992 
0.99363570324075267681 0.00610107063263368079 0.00000436434489425140 0.00025886178171932088 
0.92194591914244794495 0.04937992195538075391 0.02867415790217121146 0.00000000100000000000 
0.52049675949022800037 0.00000000100000000000 0.07403561285307493078 0.40546762665669705550 
0.90655097975227938445 0.00000000099999999996 0.09344901824772049170 0.00000000099999999996 
0.47244174876501099369 0.08959460953262772531 0.02711369558496025747 0.41084994611740111026 
0.72940845495379225127 0.00000000099999999998 0.27059154304620786080 0.00000000099999999998 
0.89234158405401031722 0.00127941770489926302 0.10355420778686788563 0.00282479045422253305 
0.57856393216764989695 0.00000000099999999999 0.08130889399269325413 0.34012717283965693271 
0.93585114783389522497 0.00000000100000000000 0.03834850625830815707 0.02580034490779657338 
0.17756995353616747413 0.82112368149028247544 0.00103629301581540279 0.00027007195773470484 
0.00000000099999999993 0.00000000099999999993 0.99999999699999997382 0.00000000099999999993 
0.89844344729304537189 0.00000000099999999998 0.10155655070695450426 0.00000000099999999998 
0.99999999699999997382 0.00000000099999999996 0.00000000099999999996 0.00000000099999999996 
0.99999999699999997382 0.00000000099999999997 0.00000000099999999997 0.00000000099999999997 
0.99999999700000008485 0.00000000099999999993 0.00000000099999999993 0.00000000099999999993 
0.32077121865476110329 0.67922877934523884225 0.00000000099999999999 0.00000000099999999999 
0.89837164491903875874 0.00001230474416542880 0.10048021204159304776 0.00113583829520267927 
0.92302961555074958255 0.00000003353426641204 0.07697034991498408196 0.00000000099999999999 
0.99999998006117296612 0.00000000099999999999 0.00000000099999999999 0.00000001793882710224 
0.89704620894707809420 0.00000000099999999998 0.10295378905292179583 0.00000000099999999998 
0.99999999700000008485 0.00000000099999999994 0.00000000099999999994 0.00000000099999999994 
0.26951312220547640752 0.73048687579452364904 0.00000000099999999998 0.00000000099999999998 
0.99999999699999997382 0.00000000099999999996 0.00000000099999999996 0.00000000099999999996 
0.99999999700000008485 0.00000000099999999996 0.00000000099999999996 0.00000000099999999996 
0.29084304507392821915 0.70915695292607172640 0.00000000099999999999 0.00000000099999999999 
0.32746952334599804812 0.67253047465400195293 0.00000000099999999999 0.00000000099999999999 
0.87113542886093620066 0.00000000099999999999 0.12886456913906388366 0.00000000099999999999 
0.99999999699999997382 0.00000000099999999991 0.00000000099999999991 0.00000000099999999991 
0.89566511138831650385 0.00000000099999999999 0.10433488661168358047 0.00000000099999999999 
0.99999999700000008485 0.00000000099999999994 0.00000000099999999994 0.00000000099999999994 
