0.00908001317525097135 0.00035692112975872103 0.52922068515704812075 0.32786167385103492933 0.00004186690072596705 0.00000000099999999998 0.00000000099999999998 0.00000000099999999998 0.00000000099999999998 0.00000000099999999998 0.13343883478618148719 
0.00007776705825522046 0.00000000099999999995 0.00000000099999999995 0.00000000099999999995 0.00000000099999999995 0.00000000099999999995 0.00000000099999999995 0.00000000099999999995 0.00747104216866147086 0.62848412897418770573 0.36396705479889557289 
0.99999999000000017180 0.00000000099999999976 0.00000000099999999976 0.00000000099999999976 0.00000000099999999976 0.00000000099999999976 0.00000000099999999976 0.00000000099999999976 0.00000000099999999976 0.00000000099999999976 0.00000000099999999976 
0.00000000099999999986 0.00000000099999999986 0.00000000099999999986 0.00000000099999999986 0.00000000099999999986 0.00000000099999999986 0.00000000099999999986 0.00000000099999999986 0.00000000099999999986 0.99999998999999994975 0.00000000099999999986 
0.00000000099999999982 0.00000000099999999982 0.00000000099999999982 0.00000000099999999982 0.00000000099999999982 0.00000000099999999982 0.00000000099999999982 0.00000000099999999982 0.00000000099999999982 0.99999998999999994975 0.00000000099999999982 
0.99999999000000028282 0.00000000099999999968 0.00000000099999999968 0.00000000099999999968 0.00000000099999999968 0.00000000099999999968 0.00000000099999999968 0.00000000099999999968 0.00000000099999999968 0.00000000099999999968 0.00000000099999999968 
0.00000000099999999982 0.00000000099999999982 0.00000000099999999982 0.00000000099999999982 0.00000000099999999982 0.00000000099999999982 0.95378211611671859238 0.04621787488328134297 0.00000000099999999982 0.00000000099999999982 0.00000000099999999982 
0.00000000099999999981 0.00000000099999999981 0.99999999000000017180 0.00000000099999999981 0.00000000099999999981 0.00000000099999999981 0.00000000099999999981 0.00000000099999999981 0.00000000099999999981 0.00000000099999999981 0.00000000099999999981 
0.45649040688119169040 0.00000000099999999982 0.00000000099999999982 0.00000000099999999982 0.00000000099999999982 0.00000000099999999982 0.00000000099999999982 0.00000000099999999982 0.00000000099999999982 0.54350958411880800902 0.00000000099999999982 
0.00000000099999999983 0.00000000099999999983 0.00000000099999999983 0.00000000099999999983 0.00000000099999999983 0.00000000099999999983 0.99999999000000006077 0.00000000099999999983 0.00000000099999999983 0.00000000099999999983 0.00000000099999999983 
0.00000000099999999989 0.00000000099999999989 0.00000000099999999989 0.00004217674545099844 0.00000000099999999989 0.00000000099999999989 0.99193146502546036825 0.00802635022908875645 0.00000000099999999989 0.00000000099999999989 0.00000000099999999989 
0.00000000099999999992 0.00000000099999999992 0.00000000099999999992 0.00000000099999999992 0.00000000099999999992 0.01842749123357284233 0.98157249976642713118 0.00000000099999999992 0.00000000099999999992 0.00000000099999999992 0.00000000099999999992 
0.00000000099999999972 0.00000000099999999972 0.00000000099999999972 0.00000000099999999972 0.00000000099999999972 0.00000000099999999972 0.00000000099999999972 0.99999999000000006077 0.00000000099999999972 0.00000000099999999972 0.00000000099999999972 
0.00000000099999999995 0.19560084727850163278 0.00000000099999999995 0.00000000099999999995 0.00000000099999999995 0.00000000099999999995 0.55810409954854589554 0.00000000099999999995 0.14321423287932635859 0.00000000099999999995 0.10308081329362620004 
0.00000000099999999985 0.57637922729504886821 0.00000000099999999985 0.00000000099999999985 0.00000000099999999985 0.00000000099999999985 0.00000000099999999985 0.00000000099999999985 0.42362076370495127531 0.00000000099999999985 0.00000000099999999985 
0.00000000099999999985 0.00000000099999999985 0.00000000099999999985 0.00000000099999999985 0.00000000099999999985 0.00000000099999999985 0.97954772385315280747 0.00000000099999999985 0.02045226714684717645 0.00000000099999999985 0.00000000099999999985 
0.00000000099999999995 0.27862254184699114523 0.03763473875019514997 0.00000000099999999995 0.00000000099999999995 0.00000000099999999995 0.46583589519018231417 0.00000000099999999995 0.21790681721263130410 0.00000000099999999995 0.00000000099999999995 
0.00000000099999999992 0.28084546321488351728 0.53275758732208400303 0.00000000099999999992 0.00000000099999999992 0.00000000099999999992 0.00000000099999999992 0.00000000099999999992 0.18639694146303262268 0.00000000099999999992 0.00000000099999999992 
0.00000000099999999880 0.99999999000000006077 0.00000000099999999880 0.00000000099999999880 0.00000000099999999880 0.00000000099999999880 0.00000000099999999880 0.00000000099999999880 0.00000000099999999880 0.00000000099999999880 0.00000000099999999880 
0.00000000099999999987 0.44278303711469180204 0.00000000099999999987 0.00000000099999999987 0.00000000099999999987 0.22045708561185872743 0.00000000099999999987 0.00000000099999999987 0.33675986927344936372 0.00000000099999999987 0.00000000099999999987 
0.00000000099999999878 0.00000000099999999878 0.00000000099999999878 0.00000000099999999878 0.00000000099999999878 0.00000000099999999878 0.00000000099999999878 0.00000000099999999878 0.99999998999999983873 0.00000000099999999878 0.00000000099999999878 
0.00000000099999999987 0.00000000099999999987 0.00000000099999999987 0.00000000099999999987 0.00000000099999999987 0.03754549137672189008 0.96032875837210629477 0.00212574225117193212 0.00000000099999999987 0.00000000099999999987 0.00000000099999999987 
0.00000000099999999970 0.00000000099999999970 0.00000000099999999970 0.99999999000000017180 0.00000000099999999970 0.00000000099999999970 0.00000000099999999970 0.00000000099999999970 0.00000000099999999970 0.00000000099999999970 0.00000000099999999970 
0.20373050486553206939 0.00000000099999999992 0.09779263913734012603 0.00000000099999999992 0.00000000099999999992 0.00000000099999999992 0.00000000099999999992 0.05618343799606751593 0.00000000099999999992 0.00000000178933554831 0.64229341021172448034 
0.00000000099999999988 0.00000000099999999988 0.00000000099999999988 0.00000000099999999988 0.00000000099999999988 0.00021544797694934316 0.96027334868419600422 0.03951119533885474183 0.00000000099999999988 0.00000000099999999988 0.00000000099999999988 
0.00000000099999999991 0.00000000099999999991 0.00000000099999999991 0.00000000099999999991 0.00000000099999999991 0.01863940371418629574 0.98124019672615858667 0.00000000099999999991 0.00012039155965500061 0.00000000099999999991 0.00000000099999999991 
0.00000000099999999980 0.00000000099999999980 0.00000000099999999980 0.00000000099999999980 0.00000000099999999980 0.00000000099999999980 0.00000000099999999980 0.99999999000000006077 0.00000000099999999980 0.00000000099999999980 0.00000000099999999980 
0.00000000099999999989 0.00000000099999999989 0.00000000099999999989 0.00000000099999999989 0.00000000099999999989 0.00000000099999999989 0.00000000099999999989 0.00000000099999999989 0.01008555698727365418 0.00000000099999999989 0.98991443401272627423 
0.00000000099999999982 0.00000000099999999982 0.00000000099999999982 0.00000000099999999982 0.00000000099999999982 0.00000000099999999982 0.00000000099999999982 0.00000000099999999982 0.00000000099999999982 0.99999998999999994975 0.00000000099999999982 
0.00000000099999999996 0.00000000099999999996 0.00000000099999999996 0.00000000099999999996 0.00000000099999999996 0.02130005039082474849 0.97869994060917531176 0.00000000099999999996 0.00000000099999999996 0.00000000099999999996 0.00000000099999999996 
0.00000000099999999998 0.04436883913168509358 0.07626841847003369701 0.00000000099999999998 0.00000000099999999998 0.00000000099999999998 0.86842126668369534759 0.00000000099999999998 0.01094053055827292828 0.00000000099999999998 0.00000093915631308581 
0.00000000099999999992 0.00000000099999999992 0.00000000099999999992 0.02380573530977233426 0.01220110559095363006 0.00001780174137175936 0.91861581522055268945 0.00000000099999999992 0.04535953613734970691 0.00000000099999999992 0.00000000099999999992 
0.39638112082354920451 0.00000000099999999994 0.00000000099999999994 0.00000000099999999994 0.00000000099999999994 0.00000000099999999994 0.00000000099999999994 0.07024926642821213707 0.00000000099999999994 0.00029977507097515485 0.53306983067726321224 
0.00000000099999999965 0.00000000099999999965 0.00000000099999999965 0.00000000099999999965 0.99999999000000017180 0.00000000099999999965 0.00000000099999999965 0.00000000099999999965 0.00000000099999999965 0.00000000099999999965 0.00000000099999999965 
0.00000196410349506169 0.00000000099999999997 0.08521338168781185385 0.00000000099999999997 0.03967933864427770907 0.00000000099999999997 0.00000000099999999997 0.00000000099999999997 0.01981246516991169368 0.31878234766384472287 0.53651049773065895288 
0.00000000099999999991 0.00000000099999999991 0.00000000099999999991 0.00871196563752437564 0.00000000099999999991 0.00000000099999999991 0.98562180284349198978 0.00000000099999999991 0.00566622351898369951 0.00000000099999999991 0.00000000099999999991 
0.00000000099999999975 0.00000000099999999975 0.00000000099999999975 0.99999999000000006077 0.00000000099999999975 0.00000000099999999975 0.00000000099999999975 0.00000000099999999975 0.00000000099999999975 0.00000000099999999975 0.00000000099999999975 
0.00000000099999999944 0.00000000099999999944 0.00000000099999999944 0.00000000099999999944 0.99999999000000017180 0.00000000099999999944 0.00000000099999999944 0.00000000099999999944 0.00000000099999999944 0.00000000099999999944 0.00000000099999999944 
0.00000000099999999993 0.01853185887070550250 0.00000000099999999993 0.00000000099999999993 0.00000000099999999993 0.00000000099999999993 0.98142903034963624442 0.00000000099999999993 0.00003910277965828816 0.00000000099999999993 0.00000000099999999993 
0.00000000099999999986 0.00000000099999999986 0.00000000099999999986 0.01893142898241368527 0.00000000099999999986 0.00000000099999999986 0.98106856201758640967 0.00000000099999999986 0.00000000099999999986 0.00000000099999999986 0.00000000099999999986 
0.00000000099999999990 0.00000000099999999990 0.00000000099999999990 0.00000000099999999990 0.00000000099999999990 0.05131566189603015832 0.94747441144384991762 0.00000000162379214988 0.00120991803632789635 0.00000000099999999990 0.00000000099999999990 
0.00000000099999999986 0.00000000099999999986 0.99999999000000006077 0.00000000099999999986 0.00000000099999999986 0.00000000099999999986 0.00000000099999999986 0.00000000099999999986 0.00000000099999999986 0.00000000099999999986 0.00000000099999999986 
0.01898075655845627915 0.00000000099999999999 0.81799862362133446414 0.00000000099999999999 0.00510560804244456542 0.00000000099999999999 0.08074043297671988639 0.00000000099999999999 0.00615381599252458854 0.00000000099999999999 0.07102075780852036557 
0.00000000099999999978 0.00000000099999999978 0.00000000099999999978 0.00000000099999999978 0.00000000099999999978 0.00000000099999999978 0.00000000099999999978 0.99999999000000006077 0.00000000099999999978 0.00000000099999999978 0.00000000099999999978 
0.00000000099999999994 0.00000000099999999994 0.00000000099999999994 0.00000000099999999994 0.00000000099999999994 0.00000000099999999994 0.00000000099999999994 0.46656749251308710091 0.02547938043426825269 0.50795311905264461938 0.00000000099999999994 
0.00000000099999999982 0.00000000099999999982 0.99995273930823413977 0.00000000099999999982 0.00000000099999999982 0.00000000099999999982 0.00000000099999999982 0.00000000099999999982 0.00000000099999999982 0.00000000099999999982 0.00004725169176604756 
0.00000000099999999995 0.00000000099999999995 0.00000000099999999995 0.00000000099999999995 0.00990294074043076601 0.00000000099999999995 0.97397896468999678454 0.00036150272886834066 0.01575658484070413881 0.00000000099999999995 0.00000000099999999995 
0.00000000099999999983 0.00000000099999999983 0.99999999000000017180 0.00000000099999999983 0.00000000099999999983 0.00000000099999999983 0.00000000099999999983 0.00000000099999999983 0.00000000099999999983 0.00000000099999999983 0.00000000099999999983 
0.00000000099999999987 0.00000000099999999987 0.99999999000000017180 0.00000000099999999987 0.00000000099999999987 0.00000000099999999987 0.00000000099999999987 0.00000000099999999987 0.00000000099999999987 0.00000000099999999987 0.00000000099999999987 
0.00000000099999999984 0.00000000099999999984 0.99999999000000006077 0.00000000099999999984 0.00000000099999999984 0.00000000099999999984 0.00000000099999999984 0.00000000099999999984 0.00000000099999999984 0.00000000099999999984 0.00000000099999999984 
0.00000000099999999991 0.00000000099999999991 0.09322674156778899823 0.00000000099999999991 0.01440113692323289826 0.00000000099999999991 0.00000000099999999991 0.00000000099999999991 0.01532312905976264752 0.58268974100479520306 0.29435924544442032547 
0.00000000099999999974 0.00000000099999999974 0.99999999000000006077 0.00000000099999999974 0.00000000099999999974 0.00000000099999999974 0.00000000099999999974 0.00000000099999999974 0.00000000099999999974 0.00000000099999999974 0.00000000099999999974 
0.08638099393328915743 0.00000000099999999979 0.91361899706671112487 0.00000000099999999979 0.00000000099999999979 0.00000000099999999979 0.00000000099999999979 0.00000000099999999979 0.00000000099999999979 0.00000000099999999979 0.00000000099999999979 
0.00000000099999999988 0.00000000099999999988 0.00000000099999999988 0.00000000099999999988 0.00000000099999999988 0.07524346068745031701 0.49750092131449885624 0.38641641257573655643 0.04083919842231440583 0.00000000099999999988 0.00000000099999999988 
0.29712898256788272677 0.00000000099999999998 0.15520385813165532563 0.00000000099999999998 0.00000000099999999998 0.02997522939225600105 0.00000000099999999998 0.00000000099999999998 0.00000000099999999998 0.00003558257776461777 0.51765634133044102771 
0.00000126259566698260 0.00000000099999999995 0.57510106422966755790 0.00000000099999999995 0.00000000099999999995 0.00000000099999999995 0.00000000099999999995 0.00000000099999999995 0.00000000099999999995 0.00000000099999999995 0.42489766517466576179 
0.00000000099999999988 0.00000000099999999988 0.94542547069079818645 0.00000000099999999988 0.00000000099999999988 0.00000000099999999988 0.00000000099999999988 0.00000000099999999988 0.00000000099999999988 0.05457452030920195707 0.00000000099999999988 
0.11533102806223818892 0.00000000099999999993 0.00000000099999999993 0.00000000099999999993 0.00926861422041565415 0.00000000099999999993 0.00000000099999999993 0.00000000099999999993 0.00000000099999999993 0.30995542031318018550 0.56544493040416599072 
0.03978565064321010897 0.00000000099999999988 0.96021434035679009700 0.00000000099999999988 0.00000000099999999988 0.00000000099999999988 0.00000000099999999988 0.00000000099999999988 0.00000000099999999988 0.00000000099999999988 0.00000000099999999988 
0.53802990198248257236 0.00000000099999999983 0.00000000099999999983 0.00000000099999999983 0.00000000099999999983 0.00000000099999999983 0.00000000099999999983 0.00000000099999999983 0.00000000099999999983 0.00000000099999999983 0.46197008901751762666 
0.00000000099999999980 0.00000000099999999980 0.00000000099999999980 0.00000000099999999980 0.00000000099999999980 0.00000000099999999980 0.00000000099999999980 0.00000000099999999980 0.00000000099999999980 0.00000000099999999980 0.99999999000000006077 
0.00000000099999999992 0.00000000099999999992 0.94321739733447973464 0.00000000099999999992 0.00000000099999999992 0.00000000099999999992 0.00000000099999999992 0.00000000099999999992 0.00000001233989030470 0.00000000099999999992 0.05678258232563000718 
0.02279745028274672916 0.00000000099999999984 0.97720254071725354272 0.00000000099999999984 0.00000000099999999984 0.00000000099999999984 0.00000000099999999984 0.00000000099999999984 0.00000000099999999984 0.00000000099999999984 0.00000000099999999984 
0.01089291944903371043 0.03825133732000553233 0.00000000099999999995 0.88465747941283667810 0.00000000099999999995 0.00000000099999999995 0.06619825681812430140 0.00000000099999999995 0.00000000099999999995 0.00000000099999999995 0.00000000099999999995 
0.00050503282722763252 0.00000000099999999991 0.00693890280397672400 0.00000000099999999991 0.00000000099999999991 0.00000000099999999991 0.00000000099999999991 0.00000000099999999991 0.00000000099999999991 0.47854100093510498759 0.51401505643369049814 
0.03618001348480345131 0.00000000099999999996 0.94617146798749207637 0.00358207836353715550 0.01406643316416738600 0.00000000099999999996 0.00000000099999999996 0.00000000099999999996 0.00000000099999999996 0.00000000099999999996 0.00000000099999999996 
0.00000000099999999978 0.00763786374594540695 0.00000000099999999978 0.99236212725405481550 0.00000000099999999978 0.00000000099999999978 0.00000000099999999978 0.00000000099999999978 0.00000000099999999978 0.00000000099999999978 0.00000000099999999978 
0.00000000099999999994 0.00000000099999999994 0.00000000099999999994 0.00737916629715070806 0.00939154127754138895 0.00000000099999999994 0.97729569539410066081 0.00000000099999999994 0.00593359003120731959 0.00000000099999999994 0.00000000099999999994 
0.99999999000000028282 0.00000000099999999968 0.00000000099999999968 0.00000000099999999968 0.00000000099999999968 0.00000000099999999968 0.00000000099999999968 0.00000000099999999968 0.00000000099999999968 0.00000000099999999968 0.00000000099999999968 
0.00000000099999999986 0.07112730317074261732 0.00000000099999999986 0.87084322264096047927 0.00000000099999999986 0.05802946618829715048 0.00000000099999999986 0.00000000099999999986 0.00000000099999999986 0.00000000099999999986 0.00000000099999999986 
0.00000000099999999981 0.00000000099999999981 0.00000000099999999981 0.99999999000000017180 0.00000000099999999981 0.00000000099999999981 0.00000000099999999981 0.00000000099999999981 0.00000000099999999981 0.00000000099999999981 0.00000000099999999981 
0.00000000099999999991 0.00000000099999999991 0.00000000099999999991 0.99999999000000006077 0.00000000099999999991 0.00000000099999999991 0.00000000099999999991 0.00000000099999999991 0.00000000099999999991 0.00000000099999999991 0.00000000099999999991 
0.00000000099999999978 0.00000000099999999978 0.00000000099999999978 0.00000000099999999978 0.00000000099999999978 0.00000000099999999978 0.00000000099999999978 0.99999998999999994975 0.00000000099999999978 0.00000000099999999978 0.00000000099999999978 
0.00000000099999999963 0.00000000099999999963 0.00000000099999999963 0.00000000099999999963 0.00000000099999999963 0.99999999000000006077 0.00000000099999999963 0.00000000099999999963 0.00000000099999999963 0.00000000099999999963 0.00000000099999999963 
0.00000000099999999994 0.00000000099999999994 0.09110016808738832794 0.00000000099999999994 0.00000000099999999994 0.90889982291261173231 0.00000000099999999994 0.00000000099999999994 0.00000000099999999994 0.00000000099999999994 0.00000000099999999994 
0.00000000099999999984 0.00000000099999999984 0.00000000099999999984 0.00000000099999999984 0.00000000099999999984 0.00000000099999999984 0.00000000099999999984 0.99999998999999994975 0.00000000099999999984 0.00000000099999999984 0.00000000099999999984 
0.00000000099999999988 0.00000688049394677184 0.00000000099999999988 0.00000000099999999988 0.00000000099999999988 0.00000000099999999988 0.99999311050605343976 0.00000000099999999988 0.00000000099999999988 0.00000000099999999988 0.00000000099999999988 
0.00000000099999999978 0.00847615910545367925 0.00000000099999999978 0.99152383189454651458 0.00000000099999999978 0.00000000099999999978 0.00000000099999999978 0.00000000099999999978 0.00000000099999999978 0.00000000099999999978 0.00000000099999999978 
0.00000000099999999942 0.00000000099999999942 0.00000000099999999942 0.00000000099999999942 0.00000000099999999942 0.99999999000000006077 0.00000000099999999942 0.00000000099999999942 0.00000000099999999942 0.00000000099999999942 0.00000000099999999942 
0.00000000099999999950 0.00000000099999999950 0.00000000099999999950 0.00000000099999999950 0.00000000099999999950 0.99999999000000006077 0.00000000099999999950 0.00000000099999999950 0.00000000099999999950 0.00000000099999999950 0.00000000099999999950 
0.00000000099999999998 0.00000000402942881608 0.00000000099999999998 0.85907512133548447064 0.03525532034574416912 0.01166625434256857510 0.07107947384549243020 0.02292377765970041517 0.00000000099999999998 0.00000000099999999998 0.00000004444158136353 
0.05511090209803649193 0.05795860163900046214 0.00000000100000000000 0.00000000100000000000 0.00226134764932060068 0.09907674810491545747 0.15810744500347073682 0.45465404613067400552 0.03270240217432307528 0.00000086794004332877 0.14012763726021601474 
0.00000000099999999999 0.00288064602514506891 0.00000000099999999999 0.04867773730932922066 0.00016921667936201836 0.04385267561854479246 0.76771372588004183068 0.00000000099999999999 0.00000000099999999999 0.00000000099999999999 0.13670599348757703217 
0.00000000099999999983 0.00000000099999999983 0.00000000099999999983 0.00000000099999999983 0.00000000099999999983 0.00000000099999999983 0.00000000099999999983 0.93556359498652719164 0.06443639601347278534 0.00000000099999999983 0.00000000099999999983 
0.00000000099999999989 0.01853797110881153648 0.00000000099999999989 0.89367247859386245157 0.00000000099999999989 0.08778954229732614800 0.00000000099999999989 0.00000000099999999989 0.00000000099999999989 0.00000000099999999989 0.00000000099999999989 
0.00000000099999999987 0.00000000099999999987 0.00000000099999999987 0.00000000099999999987 0.00000000099999999987 0.00000000099999999987 0.99999999000000006077 0.00000000099999999987 0.00000000099999999987 0.00000000099999999987 0.00000000099999999987 
0.00000000099999999995 0.00000000099999999995 0.00000000099999999995 0.02418677431124779259 0.00000000099999999995 0.04152292157738122352 0.91936252407758545235 0.00001606376308104484 0.01491171027070449691 0.00000000099999999995 0.00000000099999999995 
0.00000000099999999977 0.00000000099999999977 0.00000000099999999977 0.00000000099999999977 0.00000000099999999977 0.00000000099999999977 0.00000000099999999977 0.99999998999999994975 0.00000000099999999977 0.00000000099999999977 0.00000000099999999977 
0.00000000099999999990 0.00000000099999999990 0.00000000099999999990 0.01987471505246184850 0.00000000099999999990 0.00000000099999999990 0.94467021906640169515 0.03545505788113646750 0.00000000099999999990 0.00000000099999999990 0.00000000099999999990 
0.00000000099999999949 0.00000000099999999949 0.00000000099999999949 0.00000000099999999949 0.00000000099999999949 0.99999999000000017180 0.00000000099999999949 0.00000000099999999949 0.00000000099999999949 0.00000000099999999949 0.00000000099999999949 
0.00000000099999999991 0.00000000099999999991 0.00000000099999999991 0.00000000099999999991 0.00000000099999999991 0.00000000099999999991 0.00000000099999999991 0.99999998999999994975 0.00000000099999999991 0.00000000099999999991 0.00000000099999999991 
0.00000000099999999987 0.00000000099999999987 0.00000000099999999987 0.95066312278216447140 0.00000000099999999987 0.00000000099999999987 0.04491045264971696427 0.00000000099999999987 0.00442641656811863966 0.00000000099999999987 0.00000000099999999987 
0.00000000099999999987 0.00000000099999999987 0.00000000099999999987 0.00000000099999999987 0.00000000099999999987 0.00000000099999999987 0.00000000099999999987 0.99999999000000006077 0.00000000099999999987 0.00000000099999999987 0.00000000099999999987 
0.00000000099999999992 0.00000000099999999992 0.00000000099999999992 0.04282722146343222874 0.00000000099999999992 0.03079709050499001080 0.92637545914083685439 0.00000022189074098029 0.00000000099999999992 0.00000000099999999992 0.00000000099999999992 
0.00000000099999999985 0.00000000099999999985 0.99999999000000017180 0.00000000099999999985 0.00000000099999999985 0.00000000099999999985 0.00000000099999999985 0.00000000099999999985 0.00000000099999999985 0.00000000099999999985 0.00000000099999999985 
0.00000000099999999969 0.00000000099999999969 0.99999999000000006077 0.00000000099999999969 0.00000000099999999969 0.00000000099999999969 0.00000000099999999969 0.00000000099999999969 0.00000000099999999969 0.00000000099999999969 0.00000000099999999969 
0.18374697524233607471 0.00000000099999999992 0.00000000099999999992 0.00000000099999999992 0.02311317203456721495 0.00000000099999999992 0.00000000099999999992 0.00000000099999999992 0.00000000099999999992 0.40863777594114863989 0.38450206978194795271 
0.00000000099999999982 0.00000000099999999982 0.00000000099999999982 0.00000000099999999982 0.00000000099999999982 0.00000000099999999982 0.00000000099999999982 0.00000000099999999982 0.00000000099999999982 0.00000000099999999982 0.99999998999999994975 
0.03616669487649912945 0.02288084661145288815 0.00000000099999999998 0.87780863899496563985 0.04377225659990614109 0.00000000099999999998 0.00000000099999999998 0.00000000099999999998 0.01937155691717618727 0.00000000099999999998 0.00000000099999999998 
0.00031214795263425808 0.00000000099999999991 0.02860684794145512341 0.00000000099999999991 0.00000000099999999991 0.00000000099999999991 0.00000000099999999991 0.09327650272568216439 0.00000000099999999991 0.27946169035921514245 0.59834280502101322430 
0.00000000099999999989 0.00000000099999999989 0.00000000099999999989 0.00000000099999999989 0.00000000099999999989 0.00000000099999999989 0.00000000099999999989 0.00000000099999999989 0.00000000099999999989 0.34682427552269401438 0.65317571547730601811 
0.00000000099999999997 0.00000000099999999997 0.12135774245532303384 0.87740137394804007531 0.00122341759991412497 0.00000000099999999997 0.00001745899672293582 0.00000000099999999997 0.00000000099999999997 0.00000000099999999997 0.00000000099999999997 
0.22231475048463242294 0.00000000099999999998 0.08512733859779567092 0.00000000099999999998 0.02211195050130358025 0.00000000099999999998 0.10152106281749988248 0.01991212821095142416 0.00628128443999313030 0.06583239644951882630 0.47689908549830500872 
0.00000000099999999978 0.00000000099999999978 0.99999999000000017180 0.00000000099999999978 0.00000000099999999978 0.00000000099999999978 0.00000000099999999978 0.00000000099999999978 0.00000000099999999978 0.00000000099999999978 0.00000000099999999978 
0.00000000099999999999 0.00000000099999999999 0.12212488642908690684 0.82485065771306442794 0.00000000099999999999 0.00000477581359452396 0.00000000099999999999 0.00000000099999999999 0.00005963553994639859 0.00000000099999999999 0.05296003850430778398 
0.00000000099999999983 0.12347944085699862071 0.00000000099999999983 0.00000000099999999983 0.00000000099999999983 0.00000000099999999983 0.87652054851071170560 0.00000000099999999983 0.00000000263228987371 0.00000000099999999983 0.00000000099999999983 
0.00000000099999999976 0.00000000099999999976 0.00000000099999999976 0.99999999000000017180 0.00000000099999999976 0.00000000099999999976 0.00000000099999999976 0.00000000099999999976 0.00000000099999999976 0.00000000099999999976 0.00000000099999999976 
0.00000000099999999982 0.00000000099999999982 0.00000000099999999982 0.00000000099999999982 0.00000000099999999982 0.00000000099999999982 0.00000000099999999982 0.74479708830141422293 0.25520290269858575405 0.00000000099999999982 0.00000000099999999982 
0.00000000099999999992 0.00000000099999999992 0.00000000099999999992 0.00000000099999999992 0.00000000099999999992 0.00000000099999999992 0.98557539796570181601 0.01442459303429810893 0.00000000099999999992 0.00000000099999999992 0.00000000099999999992 
0.49932272008063799396 0.00000000099999999989 0.00000000099999999989 0.00000000099999999989 0.00000000099999999989 0.00000000099999999989 0.00000000099999999989 0.00000000099999999989 0.00000000099999999989 0.00000000099999999989 0.50067727091936176098 
0.01852720456271984839 0.01558752772783803670 0.02312708006423847343 0.15491212668564166566 0.00000000100000000000 0.00000034060428330825 0.00000000100000000000 0.00000000100000000000 0.01261983733414152528 0.27583966020007327780 0.49938621982106395913 
0.00000000099999999980 0.00000000099999999980 0.00000000099999999980 0.00000000099999999980 0.00000000099999999980 0.00000000099999999980 0.00000000099999999980 0.00000000099999999980 0.00000000099999999980 0.99999998999999994975 0.00000000099999999980 
0.00000000099999999983 0.00000000099999999983 0.00000000099999999983 0.00000000099999999983 0.00000000099999999983 0.00000000099999999983 0.00000000099999999983 0.00000000099999999983 0.00000000099999999983 0.00000000099999999983 0.99999999000000006077 
0.19786063634737607875 0.00000000099999999997 0.01968326425527925153 0.00000000099999999997 0.00000000099999999997 0.00000000099999999997 0.00000000748423368791 0.00000000099999999997 0.00001945237925398966 0.35032418794780750826 0.43211244658604941460 
0.00000000099999999978 0.00000000099999999978 0.04068869821359032829 0.00000000099999999978 0.00000000099999999978 0.00000000099999999978 0.00000000099999999978 0.00000000099999999978 0.00000000099999999978 0.00000000099999999978 0.95931129278640969726 
0.00000000099999999991 0.00232457307595977658 0.00000000099999999991 0.00000000099999999991 0.00000000099999999991 0.06374185777186068547 0.93393356115217951441 0.00000000099999999991 0.00000000099999999991 0.00000000099999999991 0.00000000099999999991 
0.00000000099999999987 0.00000000099999999987 0.00000000099999999987 0.00000000099999999987 0.00000000099999999987 0.00000000099999999987 0.00000000099999999987 0.99999999000000006077 0.00000000099999999987 0.00000000099999999987 0.00000000099999999987 
0.00000000099999999989 0.01902660087889746984 0.00000000099999999989 0.00000000099999999989 0.00000000099999999989 0.00000000099999999989 0.96132952131736515433 0.01964386980373748065 0.00000000099999999989 0.00000000099999999989 0.00000000099999999989 
0.00000000099999999993 0.00000000099999999993 0.00000000099999999993 0.00009706681999978206 0.00000000099999999993 0.00000000099999999993 0.99990292418000026320 0.00000000099999999993 0.00000000099999999993 0.00000000099999999993 0.00000000099999999993 
0.00000000099999999974 0.00000000099999999974 0.00000000099999999974 0.00000000099999999974 0.00000000099999999974 0.00000000099999999974 0.00000000099999999974 0.99999998999999994975 0.00000000099999999974 0.00000000099999999974 0.00000000099999999974 
0.00000000099999999967 0.00000000099999999967 0.00000000099999999967 0.99999999000000006077 0.00000000099999999967 0.00000000099999999967 0.00000000099999999967 0.00000000099999999967 0.00000000099999999967 0.00000000099999999967 0.00000000099999999967 
0.00000000099999999979 0.00000000099999999979 0.00000000099999999979 0.99999999000000017180 0.00000000099999999979 0.00000000099999999979 0.00000000099999999979 0.00000000099999999979 0.00000000099999999979 0.00000000099999999979 0.00000000099999999979 
0.00000000099999999981 0.00000000099999999981 0.00000000099999999981 0.00000000099999999981 0.00000000099999999981 0.00000000099999999981 0.97928212809741455036 0.00000000099999999981 0.02071786290258541621 0.00000000099999999981 0.00000000099999999981 
0.00000000099999999987 0.00000000099999999987 0.00000000099999999987 0.00000000099999999987 0.00000000099999999987 0.00000000099999999987 0.97890827233464450252 0.00000000099999999987 0.02109171866535539813 0.00000000099999999987 0.00000000099999999987 
0.00000000099999999985 0.00000000099999999985 0.00000000099999999985 0.00044957957244572816 0.00000000099999999985 0.00000000099999999985 0.99955041142755429728 0.00000000099999999985 0.00000000099999999985 0.00000000099999999985 0.00000000099999999985 
0.00000000099999999978 0.00000000099999999978 0.00000000099999999978 0.99999999000000017180 0.00000000099999999978 0.00000000099999999978 0.00000000099999999978 0.00000000099999999978 0.00000000099999999978 0.00000000099999999978 0.00000000099999999978 
0.00000000099999999992 0.00000000099999999992 0.00000000099999999992 0.98718293466349349430 0.00000000099999999992 0.00000000099999999992 0.01274262931530401738 0.00000000099999999992 0.00007442802120246211 0.00000000099999999992 0.00000000099999999992 
0.00000000099999999986 0.00000000099999999986 0.00000000099999999986 0.00000000099999999986 0.00000000099999999986 0.00000000099999999986 0.99999956562172287455 0.00000042537827705283 0.00000000099999999986 0.00000000099999999986 0.00000000099999999986 
0.00000000099999999976 0.00000000099999999976 0.00000000099999999976 0.00000000099999999976 0.00000000099999999976 0.00000000099999999976 0.00000000099999999976 0.99999999000000006077 0.00000000099999999976 0.00000000099999999976 0.00000000099999999976 
0.00000000099999999997 0.00000000099999999997 0.00000000099999999997 0.02963992656708063639 0.03292424190950016955 0.01585585583137360741 0.86919380075027852239 0.05060595673121621313 0.00178021321055074947 0.00000000099999999997 0.00000000099999999997 
0.00000000099999999971 0.00000000099999999971 0.00000000099999999971 0.99999999000000006077 0.00000000099999999971 0.00000000099999999971 0.00000000099999999971 0.00000000099999999971 0.00000000099999999971 0.00000000099999999971 0.00000000099999999971 
0.00000000099999999985 0.00000000099999999985 0.00000000099999999985 0.00000004932044655982 0.00000000099999999985 0.00952967274458869570 0.99046758148242108888 0.00000000099999999985 0.00000268945254368447 0.00000000099999999985 0.00000000099999999985 
0.00000000099999999996 0.00000000099999999996 0.05393060938826427231 0.00000000099999999996 0.00580734181244298500 0.00000000099999999996 0.00000000099999999996 0.00000000099999999996 0.02821925012763402615 0.34140609387982367995 0.57063669879183498423 
0.00000000099999999989 0.00000000099999999989 0.00000000099999999989 0.79647437047521651987 0.00000000099999999989 0.10459037690108081986 0.00000052054104008020 0.09893472508266248910 0.00000000099999999989 0.00000000099999999989 0.00000000099999999989 
0.21054211583564200194 0.00000000099999999995 0.00000000099999999995 0.00000000099999999995 0.01114827639984857996 0.00000000099999999995 0.07428635010254339144 0.00000000099999999995 0.00000000099999999995 0.12484832081079801080 0.57917493085116811269 
0.00000000099999999970 0.00000000099999999970 0.00000000099999999970 0.99999999000000006077 0.00000000099999999970 0.00000000099999999970 0.00000000099999999970 0.00000000099999999970 0.00000000099999999970 0.00000000099999999970 0.00000000099999999970 
0.00000000099999999990 0.00000000099999999990 0.00000000099999999990 0.00000715148190857756 0.00000000099999999990 0.00896764533944809095 0.99063038667181591013 0.00031767553209271804 0.00007713497473478121 0.00000000099999999990 0.00000000099999999990 
0.00000000099999999985 0.00000210929626338512 0.00000000099999999985 0.00000000099999999985 0.00000000099999999985 0.00000000099999999985 0.99999788170373671292 0.00000000099999999985 0.00000000099999999985 0.00000000099999999985 0.00000000099999999985 
0.00000000099999999977 0.00000000099999999977 0.00000000099999999977 0.99999999000000017180 0.00000000099999999977 0.00000000099999999977 0.00000000099999999977 0.00000000099999999977 0.00000000099999999977 0.00000000099999999977 0.00000000099999999977 
0.00000000099999999985 0.00000000099999999985 0.00000000099999999985 0.00000000099999999985 0.00000000099999999985 0.00459028366438902699 0.99540970733561096040 0.00000000099999999985 0.00000000099999999985 0.00000000099999999985 0.00000000099999999985 
0.03139901641029428647 0.01295578689586679780 0.02187352804275520188 0.00921100601496085275 0.06606599607968310917 0.00000000100000000000 0.62945678672712968016 0.03903712314256092830 0.01714429683652076569 0.17271617746373421620 0.00014028138649427608 
0.00000000099999999982 0.03159949972108895555 0.00000000099999999982 0.96840049127891114633 0.00000000099999999982 0.00000000099999999982 0.00000000099999999982 0.00000000099999999982 0.00000000099999999982 0.00000000099999999982 0.00000000099999999982 
0.00000000099999999997 0.00000000099999999997 0.00000000099999999997 0.01285817647831721464 0.00000000099999999997 0.00000000099999999997 0.98714181129213063315 0.00000000422955212526 0.00000000099999999997 0.00000000099999999997 0.00000000099999999997 
0.00023063694015142564 0.00000000099999999991 0.85290863672130057260 0.00000000099999999991 0.00442273033456117536 0.00000000099999999991 0.00000000099999999991 0.00000000099999999991 0.00000000099999999991 0.00000019210239331828 0.14243779790159377674 
0.00000000099999999938 0.00000000099999999938 0.00000000099999999938 0.00000000099999999938 0.99999999000000006077 0.00000000099999999938 0.00000000099999999938 0.00000000099999999938 0.00000000099999999938 0.00000000099999999938 0.00000000099999999938 
0.00000000099999999974 0.00000000099999999974 0.00000000099999999974 0.00000000099999999974 0.00000000099999999974 0.00000000099999999974 0.00000000099999999974 0.00000000099999999974 0.00000000099999999974 0.99999998999999994975 0.00000000099999999974 
0.00001582695194328997 0.00000000099999999988 0.00000000099999999988 0.00000000099999999988 0.00000000099999999988 0.00000000099999999988 0.00000000099999999988 0.00000000099999999988 0.00000000099999999988 0.63621088482186050062 0.36377328022619614956 
0.99999999000000028282 0.00000000099999999973 0.00000000099999999973 0.00000000099999999973 0.00000000099999999973 0.00000000099999999973 0.00000000099999999973 0.00000000099999999973 0.00000000099999999973 0.00000000099999999973 0.00000000099999999973 
0.00000000099999999987 0.00000000099999999987 0.00000000099999999987 0.00000000099999999987 0.00000000099999999987 0.00000000099999999987 0.00000000099999999987 0.00000000099999999987 0.00000000099999999987 0.00000000099999999987 0.99999999000000006077 
0.00000000099999999987 0.00000000099999999987 0.00000000099999999987 0.00000000099999999987 0.00000000099999999987 0.00000000099999999987 0.00000000099999999987 0.00000000099999999987 0.00000000099999999987 0.00000000099999999987 0.99999998999999994975 
0.15933593178882959895 0.01876250154444381035 0.15940866926368080225 0.00000000099999999999 0.00193965480416840707 0.00180538513205038263 0.08153440314083533480 0.00000000099999999999 0.00000000099999999999 0.17455075824551974373 0.40266269308047181186 
0.00000000099999999986 0.00000000099999999986 0.00000000099999999986 0.00000000099999999986 0.00000000099999999986 0.00000000099999999986 0.00000000099999999986 0.00000000099999999986 0.00000000099999999986 0.31653336720377761582 0.68346662379622236116 
0.00000000099999999971 0.00000000099999999971 0.00000000099999999971 0.99999999000000006077 0.00000000099999999971 0.00000000099999999971 0.00000000099999999971 0.00000000099999999971 0.00000000099999999971 0.00000000099999999971 0.00000000099999999971 
0.00000000099999999984 0.00000000099999999984 0.00000000099999999984 0.00000000099999999984 0.00000000099999999984 0.00000000099999999984 0.00000000099999999984 0.00000000099999999984 0.00000000099999999984 0.99999999000000006077 0.00000000099999999984 
0.00000000099999999940 0.00000000099999999940 0.00000000099999999940 0.00000000099999999940 0.99999999000000006077 0.00000000099999999940 0.00000000099999999940 0.00000000099999999940 0.00000000099999999940 0.00000000099999999940 0.00000000099999999940 
0.00000000099999999983 0.00000000099999999983 0.00000000099999999983 0.00000000099999999983 0.00000000099999999983 0.00000000099999999983 0.00000000099999999983 0.00000000099999999983 0.00000000099999999983 0.00000000099999999983 0.99999998999999994975 
0.00000000099999999982 0.00000000099999999982 0.99999999000000017180 0.00000000099999999982 0.00000000099999999982 0.00000000099999999982 0.00000000099999999982 0.00000000099999999982 0.00000000099999999982 0.00000000099999999982 0.00000000099999999982 
