0.00000000099999999998 0.00000000099999999998 0.31543784216519932251 0.00000000099999999998 0.00002786801634046789 0.41081307609757017341 0.10148790874648037919 0.00000000099999999998 0.15016560779239029877 0.00000000099999999998 0.02206769218201942717 
0.00000000099999999995 0.00000000099999999995 0.00000000099999999995 0.00790865039180328050 0.41486048005706605002 0.00000000099999999995 0.56425797032211399973 0.00000000099999999995 0.00000000099999999995 0.01297289222901655374 0.00000000099999999995 
0.02292595824460518308 0.00000000099999999997 0.00000000099999999997 0.00245556480022654988 0.38018961416172813994 0.00000000099999999997 0.45514977220049740447 0.00000000099999999997 0.13927908459294266463 0.00000000099999999997 0.00000000099999999997 
0.00000000099999999993 0.00000000099999999993 0.00000000099999999993 0.00000000099999999993 0.89000099824281675431 0.00000000099999999993 0.00000000099999999993 0.00000000099999999993 0.10999899275718340308 0.00000000099999999993 0.00000000099999999993 
0.00000000099999999993 0.00000000099999999993 0.00000000099999999993 0.00000000099999999993 0.87302856997060973576 0.12697142012511519749 0.00000000190427502234 0.00000000099999999993 0.00000000099999999993 0.00000000099999999993 0.00000000099999999993 
0.00000000099999999989 0.00000000099999999989 0.00000000099999999989 0.00000000099999999989 0.93276929928915874868 0.00000000099999999989 0.00000000099999999989 0.00000000099999999989 0.06723069171084132545 0.00000000099999999989 0.00000000099999999989 
0.00000000099999999939 0.00000000099999999939 0.00000000099999999939 0.00000000099999999939 0.00000000099999999939 0.00000000099999999939 0.00000000099999999939 0.00000000099999999939 0.00000000099999999939 0.00000000099999999939 0.99999998999999994975 
0.00000000099999999980 0.00000000099999999980 0.00000000099999999980 0.00000000099999999980 0.00000000099999999980 0.53739771450132134412 0.00000000099999999980 0.00000000099999999980 0.46260227649867885491 0.00000000099999999980 0.00000000099999999980 
0.00000000099999999985 0.00000000099999999985 0.00000000099999999985 0.00000000099999999985 0.94831795993417755675 0.05168203106582246881 0.00000000099999999985 0.00000000099999999985 0.00000000099999999985 0.00000000099999999985 0.00000000099999999985 
0.76998995947129567075 0.00000000099999999982 0.00000000099999999982 0.00000000099999999982 0.00000000099999999982 0.00000000099999999982 0.00000000099999999982 0.00000000099999999982 0.00000000099999999982 0.00000000099999999982 0.23001003152870458379 
0.99999999000000017180 0.00000000099999999986 0.00000000099999999986 0.00000000099999999986 0.00000000099999999986 0.00000000099999999986 0.00000000099999999986 0.00000000099999999986 0.00000000099999999986 0.00000000099999999986 0.00000000099999999986 
0.99999999000000028282 0.00000000099999999989 0.00000000099999999989 0.00000000099999999989 0.00000000099999999989 0.00000000099999999989 0.00000000099999999989 0.00000000099999999989 0.00000000099999999989 0.00000000099999999989 0.00000000099999999989 
0.00000000099999999972 0.00000000099999999972 0.00000000099999999972 0.99999999000000017180 0.00000000099999999972 0.00000000099999999972 0.00000000099999999972 0.00000000099999999972 0.00000000099999999972 0.00000000099999999972 0.00000000099999999972 
0.40410246456741777399 0.00000000099999999996 0.06347841205965586153 0.00000000099999999996 0.08397585603690961575 0.00000000099999999996 0.00000000099999999996 0.00000000099999999996 0.00000000099999999996 0.27176213544242366904 0.17668112589359327713 
0.00000000099999999982 0.00000000099999999982 0.00000000099999999982 0.00000000099999999982 0.00000000099999999982 0.00000000099999999982 0.00000000099999999982 0.00000000099999999982 0.00000000099999999982 0.99999998999999994975 0.00000000099999999982 
0.00000000099999999935 0.00000000099999999935 0.00000000099999999935 0.00000000099999999935 0.00000000099999999935 0.00000000099999999935 0.00000000099999999935 0.00000000099999999935 0.00000000099999999935 0.00000000099999999935 0.99999998999999994975 
0.35583026343075502274 0.00000000099999999996 0.10640341445189946401 0.00000000099999999996 0.00000000099999999996 0.03024792559233332664 0.00000000099999999996 0.00000000099999999996 0.00000000099999999996 0.38169015943950018732 0.12582823108551191571 
0.00000000099999999994 0.00000000099999999994 0.05587703590098490325 0.00000000099999999994 0.00000000099999999994 0.37053281791352526975 0.00000000099999999994 0.00000000099999999994 0.16593107791546052310 0.40765906127002921044 0.00000000099999999994 
0.00000000099999999946 0.00000000099999999946 0.76489675439119775291 0.00000000099999999946 0.00000000099999999946 0.00000000099999999946 0.00000000099999999946 0.00000000099999999946 0.00000000099999999946 0.23510323660880222407 0.00000000099999999946 
0.00000000099999999986 0.17595163457111898109 0.23247876351034252318 0.00000000099999999986 0.00000000099999999986 0.00000000099999999986 0.00000000099999999986 0.00000000099999999986 0.00000000099999999986 0.59156959391853836117 0.00000000099999999986 
0.00000000099999999915 0.00000000099999999915 0.00000000099999999915 0.00000000099999999915 0.00000000099999999915 0.00000000099999999915 0.00000000099999999915 0.00000000099999999915 0.00000000099999999915 0.99999998999999994975 0.00000000099999999915 
0.66298197722796914366 0.00000000099999999987 0.00000000099999999987 0.00000000099999999987 0.00000000099999999987 0.00000000099999999987 0.00000000099999999987 0.00000000099999999987 0.00000000099999999987 0.00000000099999999987 0.33701801377203105536 
0.00000000099999999970 0.00000000099999999970 0.99999999000000006077 0.00000000099999999970 0.00000000099999999970 0.00000000099999999970 0.00000000099999999970 0.00000000099999999970 0.00000000099999999970 0.00000000099999999970 0.00000000099999999970 
0.00000000099999999991 0.00000000099999999991 0.00000000099999999991 0.00000222701007373463 0.00000000099999999991 0.00000000099999999991 0.99999776398992634707 0.00000000099999999991 0.00000000099999999991 0.00000000099999999991 0.00000000099999999991 
0.99435687003927719640 0.00000000099999999986 0.00000000099999999986 0.00564312096072298614 0.00000000099999999986 0.00000000099999999986 0.00000000099999999986 0.00000000099999999986 0.00000000099999999986 0.00000000099999999986 0.00000000099999999986 
0.99999998959156555234 0.00000000099999999988 0.00000000099999999988 0.00000000099999999988 0.00000000099999999988 0.00000000099999999988 0.00000000099999999988 0.00000000099999999988 0.00000000099999999988 0.00000000140843462133 0.00000000099999999988 
0.00000000099999999981 0.00000000099999999981 0.00000000099999999981 0.99999999000000017180 0.00000000099999999981 0.00000000099999999981 0.00000000099999999981 0.00000000099999999981 0.00000000099999999981 0.00000000099999999981 0.00000000099999999981 
0.00000000099999999987 0.00000000099999999987 0.00000000099999999987 0.00000000099999999987 0.00000000099999999987 0.00000000099999999987 0.99999999000000006077 0.00000000099999999987 0.00000000099999999987 0.00000000099999999987 0.00000000099999999987 
0.00000000099999999991 0.00000000099999999991 0.00000000099999999991 0.00000000099999999991 0.66610270150872852302 0.08775459590355433326 0.24614269458771717569 0.00000000099999999991 0.00000000099999999991 0.00000000099999999991 0.00000000099999999991 
0.72954083954657800160 0.00000000099999999994 0.00000000099999999994 0.00000000099999999994 0.00000000099999999994 0.00000000099999999994 0.00000000099999999994 0.00000000099999999994 0.00000000099999999994 0.00000000099999999994 0.27045915145342225294 
0.63424292670361048785 0.00000000099999999997 0.00000000099999999997 0.00000000099999999997 0.00000000099999999997 0.07708714793154637646 0.00000000099999999997 0.00000000099999999997 0.00000000099999999997 0.04962690947366975303 0.23904300889117355289 
0.95420011268125903836 0.00000000099999999991 0.00000000099999999991 0.00000000099999999991 0.00000000099999999991 0.00000000099999999991 0.00000000099999999991 0.00919144731651729170 0.00000000099999999991 0.03660843200222377303 0.00000000099999999991 
0.00000000099999999994 0.00000000099999999994 0.00000000099999999994 0.06634637456656078403 0.28068958035595281686 0.00000000099999999994 0.59506566014312822777 0.00000000099999999994 0.05789837793435826524 0.00000000099999999994 0.00000000099999999994 
0.00000000099999999966 0.00000000099999999966 0.00000000099999999966 0.00000000099999999966 0.00000000099999999966 0.00000000099999999966 0.00000000099999999966 0.99999998999999994975 0.00000000099999999966 0.00000000099999999966 0.00000000099999999966 
0.00000000099999999998 0.00000000099999999998 0.00000000099999999998 0.00000000969651230629 0.83002066976534039089 0.14290103595090028477 0.00000000099999999998 0.02707827758724705089 0.00000000099999999998 0.00000000099999999998 0.00000000099999999998 
0.99999999000000028282 0.00000000099999999985 0.00000000099999999985 0.00000000099999999985 0.00000000099999999985 0.00000000099999999985 0.00000000099999999985 0.00000000099999999985 0.00000000099999999985 0.00000000099999999985 0.00000000099999999985 
0.00000000099999999976 0.00000000099999999976 0.99999999000000006077 0.00000000099999999976 0.00000000099999999976 0.00000000099999999976 0.00000000099999999976 0.00000000099999999976 0.00000000099999999976 0.00000000099999999976 0.00000000099999999976 
0.00000000099999999944 0.00000000099999999944 0.00000000099999999944 0.00000000099999999944 0.00000000099999999944 0.00000000099999999944 0.00000000099999999944 0.99999998999999994975 0.00000000099999999944 0.00000000099999999944 0.00000000099999999944 
0.99999999000000028282 0.00000000099999999990 0.00000000099999999990 0.00000000099999999990 0.00000000099999999990 0.00000000099999999990 0.00000000099999999990 0.00000000099999999990 0.00000000099999999990 0.00000000099999999990 0.00000000099999999990 
0.99999999000000017180 0.00000000099999999983 0.00000000099999999983 0.00000000099999999983 0.00000000099999999983 0.00000000099999999983 0.00000000099999999983 0.00000000099999999983 0.00000000099999999983 0.00000000099999999983 0.00000000099999999983 
0.66041111249683515094 0.00000000099999999987 0.00000000099999999987 0.00000000099999999987 0.00000000099999999987 0.00000000099999999987 0.00000000099999999987 0.00000000099999999987 0.00000000099999999987 0.00000000099999999987 0.33958887850316510360 
0.00000000099999999986 0.00000000099999999986 0.00000000099999999986 0.00000000099999999986 0.00000000099999999986 0.70729658877887668922 0.00000000099999999986 0.00000000099999999986 0.29270340222112350981 0.00000000099999999986 0.00000000099999999986 
0.09180774037911441920 0.00000000099999999998 0.00000000099999999998 0.00000000099999999998 0.07206643188204030215 0.52683705966232174944 0.00000000099999999998 0.00139584900930133662 0.30581198603464848640 0.00208092803257373636 0.00000000099999999998 
0.00000000099999999979 0.00000000099999999979 0.00000000099999999979 0.99999999000000017180 0.00000000099999999979 0.00000000099999999979 0.00000000099999999979 0.00000000099999999979 0.00000000099999999979 0.00000000099999999979 0.00000000099999999979 
0.00000000099999999995 0.00000000099999999995 0.00000000099999999995 0.46973134468707944400 0.33459751112641367143 0.00000000099999999995 0.14463677473125510775 0.00000000099999999995 0.03016139710873945098 0.02087296634651224919 0.00000000099999999995 
0.00000000099999999981 0.00000000099999999981 0.00000000099999999981 0.00000000099999999981 0.00000000099999999981 0.78498011137545831151 0.00000000099999999981 0.00000000099999999981 0.21501987962454183201 0.00000000099999999981 0.00000000099999999981 
0.99999992871802412253 0.00000000099999999994 0.00000000099999999994 0.00000000099999999994 0.00000000099999999994 0.00000000099999999994 0.00000000099999999994 0.00000006228197599754 0.00000000099999999994 0.00000000099999999994 0.00000000099999999994 
0.00000000099999999973 0.00000000099999999973 0.00000000099999999973 0.00000000099999999973 0.00000000099999999973 0.99999999000000017180 0.00000000099999999973 0.00000000099999999973 0.00000000099999999973 0.00000000099999999973 0.00000000099999999973 
0.00000000099999999982 0.00000000099999999982 0.00000000099999999982 0.00000000099999999982 0.00000000099999999982 0.41675780200909218198 0.00000000099999999982 0.00000000099999999982 0.58324218899090773949 0.00000000099999999982 0.00000000099999999982 
0.00000000099999999984 0.00000000099999999984 0.00000000099999999984 0.00000000099999999984 0.00000000099999999984 0.69478412474995265846 0.00000000099999999984 0.00000000099999999984 0.30521586625004742954 0.00000000099999999984 0.00000000099999999984 
0.00000000099999999996 0.00000000099999999996 0.00000000099999999996 0.00000000099999999996 0.48913227070391368523 0.12202016180946580193 0.35722242224481209893 0.01937214928159664701 0.00000000222371322363 0.01225298873649860454 0.00000000099999999996 
0.00000000099999999970 0.00000000099999999970 0.00000000099999999970 0.00000000099999999970 0.00000000099999999970 0.99999999000000017180 0.00000000099999999970 0.00000000099999999970 0.00000000099999999970 0.00000000099999999970 0.00000000099999999970 
0.00000000099999999981 0.00000000099999999981 0.00000000099999999981 0.00000000099999999981 0.00000000110914329769 0.52369731285764020701 0.00000000099999999981 0.00000000099999999981 0.47630267803321651998 0.00000000099999999981 0.00000000099999999981 
0.49319415478558464860 0.06444448998275345564 0.00000000099999999987 0.41417123921406734377 0.00000000099999999987 0.00000000099999999987 0.00000000099999999987 0.00000000099999999987 0.00000000099999999987 0.02819010901759471180 0.00000000099999999987 
0.00000000099999999998 0.02275289841606750393 0.00000000099999999998 0.00000000099999999998 0.25964875662106839949 0.16304604441798112302 0.55455229354488300153 0.00000000099999999998 0.00000000099999999998 0.00000000099999999998 0.00000000099999999998 
0.00000000099999999993 0.00000000099999999993 0.00000000099999999993 0.00000000099999999993 0.00000000099999999993 0.25190533515311064328 0.47354290982184421566 0.00000000099999999993 0.27455174702504520079 0.00000000099999999993 0.00000000099999999993 
0.00000000099999999976 0.00000000099999999976 0.00000000099999999976 0.00000000099999999976 0.00000000099999999976 0.99999999000000006077 0.00000000099999999976 0.00000000099999999976 0.00000000099999999976 0.00000000099999999976 0.00000000099999999976 
0.00000000099999999993 0.00000000099999999993 0.00000000099999999993 0.00000000099999999993 0.59550890626015007268 0.00000000099999999993 0.39975616289280790916 0.00473492284704218284 0.00000000099999999993 0.00000000099999999993 0.00000000099999999993 
0.00000000099999999987 0.00000000099999999987 0.00000000099999999987 0.00000000099999999987 0.00000000119667288792 0.59528413372202904075 0.00000000099999999987 0.00000000099999999987 0.40471585708129809156 0.00000000099999999987 0.00000000099999999987 
0.00000000099999999976 0.00000000099999999976 0.00000000099999999976 0.00000000099999999976 0.00000000099999999976 0.00000000099999999976 0.99999999000000006077 0.00000000099999999976 0.00000000099999999976 0.00000000099999999976 0.00000000099999999976 
0.00000000099999999977 0.00000000099999999977 0.00000000099999999977 0.00000000099999999977 0.00000000099999999977 0.00000000099999999977 0.99999999000000006077 0.00000000099999999977 0.00000000099999999977 0.00000000099999999977 0.00000000099999999977 
0.00000000099999999991 0.00000000099999999991 0.00000000099999999991 0.00000000099999999991 0.00000000099999999991 0.67630268958107664368 0.04516219316161810410 0.00000000099999999991 0.27853510925730529113 0.00000000099999999991 0.00000000099999999991 
0.00000000099999999983 0.00000000099999999983 0.00000000099999999983 0.00000000099999999983 0.00000000099999999983 0.55765181541573494162 0.00000000099999999983 0.00000000099999999983 0.44234817558426514639 0.00000000099999999983 0.00000000099999999983 
0.08464112446727106720 0.00000000099999999997 0.91471669594788829194 0.00000000099999999997 0.00064217158484080694 0.00000000099999999997 0.00000000099999999997 0.00000000099999999997 0.00000000099999999997 0.00000000099999999997 0.00000000099999999997 
0.00000000099999999990 0.00000000099999999990 0.00000000099999999990 0.00000000099999999990 0.38835254385526801757 0.02971933038446142664 0.58192811776027064674 0.00000000099999999990 0.00000000099999999990 0.00000000099999999990 0.00000000099999999990 
0.00000000099999999997 0.00000000099999999997 0.00056430838873936277 0.00000000099999999997 0.00925339680484657014 0.72453993793409710023 0.00000000099999999997 0.01539057833487085351 0.25025177253744618211 0.00000000099999999997 0.00000000099999999997 
0.00000000099999999978 0.00000000099999999978 0.99999999000000017180 0.00000000099999999978 0.00000000099999999978 0.00000000099999999978 0.00000000099999999978 0.00000000099999999978 0.00000000099999999978 0.00000000099999999978 0.00000000099999999978 
0.77077937464987344995 0.00000000099999999992 0.00000002390417582303 0.00000000099999999992 0.00000000099999999992 0.00000000099999999992 0.00000000099999999992 0.00364363312871613700 0.00000000099999999992 0.00000000099999999992 0.22557696131723464772 
0.00000000099999999989 0.00000000099999999989 0.00000000099999999989 0.00000000099999999989 0.99999999000000006077 0.00000000099999999989 0.00000000099999999989 0.00000000099999999989 0.00000000099999999989 0.00000000099999999989 0.00000000099999999989 
0.00000000099999999986 0.06961645173327805913 0.93038353926672223704 0.00000000099999999986 0.00000000099999999986 0.00000000099999999986 0.00000000099999999986 0.00000000099999999986 0.00000000099999999986 0.00000000099999999986 0.00000000099999999986 
0.00000000099999999983 0.00000000099999999983 0.98285202573691332617 0.01714796526308678959 0.00000000099999999983 0.00000000099999999983 0.00000000099999999983 0.00000000099999999983 0.00000000099999999983 0.00000000099999999983 0.00000000099999999983 
0.00000000099999999991 0.00000000099999999991 0.95929526178126112157 0.00000000099999999991 0.00000000099999999991 0.00000000099999999991 0.00000000099999999991 0.00000000099999999991 0.00000000099999999991 0.00000000099999999991 0.04070472921873900113 
0.00000000099999999978 0.00000000099999999978 0.00000000099999999978 0.99999999000000017180 0.00000000099999999978 0.00000000099999999978 0.00000000099999999978 0.00000000099999999978 0.00000000099999999978 0.00000000099999999978 0.00000000099999999978 
0.00000000099999999961 0.99999999000000028282 0.00000000099999999961 0.00000000099999999961 0.00000000099999999961 0.00000000099999999961 0.00000000099999999961 0.00000000099999999961 0.00000000099999999961 0.00000000099999999961 0.00000000099999999961 
0.00000000099999999995 0.88722298320192749532 0.00000000099999999995 0.00000000099999999995 0.00000000099999999995 0.11277700779807268983 0.00000000099999999995 0.00000000099999999995 0.00000000099999999995 0.00000000099999999995 0.00000000099999999995 
0.00000000099999999984 0.00000000099999999984 0.00000000099999999984 0.99999999000000006077 0.00000000099999999984 0.00000000099999999984 0.00000000099999999984 0.00000000099999999984 0.00000000099999999984 0.00000000099999999984 0.00000000099999999984 
0.99999999000000017180 0.00000000099999999983 0.00000000099999999983 0.00000000099999999983 0.00000000099999999983 0.00000000099999999983 0.00000000099999999983 0.00000000099999999983 0.00000000099999999983 0.00000000099999999983 0.00000000099999999983 
0.00000000099999999979 0.00000000099999999979 0.99999999000000006077 0.00000000099999999979 0.00000000099999999979 0.00000000099999999979 0.00000000099999999979 0.00000000099999999979 0.00000000099999999979 0.00000000099999999979 0.00000000099999999979 
0.00000000099999999942 0.99999999000000028282 0.00000000099999999942 0.00000000099999999942 0.00000000099999999942 0.00000000099999999942 0.00000000099999999942 0.00000000099999999942 0.00000000099999999942 0.00000000099999999942 0.00000000099999999942 
0.00000000099999999948 0.99999999000000017180 0.00000000099999999948 0.00000000099999999948 0.00000000099999999948 0.00000000099999999948 0.00000000099999999948 0.00000000099999999948 0.00000000099999999948 0.00000000099999999948 0.00000000099999999948 
0.01119904301801628692 0.01844443442917397327 0.84252295977644786618 0.03744804316485830092 0.00000000099999999998 0.00000000099999999998 0.00000540019256216999 0.03399038882832902675 0.00000000099999999998 0.00000000099999999998 0.05638972659061240733 
0.16111002689151876499 0.10373390306197388666 0.01802171917665228509 0.43925323666227938935 0.19043291421379970885 0.00000005160728235704 0.00517500601383485623 0.00304415907838670062 0.00000000100000000000 0.07686829060936538338 0.00236069168490669803 
0.65790389617096800556 0.04157897262120498205 0.04712379544316951108 0.00000000099999999998 0.00000000099999999998 0.00000000099999999998 0.14289568795056623030 0.00000000099999999998 0.00000000099999999998 0.00000000099999999998 0.11049764181409151009 
0.00000000099999999983 0.00000000099999999983 0.00000000099999999983 0.99999999000000017180 0.00000000099999999983 0.00000000099999999983 0.00000000099999999983 0.00000000099999999983 0.00000000099999999983 0.00000000099999999983 0.00000000099999999983 
0.00000000099999999990 0.09647497594306224389 0.90352501505693805228 0.00000000099999999990 0.00000000099999999990 0.00000000099999999990 0.00000000099999999990 0.00000000099999999990 0.00000000099999999990 0.00000000099999999990 0.00000000099999999990 
0.69061950099969360295 0.00000000099999999981 0.00000000099999999981 0.00000000099999999981 0.00000000099999999981 0.00000000099999999981 0.00000000099999999981 0.00000000099999999981 0.00000000099999999981 0.00000000099999999981 0.30938049000030659608 
0.76961577795813018721 0.04468857620410073700 0.01565260807711578439 0.00008352550532328622 0.00000000099999999995 0.00000000099999999995 0.00000000099999999995 0.00000000099999999995 0.00000000099999999995 0.00000000099999999995 0.16995950625533015610 
0.00000000099999999977 0.00000000099999999977 0.00000000099999999977 0.99999999000000017180 0.00000000099999999977 0.00000000099999999977 0.00000000099999999977 0.00000000099999999977 0.00000000099999999977 0.00000000099999999977 0.00000000099999999977 
0.98915484560557531690 0.00000000099999999988 0.00000000099999999988 0.01084514539442493590 0.00000000099999999988 0.00000000099999999988 0.00000000099999999988 0.00000000099999999988 0.00000000099999999988 0.00000000099999999988 0.00000000099999999988 
0.00000000099999999948 0.99999999000000017180 0.00000000099999999948 0.00000000099999999948 0.00000000099999999948 0.00000000099999999948 0.00000000099999999948 0.00000000099999999948 0.00000000099999999948 0.00000000099999999948 0.00000000099999999948 
0.00000000099999999991 0.00000000099999999991 0.00000000099999999991 0.99999999000000006077 0.00000000099999999991 0.00000000099999999991 0.00000000099999999991 0.00000000099999999991 0.00000000099999999991 0.00000000099999999991 0.00000000099999999991 
0.05993042675615600778 0.00000000099999999988 0.93143643437748280256 0.00000000099999999988 0.00000000099999999988 0.00000000099999999988 0.00000000099999999988 0.00000000099999999988 0.00000000099999999988 0.00000000099999999988 0.00863313086636128928 
0.00000000099999999989 0.00000000099999999989 0.00000000099999999989 0.94572889125159176338 0.00000000099999999989 0.00000000099999999989 0.00000000099999999989 0.00000000099999999989 0.00000000099999999989 0.00000000099999999989 0.05427109974840836626 
0.77425047772595423368 0.02983049525331816013 0.03223435917016952840 0.00000049637631681303 0.00000000099999999991 0.00000000099999999991 0.00000000099999999991 0.00000000099999999991 0.00000000099999999991 0.00000000099999999991 0.16368416547424141649 
0.00000000099999999976 0.00000000099999999976 0.00000000099999999976 0.00000000099999999976 0.00000000099999999976 0.99999999000000006077 0.00000000099999999976 0.00000000099999999976 0.00000000099999999976 0.00000000099999999976 0.00000000099999999976 
0.00000000099999999969 0.00000000099999999969 0.00000000099999999969 0.00000000099999999969 0.00000000099999999969 0.77731475117149340104 0.00000000099999999969 0.00000000099999999969 0.22268523982850668697 0.00000000099999999969 0.00000000099999999969 
0.00000000099999999990 0.00000000099999999990 0.00000000099999999990 0.00000000099999999990 0.96597006441042088110 0.01517350528733138124 0.00000000099999999990 0.01885642230224783208 0.00000000099999999990 0.00000000099999999990 0.00000000099999999990 
0.00000000099999999979 0.00000000099999999979 0.00000000099999999979 0.00000000099999999979 0.00000000099999999979 0.00000000099999999979 0.99999998999999994975 0.00000000099999999979 0.00000000099999999979 0.00000000099999999979 0.00000000099999999979 
0.00000000099999999999 0.00000000099999999999 0.88712697385964978114 0.00000000099999999999 0.02431811293950968816 0.00641146463332202630 0.00000000099999999999 0.04680493205765925979 0.00379823124285827256 0.03154028026700086973 0.00000000099999999999 
0.00000000099999999993 0.00000000099999999993 0.00000000099999999993 0.08982531362004801678 0.42776014655083888227 0.00000000099999999993 0.41854023389698891133 0.00000000099999999993 0.06387429893212441534 0.00000000099999999993 0.00000000099999999993 
0.00000000099999999988 0.00000000099999999988 0.00000000099999999988 0.00000000099999999988 0.99999999000000006077 0.00000000099999999988 0.00000000099999999988 0.00000000099999999988 0.00000000099999999988 0.00000000099999999988 0.00000000099999999988 
0.01530121130545589007 0.00000000099999999996 0.85209507149522356606 0.00000000099999999996 0.00000000099999999996 0.13260061354712052162 0.00000000099999999996 0.00000309665220012485 0.00000000099999999996 0.00000000099999999996 0.00000000099999999996 
0.00000000099999999994 0.00000000099999999994 0.00000000099999999994 0.00000000099999999994 0.25967131712965424439 0.04085367089287745418 0.49541256579275355643 0.00343435508586527674 0.04514996343172061194 0.00000000099999999994 0.15547812266712901508 
0.00000000099999999965 0.00000000099999999965 0.00000000099999999965 0.00000000099999999965 0.00000000099999999965 0.99999999000000006077 0.00000000099999999965 0.00000000099999999965 0.00000000099999999965 0.00000000099999999965 0.00000000099999999965 
0.00000019997107518925 0.00772404875130416110 0.81234697570572378389 0.00000000099999999998 0.04925523925480845139 0.13067353031708842104 0.00000000099999999998 0.00000000099999999998 0.00000000099999999998 0.00000000099999999998 0.00000000099999999998 
0.87982570099325452251 0.00000000099999999983 0.04466748975449266051 0.00000000099999999983 0.00000000099999999983 0.00000000099999999983 0.00000000099999999983 0.00000000099999999983 0.00000000099999999983 0.07550680125225311956 0.00000000099999999983 
0.00000000099999999977 0.00000000099999999977 0.99999999000000017180 0.00000000099999999977 0.00000000099999999977 0.00000000099999999977 0.00000000099999999977 0.00000000099999999977 0.00000000099999999977 0.00000000099999999977 0.00000000099999999977 
0.00000000099999999982 0.00000000099999999982 0.00000000099999999982 0.84282081610745251954 0.00000000099999999982 0.00000000099999999982 0.00000000099999999982 0.00000000099999999982 0.00000000099999999982 0.15717917489254745744 0.00000000099999999982 
0.86936956476713411757 0.00000000099999999992 0.00000000099999999992 0.00171709269521887176 0.00000000099999999992 0.00000000099999999992 0.00000000099999999992 0.00000000099999999992 0.00000000099999999992 0.00000000099999999992 0.12891333453764722283 
0.00000000099999999988 0.00000000099999999988 0.00000000099999999988 0.00000000099999999988 0.99999999000000006077 0.00000000099999999988 0.00000000099999999988 0.00000000099999999988 0.00000000099999999988 0.00000000099999999988 0.00000000099999999988 
0.00000000099999999999 0.00000000099999999999 0.15605908837289006463 0.00000000099999999999 0.52243945323791007862 0.00000000240802443993 0.24523438320666210433 0.00000000099999999999 0.04970331392142533777 0.02656375385308782852 0.00000000099999999999 
0.00000000099999999994 0.00000000099999999994 0.00000000099999999994 0.00000000099999999994 0.96531298429933287686 0.00000000099999999994 0.00000000099999999994 0.00000000099999999994 0.03468700670066727360 0.00000000099999999994 0.00000000099999999994 
0.00000000099999999993 0.00000000099999999993 0.00000000099999999993 0.00000000099999999993 0.50803112980516285102 0.07824052159344428714 0.41372834060139312973 0.00000000099999999993 0.00000000099999999993 0.00000000099999999993 0.00000000099999999993 
0.00000000099999999986 0.00000000099999999986 0.00000000099999999986 0.00000000099999999986 0.00000000099999999986 0.00000000099999999986 0.99999998999999994975 0.00000000099999999986 0.00000000099999999986 0.00000000099999999986 0.00000000099999999986 
0.00000000099999999982 0.00000000099999999982 0.00000000099999999982 0.00000000099999999982 0.90830268494873744878 0.09169730605126268086 0.00000000099999999982 0.00000000099999999982 0.00000000099999999982 0.00000000099999999982 0.00000000099999999982 
0.66476988557334504293 0.03302522528499283322 0.00000000099999999989 0.00000000099999999989 0.00000000099999999989 0.00000000099999999989 0.00000000099999999989 0.00000000099999999989 0.00000000099999999989 0.00000000099999999989 0.30220488114166244031 
0.00000000099999999987 0.00000000099999999987 0.00000000099999999987 0.99999999000000017180 0.00000000099999999987 0.00000000099999999987 0.00000000099999999987 0.00000000099999999987 0.00000000099999999987 0.00000000099999999987 0.00000000099999999987 
0.99145083681809331733 0.00000000099999999988 0.00000000099999999988 0.00854915418190699619 0.00000000099999999988 0.00000000099999999988 0.00000000099999999988 0.00000000099999999988 0.00000000099999999988 0.00000000099999999988 0.00000000099999999988 
0.99999999000000028282 0.00000000099999999990 0.00000000099999999990 0.00000000099999999990 0.00000000099999999990 0.00000000099999999990 0.00000000099999999990 0.00000000099999999990 0.00000000099999999990 0.00000000099999999990 0.00000000099999999990 
0.00000000099999999974 0.00000000099999999974 0.00000000099999999974 0.99999999000000017180 0.00000000099999999974 0.00000000099999999974 0.00000000099999999974 0.00000000099999999974 0.00000000099999999974 0.00000000099999999974 0.00000000099999999974 
0.00000000099999999967 0.00000000099999999967 0.99999999000000006077 0.00000000099999999967 0.00000000099999999967 0.00000000099999999967 0.00000000099999999967 0.00000000099999999967 0.00000000099999999967 0.00000000099999999967 0.00000000099999999967 
0.00000000099999999980 0.03294840519765201980 0.96705158580234829024 0.00000000099999999980 0.00000000099999999980 0.00000000099999999980 0.00000000099999999980 0.00000000099999999980 0.00000000099999999980 0.00000000099999999980 0.00000000099999999980 
0.79334387879405421362 0.00000000099999999983 0.00000000099999999983 0.00000000099999999983 0.00000000099999999983 0.00000000099999999983 0.00000000099999999983 0.00000000099999999983 0.00000000099999999983 0.00000000099999999983 0.20665611220594604092 
0.77586679065524422061 0.00000000099999999987 0.00000000099999999987 0.00000000099999999987 0.00000000099999999987 0.00000000099999999987 0.00000000099999999987 0.00000000099999999987 0.00000000099999999987 0.00000000099999999987 0.22413320034475592291 
0.73906138238946894603 0.00000000099999999983 0.00000000099999999983 0.00000000099999999983 0.00000000099999999983 0.00000000099999999983 0.00000000099999999983 0.00000000099999999983 0.00000000099999999983 0.00000000099999999983 0.26093860861053119748 
0.00000000099999999981 0.00000000099999999981 0.99999999000000017180 0.00000000099999999981 0.00000000099999999981 0.00000000099999999981 0.00000000099999999981 0.00000000099999999981 0.00000000099999999981 0.00000000099999999981 0.00000000099999999981 
0.04384101902350569929 0.00000000099999999993 0.95615897197649446504 0.00000000099999999993 0.00000000099999999993 0.00000000099999999993 0.00000000099999999993 0.00000000099999999993 0.00000000099999999993 0.00000000099999999993 0.00000000099999999993 
0.75532373779795969337 0.00000000099999999984 0.00000000099999999984 0.00000000099999999984 0.00000000099999999984 0.00000000099999999984 0.00000000099999999984 0.00000000099999999984 0.00000000099999999984 0.00000000099999999984 0.24467625320204072770 
0.00000000099999999976 0.00000000099999999976 0.00000000099999999976 0.99999999000000006077 0.00000000099999999976 0.00000000099999999976 0.00000000099999999976 0.00000000099999999976 0.00000000099999999976 0.00000000099999999976 0.00000000099999999976 
0.75793636640686679051 0.01598128771962426670 0.02447689686438899587 0.05377457011637274548 0.00000000099999999997 0.00000000099999999997 0.00000000099999999997 0.03041367033380413740 0.00000000099999999997 0.00000000099999999997 0.11741720355894326444 
0.00000000099999999971 0.00000000099999999971 0.99999999000000017180 0.00000000099999999971 0.00000000099999999971 0.00000000099999999971 0.00000000099999999971 0.00000000099999999971 0.00000000099999999971 0.00000000099999999971 0.00000000099999999971 
0.78113304740428080031 0.00000000099999999984 0.00000000099999999984 0.00000000099999999984 0.00000000099999999984 0.00000000099999999984 0.00000000099999999984 0.00000000099999999984 0.00000000099999999984 0.00000000099999999984 0.21886694359571934321 
0.00000000099999999994 0.00000000099999999994 0.00000000099999999994 0.00000000099999999994 0.00000000099999999994 0.01511997588140920334 0.98147995558050016296 0.00340006053809053426 0.00000000099999999994 0.00000000099999999994 0.00000000099999999994 
0.01289424983239810703 0.10086157487233729513 0.78064392125133930112 0.10560024704392535766 0.00000000099999999989 0.00000000099999999989 0.00000000099999999989 0.00000000099999999989 0.00000000099999999989 0.00000000099999999989 0.00000000099999999989 
0.07790603800569544102 0.00000000099999999996 0.00000000099999999996 0.00000000099999999996 0.58218429296381646321 0.01526413443663534805 0.31448459042991278034 0.01016093816393998962 0.00000000099999999996 0.00000000099999999996 0.00000000099999999996 
0.00000000099999999972 0.00000000099999999972 0.99999999000000017180 0.00000000099999999972 0.00000000099999999972 0.00000000099999999972 0.00000000099999999972 0.00000000099999999972 0.00000000099999999972 0.00000000099999999972 0.00000000099999999972 
0.69654007947805851586 0.00000000099999999987 0.00000000099999999987 0.00000000099999999987 0.00000000099999999987 0.00000000099999999987 0.00000000099999999987 0.00000000099999999987 0.00000000099999999987 0.00000000099999999987 0.30345991152194162765 
0.78537966787022095438 0.00000000099999999983 0.00000000099999999983 0.00000000099999999983 0.00000000099999999983 0.00000000099999999983 0.00000000099999999983 0.00000000099999999983 0.00000000099999999983 0.00000000099999999983 0.21462032312977935566 
0.00000000099999999978 0.00000000099999999978 0.99999999000000017180 0.00000000099999999978 0.00000000099999999978 0.00000000099999999978 0.00000000099999999978 0.00000000099999999978 0.00000000099999999978 0.00000000099999999978 0.00000000099999999978 
0.70517779578731121237 0.00000000099999999982 0.00000000099999999982 0.00000000099999999982 0.00000000099999999982 0.00000000099999999982 0.00000000099999999982 0.00000000099999999982 0.00000000099999999982 0.00000000099999999982 0.29482219521268904217 
0.48755837145126462717 0.00000000100000000000 0.00834241150837182130 0.01493192583415636245 0.19186997098103605874 0.03347711590890570937 0.00000000100000000000 0.06388322714854417772 0.00000000100000000000 0.04116881422144384045 0.15876815994627749284 
0.00000000099999999982 0.00000000099999999982 0.99999999000000017180 0.00000000099999999982 0.00000000099999999982 0.00000000099999999982 0.00000000099999999982 0.00000000099999999982 0.00000000099999999982 0.00000000099999999982 0.00000000099999999982 
0.99999999000000017180 0.00000000099999999993 0.00000000099999999993 0.00000000099999999993 0.00000000099999999993 0.00000000099999999993 0.00000000099999999993 0.00000000099999999993 0.00000000099999999993 0.00000000099999999993 0.00000000099999999993 
0.00000000099999999992 0.00000000099999999992 0.00000000099999999992 0.00000000099999999992 0.12511111906521660275 0.49467786737932628593 0.00078001107528593693 0.00034107328465743505 0.37908992319551387817 0.00000000099999999992 0.00000000099999999992 
0.00000000099999999937 0.00000000099999999937 0.00000000099999999937 0.00000000099999999937 0.00000000099999999937 0.00000000099999999937 0.00000000099999999937 0.99999998999999994975 0.00000000099999999937 0.00000000099999999937 0.00000000099999999937 
0.00000000099999999985 0.00000000099999999985 0.00000000099999999985 0.00000000099999999985 0.40701588597475901743 0.00000000099999999985 0.59298410502524101506 0.00000000099999999985 0.00000000099999999985 0.00000000099999999985 0.00000000099999999985 
0.00000000099999999987 0.00000000099999999987 0.00000000099999999987 0.00000000099999999987 0.99999999000000017180 0.00000000099999999987 0.00000000099999999987 0.00000000099999999987 0.00000000099999999987 0.00000000099999999987 0.00000000099999999987 
0.00000000099999999993 0.00000000099999999993 0.00000000099999999993 0.00000000099999999993 0.58654291156226268100 0.00000000099999999993 0.40627389463220225929 0.00000000099999999993 0.00718318580553510729 0.00000000099999999993 0.00000000099999999993 
0.00000000099999999994 0.00000000099999999994 0.00000000099999999994 0.00000000099999999994 0.60288031900338900915 0.03450865482107286913 0.35937615241988213333 0.00000000099999999994 0.00000000099999999994 0.00323486675565612001 0.00000000099999999994 
0.00000000099999999985 0.00000000099999999985 0.00000000099999999985 0.00000000099999999985 0.00000000099999999985 0.00000000099999999985 0.99999998999999994975 0.00000000099999999985 0.00000000099999999985 0.00000000099999999985 0.00000000099999999985 
0.07753114897271214112 0.00000000143335429077 0.00602008291288141668 0.00000000099999999998 0.33273247264626315545 0.20021581665443208276 0.35851348142251515672 0.00583733025615248285 0.00000000099999999998 0.01914966270168933296 0.00000000099999999998 
0.00000000099999999988 0.00000000099999999988 0.00000000099999999988 0.00000000099999999988 0.64395576095515461024 0.00000000099999999988 0.35604423004484542226 0.00000000099999999988 0.00000000099999999988 0.00000000099999999988 0.00000000099999999988 
0.00000000099999999972 0.00000000099999999972 0.99999999000000017180 0.00000000099999999972 0.00000000099999999972 0.00000000099999999972 0.00000000099999999972 0.00000000099999999972 0.00000000099999999972 0.00000000099999999972 0.00000000099999999972 
0.00000000099999999993 0.00000000099999999993 0.00000000099999999993 0.00000000099999999993 0.29969556386108298085 0.00000000099999999993 0.64872125355661103274 0.00013938449114706794 0.05144379109115895105 0.00000000099999999993 0.00000000099999999993 
0.00000000099999999939 0.00000000099999999939 0.00000000099999999939 0.00000000099999999939 0.00000000099999999939 0.00000000099999999939 0.00000000099999999939 0.99999999000000006077 0.00000000099999999939 0.00000000099999999939 0.00000000099999999939 
0.00000000099999999979 0.00000000099999999979 0.00000000099999999979 0.00000000099999999979 0.00000000099999999979 0.00000000099999999979 0.99999999000000006077 0.00000000099999999979 0.00000000099999999979 0.00000000099999999979 0.00000000099999999979 
0.00000000099999999981 0.00000000099999999981 0.00000000099999999981 0.00000000099999999981 0.00000000099999999981 0.57205014484166094579 0.00000000099999999981 0.00000000099999999981 0.42794984615833914221 0.00000000099999999981 0.00000000099999999981 
