0.00000000099999999999 0.00000000099999999999 0.00000000100233985022 0.49334517743840444748 0.09980622808851749572 0.32494188452508282472 0.08008584964854575938 0.00182085729710958254 
0.02561393996596315198 0.00000000099999999997 0.00000000099999999997 0.00000000099999999997 0.90879613471227682631 0.00000000099999999997 0.06558992032175987863 0.00000000099999999997 
0.00000000099999999998 0.00000000099999999998 0.02606716320589455224 0.21218427675448989222 0.76174855503961569347 0.00000000099999999998 0.00000000099999999998 0.00000000099999999998 
0.00520233997436110509 0.00000000099999999997 0.00000000099999999997 0.14717998340357846265 0.84761767162206047566 0.00000000099999999997 0.00000000099999999997 0.00000000099999999997 
0.00000000099999999996 0.00000000099999999996 0.00000000099999999996 0.03485327953212322832 0.83407681129679267507 0.00000000099999999996 0.13106990417108399516 0.00000000099999999996 
0.00000000099999999995 0.00000000099999999995 0.00000000099999999995 0.03710881165456765551 0.96288986238125373607 0.00000000099999999995 0.00000132096417864159 0.00000000099999999995 
0.00000000099999999982 0.99999999300000019797 0.00000000099999999982 0.00000000099999999982 0.00000000099999999982 0.00000000099999999982 0.00000000099999999982 0.00000000099999999982 
0.00000000099999999981 0.00000000099999999981 0.00000000099999999981 0.00000000099999999981 0.00000000099999999981 0.00000000099999999981 0.99999999299999997593 0.00000000099999999981 
0.00000000099999999992 0.00000000099999999992 0.00000000099999999992 0.00000000099999999992 0.85120435927143378585 0.00000000099999999992 0.13470278015003811500 0.01409285557852817117 
0.00000000099999999988 0.50646152618931039591 0.49353846781068977378 0.00000000099999999988 0.00000000099999999988 0.00000000099999999988 0.00000000099999999988 0.00000000099999999988 
0.00000000099999999992 0.45162723455665437777 0.54837275944334573641 0.00000000099999999992 0.00000000099999999992 0.00000000099999999992 0.00000000099999999992 0.00000000099999999992 
0.00000000099999999985 0.00000000099999999985 0.99999999299999997593 0.00000000099999999985 0.00000000099999999985 0.00000000099999999985 0.00000000099999999985 0.00000000099999999985 
0.99999999300000019797 0.00000000099999999985 0.00000000099999999985 0.00000000099999999985 0.00000000099999999985 0.00000000099999999985 0.00000000099999999985 0.00000000099999999985 
0.14904195320292520921 0.20245614779355686208 0.35180681829909660197 0.02202517129242302987 0.10460797992155128344 0.17006192749044707346 0.00000000099999999999 0.00000000099999999999 
0.42097912956293537246 0.00000000099999999998 0.00000000099999999998 0.00000000099999999998 0.00000000099999999998 0.40980377402733353387 0.16921709140973092977 0.00000000099999999998 
0.00000000099999999979 0.00000000099999999979 0.99999999300000008695 0.00000000099999999979 0.00000000099999999979 0.00000000099999999979 0.00000000099999999979 0.00000000099999999979 
0.20081576738930359549 0.28375276689375816819 0.16684387666076883061 0.00000000099999999998 0.00000000099999999998 0.23974934880112638846 0.10883823725504290780 0.00000000099999999998 
0.19033512991025369754 0.00000000099999999999 0.00000000099999999999 0.27372268178219244517 0.03008086010737191091 0.23873471586326019955 0.26712660933692167209 0.00000000099999999999 
0.00000000099999999968 0.00000000099999999968 0.00000000099999999968 0.00000000099999999968 0.00000000099999999968 0.99999999299999997593 0.00000000099999999968 0.00000000099999999968 
0.49229559999304250972 0.00000000099999999997 0.02040363467703917508 0.00000000099999999997 0.00000000099999999997 0.48730076032991842538 0.00000000099999999997 0.00000000099999999997 
0.99999999300000008695 0.00000000099999999972 0.00000000099999999972 0.00000000099999999972 0.00000000099999999972 0.00000000099999999972 0.00000000099999999972 0.00000000099999999972 
0.00000000099999999988 0.00000000099999999988 0.99999999299999997593 0.00000000099999999988 0.00000000099999999988 0.00000000099999999988 0.00000000099999999988 0.00000000099999999988 
0.00000000099999999978 0.00000000099999999978 0.00000000099999999978 0.00000000099999999978 0.00000000099999999978 0.99999999299999997593 0.00000000099999999978 0.00000000099999999978 
0.04730887012911851736 0.00000000099999999997 0.00000000099999999997 0.16344321928740757066 0.78854380029510440231 0.00000000099999999997 0.00070410628836946624 0.00000000099999999997 
0.00000000099999999987 0.99999999300000019797 0.00000000099999999987 0.00000000099999999987 0.00000000099999999987 0.00000000099999999987 0.00000000099999999987 0.00000000099999999987 
0.00000000099999999992 0.70238354630403398993 0.29761644769596612425 0.00000000099999999992 0.00000000099999999992 0.00000000099999999992 0.00000000099999999992 0.00000000099999999992 
0.99999999300000019797 0.00000000099999999992 0.00000000099999999992 0.00000000099999999992 0.00000000099999999992 0.00000000099999999992 0.00000000099999999992 0.00000000099999999992 
0.03038703258519215994 0.00000000099999999998 0.00000000099999999998 0.00000000099999999998 0.84902635215419952619 0.00286021132878876974 0.11463104719400060705 0.00309535373781886494 
0.00000000099999999994 0.00000000099999999994 0.00000000099999999994 0.00000002176690568001 0.87470405457302957686 0.00000000099999999994 0.12529591866006467571 0.00000000099999999994 
0.00000000099999999990 0.00000000099999999990 0.99999999299999997593 0.00000000099999999990 0.00000000099999999990 0.00000000099999999990 0.00000000099999999990 0.00000000099999999990 
0.00000000099999999997 0.00000000099999999997 0.92793025327839961935 0.00000000099999999997 0.00000000099999999997 0.00000000099999999997 0.07206974072160030054 0.00000000099999999997 
0.00000000099999999993 0.99999988695864261423 0.00000000099999999993 0.00000000099999999993 0.00000000099999999993 0.00000010704135758949 0.00000000099999999993 0.00000000099999999993 
0.05939442247302811895 0.00000000099999999998 0.01492689948788025051 0.00892115089889750079 0.83760226787790370562 0.00000000099999999998 0.07915525626229050205 0.00000000099999999998 
0.00000000099999999976 0.00000000099999999976 0.00000000099999999976 0.00000000099999999976 0.00000000099999999976 0.00000000099999999976 0.00000000099999999976 0.99999999299999997593 
0.00650377832562447095 0.00000000099999999999 0.00000000099999999999 0.00311415055063568201 0.79004259420747002807 0.00000000099999999999 0.15634364323078009384 0.04399583068548972020 
0.00000000099999999984 0.99999999300000008695 0.00000000099999999984 0.00000000099999999984 0.00000000099999999984 0.00000000099999999984 0.00000000099999999984 0.00000000099999999984 
0.00000000099999999984 0.00000000099999999984 0.00000000099999999984 0.00000000099999999984 0.00000000099999999984 0.99999999300000008695 0.00000000099999999984 0.00000000099999999984 
0.00000000099999999962 0.00000000099999999962 0.00000000099999999962 0.00000000099999999962 0.00000000099999999962 0.00000000099999999962 0.00000000099999999962 0.99999999300000008695 
0.00000000099999999994 0.41693856182322325266 0.58306143217677686152 0.00000000099999999994 0.00000000099999999994 0.00000000099999999994 0.00000000099999999994 0.00000000099999999994 
0.00000000099999999991 0.56961735893117515506 0.42350698941956721466 0.00000000099999999991 0.00000000099999999991 0.00687564664925767888 0.00000000099999999991 0.00000000099999999991 
0.02059905000936785441 0.34379203678884373563 0.63560890820178850280 0.00000000099999999992 0.00000000099999999992 0.00000000099999999992 0.00000000099999999992 0.00000000099999999992 
0.00000000099999999988 0.00000000099999999988 0.00000000099999999988 0.48795286220704020552 0.00000000099999999988 0.00000000099999999988 0.51204713179295968661 0.00000000099999999988 
0.00025720565784850087 0.00307233529139799497 0.07982506816755770285 0.48250971081007620889 0.05917191922671046628 0.00000000100000000000 0.37162965730800334718 0.00353410253840574654 
0.99999999300000008695 0.00000000099999999990 0.00000000099999999990 0.00000000099999999990 0.00000000099999999990 0.00000000099999999990 0.00000000099999999990 0.00000000099999999990 
0.48392484754700115790 0.00000000099999999997 0.00000000099999999997 0.05305963931640368669 0.46301550813659514416 0.00000000099999999997 0.00000000099999999997 0.00000000099999999997 
0.00000000099999999988 0.00000000099999999988 0.00000000099999999988 0.31849175948877650466 0.00000000099999999988 0.00000000099999999988 0.68150823451122333196 0.00000000099999999988 
0.00000000099999999992 0.99999999300000019797 0.00000000099999999992 0.00000000099999999992 0.00000000099999999992 0.00000000099999999992 0.00000000099999999992 0.00000000099999999992 
0.00000000099999999974 0.00000000099999999974 0.00000000099999999974 0.99999999300000008695 0.00000000099999999974 0.00000000099999999974 0.00000000099999999974 0.00000000099999999974 
0.00000000099999999983 0.00000000099999999983 0.00000000099999999983 0.00000000099999999983 0.00000000099999999983 0.00000000099999999983 0.99999999299999997593 0.00000000099999999983 
0.00000000099999999982 0.00000000099999999982 0.00000000099999999982 0.00000000099999999982 0.00000000099999999982 0.00000000099999999982 0.99999999299999986491 0.00000000099999999982 
0.00000000099999999997 0.00000000099999999997 0.00000000099999999997 0.00000000099999999997 0.79975667091704449874 0.00000000099999999997 0.17744021164074413877 0.02280311244221143105 
0.00000000099999999983 0.00000000099999999983 0.00000000099999999983 0.35518967181704541591 0.00000000099999999983 0.00000000099999999983 0.64481032218295453173 0.00000000099999999983 
0.00000000099999999987 0.00000000099999999987 0.00000000099999999987 0.52353154264957557640 0.00000000099999999987 0.00000000099999999987 0.47646845135042448227 0.00000000099999999987 
0.47752401498853225270 0.36935364800284875564 0.15180503563746322593 0.00000000099999999992 0.00000000099999999992 0.00131726224729904521 0.00000000099999999992 0.00000003612385680551 
0.01607255472743587474 0.00000000099999999999 0.00023318482901930158 0.00000000099999999999 0.73752692725545510033 0.01294885575653152709 0.23321847443155815927 0.00000000099999999999 
0.00000000099999999997 0.00000000099999999997 0.00000000099999999997 0.43600390749653594735 0.37107185949397875069 0.00000000099999999997 0.19129992517766594706 0.00162430383181936980 
0.00000000099999999985 0.00000000099999999985 0.00000000099999999985 0.00000000099999999985 0.00000000099999999985 0.00000000099999999985 0.99999999299999986491 0.00000000099999999985 
0.00000000099999999995 0.00000000099999999995 0.00000000099999999995 0.05888828291586723634 0.93503391296147975176 0.00000000099999999995 0.00000000099999999995 0.00607779912265310820 
0.00000000099999999977 0.00000000099999999977 0.00000000099999999977 0.99999999300000008695 0.00000000099999999977 0.00000000099999999977 0.00000000099999999977 0.00000000099999999977 
0.00000000099999999992 0.00000000099999999992 0.00000000099999999992 0.06155145522734604274 0.93844853877265388409 0.00000000099999999992 0.00000000099999999992 0.00000000099999999992 
0.00000000099999999993 0.00000000099999999993 0.00000000099999999993 0.09656160831006542489 0.90343836283848721891 0.00000000099999999993 0.00000002385144734758 0.00000000099999999993 
0.00000000099999999993 0.00000000099999999993 0.00000000099999999993 0.41306200429128048235 0.02329612382046827856 0.00000000099999999993 0.56364186688825113070 0.00000000099999999993 
0.00000000099999999976 0.00000000099999999976 0.00000000099999999976 0.99999999299999997593 0.00000000099999999976 0.00000000099999999976 0.00000000099999999976 0.00000000099999999976 
0.00000000099999999997 0.08453585703233715276 0.00000000099999999997 0.00358019303671263268 0.00000000099999999997 0.91188394493095015214 0.00000000099999999997 0.00000000099999999997 
0.00000000099999999992 0.00000000099999999992 0.00000000099999999992 0.13495393570671271322 0.86504605829328728994 0.00000000099999999992 0.00000000099999999992 0.00000000099999999992 
0.00000000099999999986 0.00000000099999999986 0.00000000099999999986 0.99999999299999997593 0.00000000099999999986 0.00000000099999999986 0.00000000099999999986 0.00000000099999999986 
0.00000000099999999985 0.00000000099999999985 0.00000000099999999985 0.00000000099999999985 0.00000000099999999985 0.99999999300000008695 0.00000000099999999985 0.00000000099999999985 
0.00000000099999999995 0.46178628356433742974 0.53482534642693380089 0.00000000099999999995 0.00000000099999999995 0.00000000099999999995 0.00000000099999999995 0.00338836500872878935 
0.00000000099999999995 0.00000000099999999995 0.00000000099999999995 0.06794295749175094379 0.93205703650824911488 0.00000000099999999995 0.00000000099999999995 0.00000000099999999995 
0.00000000099999999991 0.00000000099999999991 0.00010273517773305937 0.00000000099999999991 0.00000000099999999991 0.99989725882226687670 0.00000000099999999991 0.00000000099999999991 
0.00265578656085581908 0.00000002708812529401 0.00000000099999999989 0.00000000099999999989 0.00000000099999999989 0.99734418135101887692 0.00000000099999999989 0.00000000099999999989 
0.00000000099999999994 0.00000000099999999994 0.04570361466172583736 0.00000000099999999994 0.00000000099999999994 0.95429637933827415885 0.00000000099999999994 0.00000000099999999994 
0.99999999300000008695 0.00000000099999999988 0.00000000099999999988 0.00000000099999999988 0.00000000099999999988 0.00000000099999999988 0.00000000099999999988 0.00000000099999999988 
0.62001807878916881389 0.00000000099999999993 0.00000000099999999993 0.00000000099999999993 0.00000000099999999993 0.37691722985805087287 0.00000000099999999993 0.00306468635278035100 
0.51603204686420367509 0.04022182012184587208 0.00000000099999999999 0.15782316963897263795 0.00000000099999999999 0.26951905310598728294 0.00000000099999999999 0.01640390726899044679 
0.99999999300000008695 0.00000000099999999991 0.00000000099999999991 0.00000000099999999991 0.00000000099999999991 0.00000000099999999991 0.00000000099999999991 0.00000000099999999991 
0.00000000099999999983 0.00000000099999999983 0.99999999299999997593 0.00000000099999999983 0.00000000099999999983 0.00000000099999999983 0.00000000099999999983 0.00000000099999999983 
0.00000000099999999983 0.00000000099999999983 0.00000000099999999983 0.00000000099999999983 0.00000000099999999983 0.99999999300000008695 0.00000000099999999983 0.00000000099999999983 
0.64193390618305612438 0.00000000099999999989 0.00000000099999999989 0.00000000099999999989 0.00000000099999999989 0.34053538662731241971 0.00000000099999999989 0.01753070218963158344 
0.60290909273137205382 0.00000000099999999991 0.00000000099999999991 0.00000000099999999991 0.00000000099999999991 0.37361156463079875367 0.00000000099999999991 0.02347933763782924371 
0.02988335092659638592 0.00000000099999999998 0.08444112617180811464 0.00000000099999999998 0.00000000099999999998 0.84970896892942260337 0.00000000099999999998 0.03596654997217281491 
0.55306662597223743560 0.00453839859900782589 0.15786766914549735241 0.00000000100000000000 0.18950733477761055878 0.07280466712575350829 0.01524027536504881167 0.00697502801484457466 
0.00000000100000000000 0.20939116717690889335 0.58672841616557780409 0.01372276788880595795 0.11965068834083184002 0.07015554045246781556 0.00000000100000000000 0.00035141797540778078 
0.99999999300000019797 0.00000000099999999990 0.00000000099999999990 0.00000000099999999990 0.00000000099999999990 0.00000000099999999990 0.00000000099999999990 0.00000000099999999990 
0.00000000099999999996 0.00878502708423263903 0.00000000099999999996 0.00000000099999999996 0.00000000099999999996 0.98152443508051490095 0.00000000099999999996 0.00969053283525261530 
0.00000000099999999988 0.34694465632220344853 0.65305533767779644361 0.00000000099999999988 0.00000000099999999988 0.00000000099999999988 0.00000000099999999988 0.00000000099999999988 
0.00000000099999999995 0.00000000099999999995 0.99775006651827857773 0.00000000099999999995 0.00000000099999999995 0.00224992748172133696 0.00000000099999999995 0.00000000099999999995 
0.99999999300000019797 0.00000000099999999988 0.00000000099999999988 0.00000000099999999988 0.00000000099999999988 0.00000000099999999988 0.00000000099999999988 0.00000000099999999988 
0.00000001007017352385 0.74462571503625851754 0.25537316779151764123 0.00000000099999999992 0.00000000099999999992 0.00000110310205042684 0.00000000099999999992 0.00000000099999999992 
0.62258908397067524998 0.00000000099999999992 0.00000000099999999992 0.00000000099999999992 0.00000000099999999992 0.36763170039279063905 0.00000000099999999992 0.00977921063653416564 
0.95450341961700679860 0.00000000099999999997 0.00000000099999999997 0.04549657438299321149 0.00000000099999999997 0.00000000099999999997 0.00000000099999999997 0.00000000099999999997 
0.00000000099999999991 0.00000000122007219398 0.07109580577147320279 0.00000000099999999991 0.00000000099999999991 0.92890418800845464542 0.00000000099999999991 0.00000000099999999991 
0.94282434567144068893 0.05717564832855934892 0.00000000099999999996 0.00000000099999999996 0.00000000099999999996 0.00000000099999999996 0.00000000099999999996 0.00000000099999999996 
0.01661210137269974324 0.48014053805523221330 0.45775377642539027967 0.00000000099999999994 0.00000000099999999994 0.04549358014667779365 0.00000000099999999994 0.00000000099999999994 
0.00000000099999999983 0.00000000099999999983 0.00000000099999999983 0.00000000099999999983 0.00000000099999999983 0.00000000099999999983 0.99999999299999997593 0.00000000099999999983 
0.00000000099999999977 0.00000000099999999977 0.00000000099999999977 0.39575117930535391730 0.00000000099999999977 0.00000000099999999977 0.60424881469464586381 0.00000000099999999977 
0.00000000099999999994 0.00000000099999999994 0.00000000099999999994 0.00000000099999999994 0.89627879698956769428 0.00000000099999999994 0.07350930368124278247 0.03021189432918950160 
0.00000000099999999993 0.00000000099999999993 0.00000000099999999993 0.00279233679917501813 0.90231125517492793975 0.00000000099999999993 0.09489640302589698317 0.00000000099999999993 
0.00241333363817980819 0.00000000099999999999 0.00376150819629434601 0.04501075818869456485 0.00000000099999999999 0.90470474526860966691 0.00000000099999999999 0.04410965170822175180 
0.08030452490712919333 0.00000000099999999995 0.00000000099999999995 0.14704868465983467196 0.77264678543303622060 0.00000000099999999995 0.00000000099999999995 0.00000000099999999995 
0.00000000099999999995 0.00000000099999999995 0.00000000099999999995 0.00000000099999999995 0.93015058285299645480 0.00000000099999999995 0.06984941114700358999 0.00000000099999999995 
0.00000000099999999998 0.00000000099999999998 0.03374584678152418860 0.00000000099999999998 0.00000000099999999998 0.84313252499679458563 0.12311977429726272959 0.00000184992441849521 
0.00719398445904678024 0.00000000099999999998 0.12273954923978772080 0.11267997667834271647 0.69786824008113523821 0.00000000099999999998 0.04081019729207846503 0.01870805024960919133 
0.00000000099999999977 0.00000000099999999977 0.00000000099999999977 0.00000000099999999977 0.00000000099999999977 0.00000000099999999977 0.99999999299999997593 0.00000000099999999977 
0.00000000099999999999 0.00000056793162522473 0.00000000099999999999 0.00000000099999999999 0.03536245773748896565 0.82415458575302602551 0.14048238457785985900 0.00000000099999999999 
0.00489879645473370682 0.33053843334154803246 0.57964641569381880615 0.00000000099999999989 0.00000000099999999989 0.08491635050989951305 0.00000000099999999989 0.00000000099999999989 
0.00000000099999999984 0.00000000099999999984 0.00000000099999999984 0.00000000099999999984 0.00000000099999999984 0.99999999299999997593 0.00000000099999999984 0.00000000099999999984 
0.99999999300000008695 0.00000000099999999986 0.00000000099999999986 0.00000000099999999986 0.00000000099999999986 0.00000000099999999986 0.00000000099999999986 0.00000000099999999986 
0.00000000099999999994 0.66752919753446160467 0.33247079646553839849 0.00000000099999999994 0.00000000099999999994 0.00000000099999999994 0.00000000099999999994 0.00000000099999999994 
0.00000000099999999995 0.00000000099999999995 0.00000000099999999995 0.07273756357356153668 0.92726243042643841097 0.00000000099999999995 0.00000000099999999995 0.00000000099999999995 
0.00972115548670699110 0.00000000100000000000 0.00000000100000000000 0.03331303929214703835 0.71588411895061387913 0.17051365226527093188 0.07056803100526112815 0.00000000100000000000 
0.00000000099999999997 0.00000000099999999997 0.00000000099999999997 0.04568781086399401059 0.91776110226069929077 0.00000000099999999997 0.03655108187530663882 0.00000000099999999997 
0.00000000099999999995 0.00000000099999999995 0.00000000099999999995 0.00000000099999999995 0.86552808464844177561 0.00000000099999999995 0.13447190935155825531 0.00000000099999999995 
0.00000000099999999997 0.00000000099999999997 0.01282003219686689288 0.13488885426037849902 0.85229110854275458298 0.00000000099999999997 0.00000000099999999997 0.00000000099999999997 
0.00000000099999999989 0.00000000099999999989 0.00000000099999999989 0.00000000099999999989 0.84984590632309187086 0.00000000099999999989 0.15015408767690807679 0.00000000099999999989 
0.00000000099999999989 0.99999999300000019797 0.00000000099999999989 0.00000000099999999989 0.00000000099999999989 0.00000000099999999989 0.00000000099999999989 0.00000000099999999989 
0.99999999300000019797 0.00000000099999999994 0.00000000099999999994 0.00000000099999999994 0.00000000099999999994 0.00000000099999999994 0.00000000099999999994 0.00000000099999999994 
0.00000000099999999987 0.99999999300000019797 0.00000000099999999987 0.00000000099999999987 0.00000000099999999987 0.00000000099999999987 0.00000000099999999987 0.00000000099999999987 
0.00000000099999999995 0.66920158297016363314 0.33079841102983637002 0.00000000099999999995 0.00000000099999999995 0.00000000099999999995 0.00000000099999999995 0.00000000099999999995 
0.99999999300000019797 0.00000000099999999985 0.00000000099999999985 0.00000000099999999985 0.00000000099999999985 0.00000000099999999985 0.00000000099999999985 0.00000000099999999985 
0.00000000099999999977 0.00000000099999999977 0.00000000099999999977 0.00000000099999999977 0.00000000099999999977 0.99999999300000008695 0.00000000099999999977 0.00000000099999999977 
0.00000000099999999985 0.00000000099999999985 0.00000000099999999985 0.00000000099999999985 0.00000000099999999985 0.99999999300000008695 0.00000000099999999985 0.00000000099999999985 
0.00000000099999999987 0.62723426537137794146 0.37276572862862211721 0.00000000099999999987 0.00000000099999999987 0.00000000099999999987 0.00000000099999999987 0.00000000099999999987 
0.00000000099999999991 0.50789553623337513333 0.49210445776662498085 0.00000000099999999991 0.00000000099999999991 0.00000000099999999991 0.00000000099999999991 0.00000000099999999991 
0.00000000099999999988 0.60010180415563896261 0.39989818984436104055 0.00000000099999999988 0.00000000099999999988 0.00000000099999999988 0.00000000099999999988 0.00000000099999999988 
0.00000000099999999988 0.00000000099999999988 0.00000000099999999988 0.00000000099999999988 0.00000000099999999988 0.99999999300000008695 0.00000000099999999988 0.00000000099999999988 
0.00000000099999999996 0.00000000099999999996 0.04419633025989706809 0.00000000099999999996 0.00000000099999999996 0.95580366374010294894 0.00000000099999999996 0.00000000099999999996 
0.00000000099999999983 0.99999999300000019797 0.00000000099999999983 0.00000000099999999983 0.00000000099999999983 0.00000000099999999983 0.00000000099999999983 0.00000000099999999983 
0.99999999300000019797 0.00000000099999999988 0.00000000099999999988 0.00000000099999999988 0.00000000099999999988 0.00000000099999999988 0.00000000099999999988 0.00000000099999999988 
0.04974040893322883433 0.54113486876953431626 0.34491792826667533323 0.00000000099999999997 0.00000000099999999997 0.03133977159531586842 0.00000000099999999997 0.03286701943524578118 
0.00000000099999999980 0.00000000099999999980 0.00000000099999999980 0.00000000099999999980 0.00000000099999999980 0.99999999300000008695 0.00000000099999999980 0.00000000099999999980 
0.00000000099999999981 0.00000000099999999981 0.99999999300000008695 0.00000000099999999981 0.00000000099999999981 0.00000000099999999981 0.00000000099999999981 0.00000000099999999981 
0.02687427620649409862 0.00000000099999999999 0.00000000099999999999 0.00000000099999999999 0.80593793838415295205 0.00000000099999999999 0.15723247108577473319 0.00995531032357812283 
0.15360513108273102234 0.00000000099999999993 0.01682155825316328929 0.00000000099999999993 0.00000000099999999993 0.82957330566410580897 0.00000000099999999993 0.00000000099999999993 
0.00000000099999999998 0.07876043865538158439 0.00000000099999999998 0.00005644348755522991 0.84809268166618423379 0.00000000099999999998 0.06039203597409779217 0.01269839721678104986 
0.00000000099999999980 0.00000000099999999980 0.00000000099999999980 0.00000000099999999980 0.00000000099999999980 0.99999999299999997593 0.00000000099999999980 0.00000000099999999980 
0.00000000099999999984 0.00000000099999999984 0.99999999300000008695 0.00000000099999999984 0.00000000099999999984 0.00000000099999999984 0.00000000099999999984 0.00000000099999999984 
0.00000000099999999983 0.00000000099999999983 0.99999999300000008695 0.00000000099999999983 0.00000000099999999983 0.00000000099999999983 0.00000000099999999983 0.00000000099999999983 
0.00000000099999999984 0.00000000099999999984 0.00000000099999999984 0.00000000099999999984 0.00000000099999999984 0.99999999300000008695 0.00000000099999999984 0.00000000099999999984 
0.00000000099999999987 0.77198045002547632798 0.22801954397452373069 0.00000000099999999987 0.00000000099999999987 0.00000000099999999987 0.00000000099999999987 0.00000000099999999987 
0.04244382064132019156 0.15586659815995429490 0.50432784267738139938 0.06287359335387215920 0.16506260620344290202 0.00003614232980835608 0.00000000100000000000 0.06938939563422062695 
0.00000000099999999987 0.00000000099999999987 0.00000000099999999987 0.00000000099999999987 0.00000000099999999987 0.99999999300000008695 0.00000000099999999987 0.00000000099999999987 
0.00000000099999999993 0.99999999300000008695 0.00000000099999999993 0.00000000099999999993 0.00000000099999999993 0.00000000099999999993 0.00000000099999999993 0.00000000099999999993 
0.00000000099999999995 0.00000000099999999995 0.00000000099999999995 0.42847490964159801186 0.12251702901771643894 0.00000000099999999995 0.44900804757437851045 0.00000000976630701958 
0.00000000099999999955 0.00000000099999999955 0.00000000099999999955 0.00000000099999999955 0.00000000099999999955 0.00000000099999999955 0.00000000099999999955 0.99999999299999997593 
0.00000000099999999990 0.00000000099999999990 0.00000000099999999990 0.07387999853522284055 0.92611999546477707934 0.00000000099999999990 0.00000000099999999990 0.00000000099999999990 
0.00000000099999999993 0.00000000099999999993 0.00000000099999999993 0.00000000099999999993 0.89358378024570139786 0.00000000099999999993 0.10641621375429856367 0.00000000099999999993 
0.00000000099999999996 0.00000000099999999996 0.00000000099999999996 0.06360600513097242059 0.93639398886902747154 0.00000000099999999996 0.00000000099999999996 0.00000000099999999996 
0.00000000099999999995 0.00000000099999999995 0.00000000099999999995 0.00000000099999999995 0.91760226677299894238 0.00000000099999999995 0.08239772722700100527 0.00000000099999999995 
0.00000000099999999997 0.00000000099999999997 0.00000000099999999997 0.09979139013239179956 0.88679520006499068518 0.01341340480261753523 0.00000000099999999997 0.00000000099999999997 
0.00000000099999999999 0.02760658147321893088 0.05286112745532263457 0.00000000099999999999 0.65450251488574773262 0.02118571582614885498 0.23946259539725564536 0.00438146296230620957 
0.00000000099999999991 0.00000000099999999991 0.00000000099999999991 0.03069239052090515923 0.96930760347909494801 0.00000000099999999991 0.00000000099999999991 0.00000000099999999991 
0.00000000099999999978 0.00000000099999999978 0.00000000099999999978 0.00000000099999999978 0.00000000099999999978 0.99999999300000008695 0.00000000099999999978 0.00000000099999999978 
0.00000000099999999997 0.00000000099999999997 0.00000000099999999997 0.02363082834603730600 0.87153353875776462534 0.00000000099999999997 0.08908624342044389743 0.01574938547575413517 
0.00000000099999999958 0.00000000099999999958 0.00000000099999999958 0.00000000099999999958 0.00000000099999999958 0.00000000099999999958 0.00000000099999999958 0.99999999299999997593 
0.00000000099999999995 0.00000000099999999995 0.00000000099999999995 0.00000000099999999995 0.88748342373517674631 0.00000000099999999995 0.11251657026482335400 0.00000000099999999995 
0.00000000099999999986 0.00000000099999999986 0.00000000099999999986 0.47720780637398352297 0.00000000099999999986 0.00000000099999999986 0.52279218762601631365 0.00000000099999999986 
0.00000000099999999989 0.53952389766872566046 0.46047609633127439821 0.00000000099999999989 0.00000000099999999989 0.00000000099999999989 0.00000000099999999989 0.00000000099999999989 
0.00000000099999999984 0.00000000099999999984 0.00000000099999999984 0.31624308969759584720 0.00000000099999999984 0.00000000099999999984 0.68375690430240410045 0.00000000099999999984 
0.00000000099999999986 0.00000000099999999986 0.00000000099999999986 0.41116831174212431499 0.00000000099999999986 0.00000000099999999986 0.58883168225787552164 0.00000000099999999986 
0.00850939886765840654 0.00000000100000000000 0.01654994397123549232 0.08895444295043626604 0.83873235641291532527 0.00000000100000000000 0.04393457382969489372 0.00331928196805979193 
0.01965682044515586549 0.00000000099999999996 0.00000000099999999996 0.00000026217600104404 0.83712429855488312835 0.00000000099999999996 0.14321861482395992216 0.00000000099999999996 
0.00000000099999999988 0.00000000099999999988 0.00000000099999999988 0.55322017370338372189 0.00000000099999999988 0.00000000099999999988 0.44677982029661622576 0.00000000099999999988 
0.00000000099999999986 0.00000000099999999986 0.00000000099999999986 0.53309922906044204804 0.00000000099999999986 0.00000000099999999986 0.46690076493955789960 0.00000000099999999986 
0.00000000099999999996 0.00000000099999999996 0.00000000099999999996 0.04415070923414221582 0.86053915113865786513 0.00000000099999999996 0.09531013462719992169 0.00000000099999999996 
0.00000000099999999983 0.99999999300000019797 0.00000000099999999983 0.00000000099999999983 0.00000000099999999983 0.00000000099999999983 0.00000000099999999983 0.00000000099999999983 
0.00000000099999999999 0.00000000099999999999 0.00000000099999999999 0.11974275774785661519 0.82006007400988023548 0.01511176899461980604 0.03471800160593251083 0.01036739464171083057 
0.00000000099999999985 0.00000000099999999985 0.00000000099999999985 0.51384919063736211875 0.00000000099999999985 0.00000000099999999985 0.48615080336263793992 0.00000000099999999985 
0.02847494207879680550 0.00000000099999999998 0.00000000099999999998 0.00000000099999999998 0.86987145126093434744 0.00000000099999999998 0.10153838184784762244 0.00011522081242140169 
0.00000000099999999997 0.00000000099999999997 0.00000000099999999997 0.06709493539745503554 0.87938326598955318669 0.00000000099999999997 0.05352179361299188448 0.00000000099999999997 
0.00000000099999999983 0.00000000099999999983 0.00000000099999999983 0.00000000099999999983 0.00000000099999999983 0.00000000099999999983 0.99999999299999997593 0.00000000099999999983 
0.00000000099999999983 0.99999999300000019797 0.00000000099999999983 0.00000000099999999983 0.00000000099999999983 0.00000000099999999983 0.00000000099999999983 0.00000000099999999983 
0.00000000099999999993 0.00000000099999999993 0.00000000099999999993 0.36097462501548055469 0.00000000099999999993 0.00000000099999999993 0.63902536898451933745 0.00000000099999999993 
0.00000000099999999998 0.00000000099999999998 0.00000000099999999998 0.00000000099999999998 0.91000639958301599020 0.00219811211902013175 0.08779548329796399431 0.00000000099999999998 
0.03676738253730301581 0.00000000099999999999 0.00000000099999999999 0.10284244021273850067 0.85997126191214312563 0.00041891133781543372 0.00000000099999999999 0.00000000099999999999 
0.00237586880018093600 0.00000000099999999995 0.00000000099999999995 0.00000000099999999995 0.88232267452080259673 0.00000000099999999995 0.11530145167901652281 0.00000000099999999995 
0.00000000099999999987 0.29283522939729100809 0.70716476460270905058 0.00000000099999999987 0.00000000099999999987 0.00000000099999999987 0.00000000099999999987 0.00000000099999999987 
0.14009026732201831922 0.00000000099999999997 0.00000000099999999997 0.00000000099999999997 0.73825953908809738291 0.00000000099999999997 0.12165018858988423112 0.00000000099999999997 
0.00005841242350953026 0.00000000099999999996 0.00000000099999999996 0.00000000099999999996 0.82984891620756306985 0.00000000099999999996 0.16369498806995846918 0.00639767929896904036 
0.00000000099999999992 0.00000000099999999992 0.00000000099999999992 0.00000000099999999992 0.95285798891204465111 0.00000000099999999992 0.04714200508795526184 0.00000000099999999992 
0.00000000099999999998 0.00000000099999999998 0.00000000099999999998 0.00006154134901199588 0.93748110850682209172 0.00000000099999999998 0.04340483580920998646 0.01905251033495595006 
0.01153885013199949620 0.00000000099999999998 0.02003462769067185234 0.46213872104164477328 0.11395353488261861230 0.00000000099999999998 0.39233426325306514082 0.00000000099999999998 
0.00000000099999999998 0.58564746215825336240 0.27675586337009716598 0.00000000099999999998 0.00000000099999999998 0.00000000099999999998 0.13759666947164975181 0.00000000099999999998 
0.06903935833587905579 0.00000000099999999998 0.00000000099999999998 0.08110143120112636717 0.83833501326903048234 0.00000000099999999998 0.01152419319396405517 0.00000000099999999998 
0.00000000099999999966 0.00000000099999999966 0.00000000099999999966 0.99999999299999997593 0.00000000099999999966 0.00000000099999999966 0.00000000099999999966 0.00000000099999999966 
0.00000000099999999998 0.00000000099999999998 0.00000000099999999998 0.27672750919908761791 0.00000000099999999998 0.00000000099999999998 0.72327248480091221872 0.00000000099999999998 
0.00000000099999999998 0.00000000099999999998 0.00000000099999999998 0.40922339032675508763 0.28759492592980440140 0.05268124606123309600 0.25050043368220731299 0.00000000099999999998 
0.00001597044124587029 0.47077270231537854395 0.00000000099999999997 0.49962124691430903622 0.02959007632906643370 0.00000000099999999997 0.00000000099999999997 0.00000000099999999997 
0.00000000099999999989 0.00000000099999999989 0.00000000099999999989 0.08043034198838620863 0.91956965201161389167 0.00000000099999999989 0.00000000099999999989 0.00000000099999999989 
0.00000000234508833061 0.00003710202967481823 0.41729204551899845566 0.00000000100000000000 0.36210441171205554056 0.05376686871006743779 0.13980407985680454175 0.02699548882731098512 
0.20637872358100631254 0.00000000099999999997 0.00000000099999999997 0.00000000099999999997 0.70390155345847527091 0.00000000099999999997 0.08971971796051846082 0.00000000099999999997 
0.00000000099999999998 0.00000000099999999998 0.00000000099999999998 0.01167351435301560748 0.98832647964698450149 0.00000000099999999998 0.00000000099999999998 0.00000000099999999998 
0.00000000099999999997 0.00000000099999999997 0.36618121796468666718 0.07229999551990128059 0.56151878151541212425 0.00000000099999999997 0.00000000099999999997 0.00000000099999999997 
0.00000000099999999997 0.01921759988724115048 0.00000000099999999997 0.00000000099999999997 0.55921437169770338294 0.00000000099999999997 0.42156802341505539289 0.00000000099999999997 
0.00000000099999999998 0.00000000099999999998 0.00000000099999999998 0.03375402092805836196 0.15861525049274211030 0.80763072357919940547 0.00000000099999999998 0.00000000099999999998 
0.99999999300000019797 0.00000000099999999985 0.00000000099999999985 0.00000000099999999985 0.00000000099999999985 0.00000000099999999985 0.00000000099999999985 0.00000000099999999985 
0.00000000099999999997 0.00000000099999999997 0.00000000099999999997 0.14338908775587805300 0.85661090624412206118 0.00000000099999999997 0.00000000099999999997 0.00000000099999999997 
0.00000000099999999988 0.00000000099999999988 0.00000000099999999988 0.51953285135542226492 0.00000000099999999988 0.00000000099999999988 0.48046714264457779375 0.00000000099999999988 
0.00000000099999999986 0.00000000099999999986 0.00000000099999999986 0.00000000099999999986 0.00000000099999999986 0.00000000099999999986 0.99999999299999986491 0.00000000099999999986 
0.00000000099999999983 0.00000000099999999983 0.00000000099999999983 0.00000000099999999983 0.00000000099999999983 0.00000000099999999983 0.99999999299999997593 0.00000000099999999983 
0.00000000099999999984 0.00000000099999999984 0.00000000099999999984 0.00000000099999999984 0.00000000099999999984 0.00000000099999999984 0.00000000099999999984 0.99999999300000008695 
0.00000110126910357447 0.00000000099999999998 0.00834009884488355439 0.14436439897222946849 0.84729439691378327648 0.00000000099999999998 0.00000000099999999998 0.00000000099999999998 
0.00000000099999999992 0.00000000099999999992 0.00000000099999999992 0.00000000099999999992 0.90863672628210068183 0.00000000099999999992 0.09136326771789936296 0.00000000099999999992 
0.00000000099999999995 0.00000000099999999995 0.00000000099999999995 0.42229466124150738526 0.03255526421586164149 0.00000000099999999995 0.52857159856831947842 0.01657847197431146224 
0.00015173322331023104 0.00000000099999999996 0.00000000099999999996 0.20312982193133521935 0.79671843984535450911 0.00000000099999999996 0.00000000099999999996 0.00000000099999999996 
0.00000000099999999983 0.00000000099999999983 0.00000000099999999983 0.00000000099999999983 0.00000000099999999983 0.00000000099999999983 0.99999999299999986491 0.00000000099999999983 
0.00000000099999999956 0.00000000099999999956 0.00000000099999999956 0.00000000099999999956 0.00000000099999999956 0.00000000099999999956 0.00000000099999999956 0.99999999300000008695 
0.00000000099999999976 0.00000000099999999976 0.00000000099999999976 0.99999999300000008695 0.00000000099999999976 0.00000000099999999976 0.00000000099999999976 0.00000000099999999976 
0.00000000099999999987 0.00000000099999999987 0.00000000099999999987 0.00000000099999999987 0.00000000099999999987 0.00000000099999999987 0.99999999299999986491 0.00000000099999999987 
0.00000000099999999956 0.00000000099999999956 0.00000000099999999956 0.00000000099999999956 0.00000000099999999956 0.00000000099999999956 0.00000000099999999956 0.99999999300000008695 
0.00000000099999999976 0.00000000099999999976 0.00000000099999999976 0.00000000099999999976 0.00000000099999999976 0.00000000099999999976 0.00000000099999999976 0.99999999300000008695 
0.00000000563206028320 0.00000000099999999997 0.00000000099999999997 0.03447425604944771155 0.95588743346431326309 0.00000000099999999997 0.00000059342620434532 0.00963770842797433656 
0.00000000099999999976 0.00000000099999999976 0.00000000099999999976 0.00000000099999999976 0.00000000099999999976 0.00000000099999999976 0.99999999299999986491 0.00000000099999999976 
0.01137432437972339672 0.00000000099999999997 0.00000000099999999997 0.12642236899800604610 0.83732547029363713076 0.00000000099999999997 0.00000000099999999997 0.02487783232863331750 
0.00000000099999999983 0.00000000099999999983 0.00000000099999999983 0.61037598800248304975 0.00000000099999999983 0.00000000099999999983 0.38962400599751700891 0.00000000099999999983 
