0.66910777288709433197 0.33088802328072075554 0.00000420383218479542 
0.93845567672280250093 0.00231681362827761052 0.05922750964891988767 
0.93731728239785283563 0.01037834969612625065 0.05230436790602092934 
0.95742717545983357930 0.01174662095135976282 0.03082620358880655900 
0.97887130820406265119 0.01027947520638439194 0.01084921658955296034 
0.96718132737276873989 0.00635508853307791693 0.02646358409415346113 
0.00000000099999999995 0.00000000099999999995 0.99999999800000005656 
0.99999999800000005656 0.00000000099999999996 0.00000000099999999996 
0.99143037100062558764 0.00269535097160044897 0.00587427802777397163 
0.00000000099999999996 0.00000000099999999996 0.99999999799999994554 
0.00000000099999999997 0.00000008312702878842 0.99999991587297121232 
0.00000000099999999998 0.00000012010358596261 0.99999987889641406280 
0.13629548881424050077 0.15791916890782897731 0.70578534227793054967 
0.13432751038045340208 0.19313689629981770080 0.67253559331972889712 
0.21707093871697905052 0.50749730456882669039 0.27543175671419417583 
0.00000000099999999996 0.00000000099999999996 0.99999999799999994554 
0.12582124838672406608 0.26474879779491139464 0.60942995381836451152 
0.61110318536271512890 0.27797103706097348041 0.11092577757631147395 
0.00000000099999999991 0.99999999799999994554 0.00000000099999999991 
0.04344482051868862188 0.61681807405579491821 0.33973710542551649461 
0.10762586277217132957 0.18220076841748472640 0.71017336881034398566 
0.00000000099999999997 0.00000002613966253388 0.99999997286033748267 
0.00000000099999999994 0.99999999800000005656 0.00000000099999999994 
0.93601376303818861757 0.00275902114724788528 0.06122721581456341128 
0.00000000099999999997 0.00000000099999999997 0.99999999799999994554 
0.00000000099999999997 0.00000000099999999997 0.99999999800000005656 
0.14225717282634708916 0.16095090640148027039 0.69679192077217266821 
0.93820216825742630551 0.02411009578102403170 0.03768773596154963851 
0.98510075268895558320 0.01485120843486366186 0.00004803887618078425 
0.00000139581991395221 0.00000023331311563709 0.99999837086697052069 
0.07617738806891934111 0.03303158877526298637 0.89079102315581770721 
0.00000000099999999999 0.03022086276773667743 0.96977913623226319473 
0.91038591900464171935 0.00006759574913079401 0.08954648524622740857 
0.29707248792656559822 0.70292745248704235905 0.00000005958639209272 
0.94885853689523347310 0.04221964108792802817 0.00892182201683863058 
0.00000000099999999998 0.00004273578170669651 0.99995726321829325745 
0.00000000099999999994 0.99999999800000005656 0.00000000099999999994 
0.27380649975127790974 0.70714953887257503418 0.01904396137614704221 
0.00000000099999999999 0.00000634341328465382 0.99999365558671526877 
0.00000000099999999997 0.00773321232676749820 0.99226678667323253702 
0.00000000099999999998 0.00014031539852147522 0.99985968360147847722 
0.99999999800000005656 0.00000000099999999996 0.00000000099999999996 
0.91850416794889455652 0.00000901419133400011 0.08148681785977131276 
0.13698026590305664718 0.15705427468664659441 0.70596545941029675841 
0.59143065135802508347 0.06954656903892188213 0.33902277960305304827 
0.99999999799999994554 0.00000000099999999995 0.00000000099999999995 
0.00000000099999999999 0.00000063078675615730 0.99999936821324386660 
0.99999999799999994554 0.00000000099999999995 0.00000000099999999995 
0.99999999799999994554 0.00000000099999999997 0.00000000099999999997 
0.99999999800000005656 0.00000000099999999996 0.00000000099999999996 
0.95886609829392743798 0.02333139338052661257 0.01780250832554595292 
0.99999999799999994554 0.00000000099999999993 0.00000000099999999993 
0.99999999799999994554 0.00000000099999999994 0.00000000099999999994 
0.00092095730465501023 0.11090119202283797717 0.88817785067250709652 
0.93545614100105145550 0.02885003254243802273 0.03569382645651049402 
0.99999997959874364906 0.00000001940125635006 0.00000000099999999999 
0.99999999800000005656 0.00000000099999999995 0.00000000099999999995 
0.96772879828615887554 0.02723109336430009492 0.00504010834954109199 
0.99999999800000005656 0.00000000099999999996 0.00000000099999999996 
0.97066635030030423703 0.01415862497101183677 0.01517502472868401814 
0.97474740162323991743 0.00000000099999999999 0.02525259737676015248 
0.99999999799999994554 0.00000000099999999997 0.00000000099999999997 
0.99999999800000005656 0.00000000099999999995 0.00000000099999999995 
0.00000157194983200086 0.93200596140405778112 0.06799246664611033331 
0.98549372145231806108 0.01450555480793337855 0.00000072373974868447 
0.98950744776483801068 0.01049255123516204535 0.00000000099999999999 
0.00000000099999999996 0.99999999800000005656 0.00000000099999999996 
0.00000000099999999998 0.00955561005382664364 0.99044438894617348179 
0.96494528649246258389 0.00691321408400507025 0.02814149942353236233 
0.00000000099999999998 0.99999724932606415262 0.00000274967393582288 
0.00000000099999999997 0.99866387717472537844 0.00133612182527456528 
0.00000000099999999998 0.96214022589513448214 0.03785977310486560166 
0.13014166607265068021 0.16670667350708492926 0.70315166042026444604 
0.04441529606400131808 0.58747575393915540953 0.36810894999684323770 
0.22981031928996625835 0.44336049360528184682 0.32682918710475189483 
0.13745188322950049886 0.20477891409105891674 0.65776920267944061216 
0.00000000099999999997 0.00000000099999999997 0.99999999800000005656 
0.00000000099999999995 0.99999999799999994554 0.00000000099999999995 
0.01577072147689538226 0.57825189065466786609 0.40597738786843684533 
0.03926429998643628932 0.60064481578348438706 0.36009088423007928892 
0.00000011091912694082 0.89820514465885836763 0.10179474442201467965 
0.28235514789830712390 0.20388990421847186241 0.51375494788322106920 
0.12065795761745801151 0.07770685418399482514 0.80163518819854728825 
0.15612859732427769588 0.12345787418720002848 0.72041352848852224788 
0.00000000099999999998 0.99621386910520837166 0.00378612989479168481 
0.00000000099999999997 0.00000000099999999997 0.99999999800000005656 
0.00000000099999999999 0.03266831177846038492 0.96733168722153961561 
0.10492763874955507442 0.14761838113315861598 0.74745398011728636511 
0.00000000099999999998 0.00679556845978469218 0.99320443054021523288 
0.03836840478384515030 0.57718124404085002777 0.38445035117530484969 
0.19374376163368817183 0.15538656334957429150 0.65086967501673753667 
0.00000000099999999997 0.92751538814893064178 0.07248461085106931712 
0.15825737504609771467 0.14112323112345459553 0.70061939383044780083 
0.00000000099999999998 0.04431355940049773456 0.95568643959950239086 
0.99999999799999994554 0.00000000099999999995 0.00000000099999999995 
0.99999999800000005656 0.00000000099999999993 0.00000000099999999993 
0.97066043806413326855 0.02084932517905606353 0.00849023675681071475 
0.99772864950726947164 0.00008063615395290803 0.00219071433877751284 
0.03893014925777160684 0.94580570142784403664 0.01526414931438435305 
0.92168385988006173992 0.02807391258254623989 0.05024222753739204100 
0.97214954205184589409 0.01472827573422674265 0.01312218221392744827 
0.11120681011965667662 0.86156179476043825982 0.02723139511990503581 
0.83204870460415258915 0.01599577657298967975 0.15195551882285776579 
0.99999999800000005656 0.00000000099999999995 0.00000000099999999995 
0.16425610782748442662 0.82113640131528409238 0.01460749085723147059 
0.00000000099999999997 0.07261751111017133997 0.92738248788982868831 
0.00000000099999999995 0.99999999800000005656 0.00000000099999999995 
0.12273366730309402672 0.19352578635659103967 0.68374054634031500299 
0.00000000099999999998 0.00000000099999999998 0.99999999799999994554 
0.96195170670772378596 0.03804827103319717574 0.00000002225907901320 
0.77378411705645855356 0.19139594669313703124 0.03481993625040446377 
0.95327985137036463925 0.02004387430488560606 0.02667627432474975815 
0.96432569840925541627 0.00596030788283006662 0.02971399370791446420 
0.94887893595253902657 0.00000301563955781005 0.05111804840790308557 
0.99891377848941409479 0.00000070861691746434 0.00108551289366844920 
0.00000000099999999998 0.01515407360929579318 0.98484592539070414663 
0.13400761503628766391 0.18337892221719204189 0.68261346274652023869 
0.00000000099999999998 0.00999991171009975005 0.99000008728990029905 
0.00000000099999999999 0.00003200881262753869 0.99996799018737247966 
0.09926646670442419718 0.16117776701310099208 0.73955576628247476911 
0.00000000099999999993 0.99999999799999994554 0.00000000099999999993 
0.00000000099999999995 0.99999999800000005656 0.00000000099999999995 
0.00000000099999999996 0.00000000099999999996 0.99999999800000005656 
0.00000000099999999996 0.00000000099999999996 0.99999999799999994554 
0.00000000099999999997 0.00002740181301060119 0.99997259718698949804 
0.00000000099999999996 0.99999206213812874555 0.00000793686187142683 
0.00000000099999999999 0.96439986496148943917 0.03560013403851063768 
0.00000000099999999996 0.00000000099999999996 0.99999999800000005656 
0.11105875242431928474 0.15517965895959631717 0.73376158861608453687 
0.00000441090352953380 0.06413113584406196499 0.93586445325240841253 
0.00000000099999999993 0.99999999800000005656 0.00000000099999999993 
0.00000000099999999997 0.00003662667629060846 0.99996337232370946513 
0.93411522618627584880 0.02089699525074109263 0.04498777856298308980 
0.00000000099999999998 0.88122955215822806885 0.11877044684177193168 
0.88794366530032553531 0.00103062398030690449 0.11102571071936753744 
0.00000000099999999995 0.99999999799999994554 0.00000000099999999995 
0.00000000099999999998 0.00002433472420448728 0.99997566427579553938 
0.00000000099999999997 0.00000000099999999997 0.99999999799999994554 
0.00000000099999999995 0.99999999799999994554 0.00000000099999999995 
0.00000000099999999996 0.00000000099999999996 0.99999999799999994554 
0.24627627403036439491 0.06893115975459311595 0.68479256621504258629 
0.00000000099999999996 0.99999999800000005656 0.00000000099999999996 
0.00000000099999999999 0.00104895254795853523 0.99895104645204135796 
0.99999999799999994554 0.00000000099999999998 0.00000000099999999998 
0.27855203624004215568 0.72144796275995792811 0.00000000099999999999 
0.98287211752895553563 0.01712784940789680022 0.00000003306314770928 
0.97668182515433432656 0.02331815800523812099 0.00000001684042758832 
0.96027978371494826515 0.03922918564970366562 0.00049103063534808723 
0.96253218533685946934 0.01510016962309078392 0.02236764504004973286 
0.94864441212668848546 0.03143632654335271059 0.01991926132995885251 
0.86607326060521361288 0.03514190868950760327 0.09878483070527872834 
0.97531005861372233046 0.02466658631310377978 0.00002335507317394430 
0.00000000099999999994 0.99999999799999994554 0.00000000099999999994 
0.96008296511264545892 0.01744908457563151480 0.02246795031172296730 
0.26756306434338505973 0.73243693465661474651 0.00000000099999999999 
0.97723119294099658472 0.02276687028285252073 0.00000193677615085565 
0.99999999800000005656 0.00000000099999999994 0.00000000099999999994 
0.00000000099999999996 0.00000000099999999996 0.99999999800000005656 
0.99999999800000005656 0.00000000099999999994 0.00000000099999999994 
0.99999999800000005656 0.00000000099999999994 0.00000000099999999994 
0.92449395425062441678 0.02353761759698962813 0.05196842815238599672 
0.95477161922667763694 0.02914941710541358103 0.01607896366790886530 
0.99999999800000005656 0.00000000099999999997 0.00000000099999999997 
0.99999999800000005656 0.00000000099999999995 0.00000000099999999995 
0.96178972853730870796 0.02076374862975576344 0.01744652283293558759 
0.00000000099999999997 0.00000000354839826938 0.99999999545160167536 
0.94020421701210610266 0.04022150740578116224 0.01957427558211279409 
0.99999999799999994554 0.00000000099999999995 0.00000000099999999995 
0.93426554265172656599 0.02702586375769467156 0.03870859359057876592 
0.96710446825891205336 0.00183521291336771405 0.03106031882772018748 
0.99999985394587764809 0.00000000099999999999 0.00000014505412230144 
0.00000000099999999997 0.00000000099999999997 0.99999999799999994554 
0.99999999799999994554 0.00000000099999999997 0.00000000099999999997 
0.95730632843359275697 0.02144570738382115677 0.02124796418258617647 
0.91704337391314727501 0.02981333675018912888 0.05314328933666362387 
0.95862798797141779428 0.00001650261978832893 0.04135550940879384463 
0.00000000099999999996 0.00000000099999999996 0.99999999800000005656 
0.85943703354798339777 0.04905277446410965386 0.09151019198790677489 
0.95811393147622747613 0.00002058351387029228 0.04186548500990226046 
0.97047832912942999517 0.00075766054048070181 0.02876401033008937902 
0.95499981301370617803 0.04411949414284418308 0.00088069284344960343 
0.96843138471359579977 0.00000000099999999999 0.03156861428640415218 
0.12897360723650860836 0.00000041539223746597 0.87102597737125386779 
0.91145935352361961979 0.02080327044338278059 0.06773737603299759269 
0.99999999799999994554 0.00000000099999999993 0.00000000099999999993 
0.99991731388279192494 0.00008219931392559730 0.00000048680328252078 
0.94884377135842568052 0.05115615450533973763 0.00000007413623458322 
0.54001055291516031343 0.00000005918605061452 0.45998938789878907052 
0.99920611374196643961 0.00043000479862287036 0.00036388145941066661 
0.48247330475866190280 0.08734452964459954449 0.43018216559673855270 
0.83754054475710004724 0.03521678247885480506 0.12724267276404513383 
0.95758532539542029483 0.00539797404726413688 0.03701670055731563075 
0.60407313561388797929 0.00000000260413572433 0.39592686178197628033 
0.96797965584386091997 0.00014725089758692888 0.03187309325855212927 
0.17626084935807162513 0.82321744755234116386 0.00052170308958721914 
0.12528099338855314127 0.17060163148264867461 0.70411737512879823964 
0.96518226270914819764 0.00029474801256858420 0.03452298927828321984 
0.99999999800000005656 0.00000000099999999997 0.00000000099999999997 
0.99999999800000005656 0.00000000099999999998 0.00000000099999999998 
0.99999999799999994554 0.00000000099999999994 0.00000000099999999994 
0.32146635225028757921 0.67853364674971228254 0.00000000099999999999 
0.94552941811059809663 0.02112225396331268712 0.03334832792608926483 
0.98145505858570813995 0.01854494041429189527 0.00000000099999999999 
0.99999999800000005656 0.00000000099999999998 0.00000000099999999998 
0.95799550064826255458 0.00000013452431066344 0.04200436482742678224 
0.99999999799999994554 0.00000000099999999995 0.00000000099999999995 
0.26957635512593569604 0.73042364387406411019 0.00000000099999999999 
0.99999999799999994554 0.00000000099999999996 0.00000000099999999996 
0.99999999799999994554 0.00000000099999999997 0.00000000099999999997 
0.29319257379806995534 0.70680742520193007294 0.00000000099999999999 
0.32829099653658355695 0.67170900246341647133 0.00000000099999999999 
0.95252471440877806153 0.03153156045167453819 0.01594372513954730314 
0.99999999800000005656 0.00000000099999999993 0.00000000099999999993 
0.95639444442487153708 0.03525755865254864146 0.00834799692257986135 
0.99999999799999994554 0.00000000099999999995 0.00000000099999999995 
