0.00000000099999999999 0.33103799011468959534 0.55465379649983448385 0.00052618097663805440 0.00000000099999999999 0.11378203040883790031 
0.00000000099999999998 0.00000000099999999998 0.00000003459901744862 0.00000000099999999998 0.02723485717527402566 0.97276510522570847073 
0.02318300187294708783 0.00487681502920190441 0.13814371716307252691 0.00000000099999999999 0.00004609151662299366 0.83375037341815538827 
0.00000000099999999998 0.00000000099999999998 0.06507559211278472755 0.00000000099999999998 0.00990021539938946114 0.92502418948782583197 
0.00000000099999999997 0.00000000099999999997 0.10429838895367662954 0.00000000099999999997 0.00000000099999999997 0.89570160704632340032 
0.00000000099999999996 0.00000000099999999996 0.00000000099999999996 0.00000000099999999996 0.00000000099999999996 0.99999999499999991937 
0.97182521366584573297 0.00000000099999999991 0.00000000099999999991 0.00000000099999999991 0.02817478233415424485 0.00000000099999999991 
0.00000000099999999990 0.00000000099999999990 0.99999999499999991937 0.00000000099999999990 0.00000000099999999990 0.00000000099999999990 
0.00000000099999999994 0.00000000099999999994 0.05647714782370566455 0.01667707152798723891 0.00000000099999999994 0.92684577764830722302 
0.99999999500000014141 0.00000000099999999991 0.00000000099999999991 0.00000000099999999991 0.00000000099999999991 0.00000000099999999991 
0.99999994595026653332 0.00000000718706329450 0.00000000099999999995 0.00000000099999999995 0.00000004386267015086 0.00000000099999999995 
0.99999999500000003039 0.00000000099999999995 0.00000000099999999995 0.00000000099999999995 0.00000000099999999995 0.00000000099999999995 
0.00000000099999999989 0.00000000099999999989 0.00000000099999999989 0.00000000099999999989 0.99999999500000003039 0.00000000099999999989 
0.55075120930985310697 0.16977242575732556795 0.00000143802918602758 0.00000000099999999999 0.15460660779643617402 0.12486831810719897784 
0.00000000099999999999 0.41156029825903428510 0.16588110374328030039 0.00000000099999999999 0.42255859499768533283 0.00000000099999999999 
0.99997566778324864512 0.00000000099999999992 0.00000000099999999992 0.00000000099999999992 0.00002432821675140928 0.00000000099999999992 
0.44842975766378961877 0.24027056783431538500 0.10384606393303742744 0.00000000099999999999 0.20500942137289857037 0.00244418819595900328 
0.00000000099999999999 0.23995710451929830320 0.52774003337257702206 0.00000000099999999999 0.18977285188799464244 0.04253000822013001253 
0.00000000099999999977 0.99999999500000003039 0.00000000099999999977 0.00000000099999999977 0.00000000099999999977 0.00000000099999999977 
0.00000270598549954310 0.49519533857405784172 0.00000000099999999998 0.00000000099999999998 0.50480195244044256953 0.00000000099999999998 
0.00000000099999999980 0.00000000099999999980 0.00000000099999999980 0.00000000099999999980 0.99999999500000003039 0.00000000099999999980 
0.97834871576594495401 0.00000000099999999994 0.00000000099999999994 0.00000000099999999994 0.02165128023405506197 0.00000000099999999994 
0.00000000099999999984 0.99999999500000003039 0.00000000099999999984 0.00000000099999999984 0.00000000099999999984 0.00000000099999999984 
0.00000000099999999998 0.00000000099999999998 0.10580504593004569358 0.00000000099999999998 0.05113769238968764869 0.84305725868026670788 
0.97412927674362925767 0.00000000099999999994 0.00000000099999999994 0.00000000099999999994 0.02587071925637087280 0.00000000099999999994 
0.99924087863560462353 0.00000000099999999995 0.00000000099999999995 0.00000000099999999995 0.00075911736439545827 0.00000000099999999995 
0.00000000099999999994 0.00000000099999999994 0.00000000099999999994 0.00000000099999999994 0.99999999500000003039 0.00000000099999999994 
0.00000000099999999999 0.00409704611906222104 0.01901284175087020190 0.00618690264203167976 0.02728491869480244650 0.94341828979323338888 
0.00000000099999999996 0.00000000099999999996 0.06461357414186909287 0.00000000099999999996 0.00000000099999999996 0.93538642185813081209 
0.99995529755847967213 0.00000000099999999999 0.00000000180935009712 0.00000000099999999999 0.00004469763217013737 0.00000000099999999999 
0.88286119054365452818 0.03368510068502529597 0.08337285465728677680 0.00008079364722046308 0.00000005946681284725 0.00000000100000000000 
0.93368280587170149332 0.01662508940315230235 0.00000000099999999997 0.01485040277290234495 0.03484169995224382921 0.00000000099999999997 
0.00055884069317055254 0.00000000099999999999 0.01663772624829259680 0.00000000342547900560 0.07018520646660306173 0.91261822216645482886 
0.00000000099999999983 0.00000000099999999983 0.00000000099999999983 0.99999999500000003039 0.00000000099999999983 0.00000000099999999983 
0.00000000099999999999 0.00000000099999999999 0.10574270932104969101 0.04271261391703898291 0.00599112700615982759 0.84555354775575153337 
0.99855067969365296499 0.00144931630634705252 0.00000000099999999996 0.00000000099999999996 0.00000000099999999996 0.00000000099999999996 
0.00000000099999999989 0.99999999500000003039 0.00000000099999999989 0.00000000099999999989 0.00000000099999999989 0.00000000099999999989 
0.00000000099999999973 0.00000000099999999973 0.00000000099999999973 0.99999999499999991937 0.00000000099999999973 0.00000000099999999973 
0.99999999500000014141 0.00000000099999999996 0.00000000099999999996 0.00000000099999999996 0.00000000099999999996 0.00000000099999999996 
0.99192565508750607517 0.00807434091249405878 0.00000000099999999993 0.00000000099999999993 0.00000000099999999993 0.00000000099999999993 
0.95881300006279213122 0.00000467367399151501 0.00000000099999999995 0.00000000099999999995 0.04118232326321630277 0.00000000099999999995 
0.00000000099999999992 0.00000000099999999992 0.99999999500000003039 0.00000000099999999992 0.00000000099999999992 0.00000000099999999992 
0.08597278068290609143 0.00000000100000000000 0.83512108328141698710 0.00488067195041693314 0.00110711744712056748 0.07291834563813932857 
0.00000000099999999993 0.00000000099999999993 0.00000000099999999993 0.00000000099999999993 0.99999999499999991937 0.00000000099999999993 
0.00000000099999999998 0.00000000099999999998 0.00818944907867396980 0.00000000099999999998 0.48426792552653424861 0.50754262239479175367 
0.00000000099999999991 0.00000000099999999991 0.99999999499999991937 0.00000000099999999991 0.00000000099999999991 0.00000000099999999991 
0.98106332437064036611 0.00000000099999999998 0.00000000099999999998 0.00850312520438197168 0.01043354742497763082 0.00000000099999999998 
0.00000000099999999990 0.00000000099999999990 0.99999999499999991937 0.00000000099999999990 0.00000000099999999990 0.00000000099999999990 
0.00000000099999999993 0.00000000099999999993 0.99999999500000003039 0.00000000099999999993 0.00000000099999999993 0.00000000099999999993 
0.00000000099999999991 0.00000000099999999991 0.99999999499999991937 0.00000000099999999991 0.00000000099999999991 0.00000000099999999991 
0.00000000099999999998 0.00000000099999999998 0.11373596140648342678 0.02732642684325874843 0.00000058482828716184 0.85893702492197054887 
0.00000000099999999986 0.00000000099999999986 0.99999999500000003039 0.00000000099999999986 0.00000000099999999986 0.00000000099999999986 
0.00000000099999999990 0.00000000099999999990 0.99381148552536668905 0.00000000099999999990 0.00000000099999999990 0.00618851047463334514 
0.51759428251375394492 0.00167439376817456556 0.00000000099999999995 0.00054732716370674674 0.48018399455436466816 0.00000000099999999995 
0.00000000100000000000 0.01207734183065774410 0.16632571278041072271 0.00000000471460481217 0.01891388106433915597 0.80268305860998745427 
0.00000000099999999998 0.00000000099999999998 0.59289456757853897795 0.00297238686137789093 0.00000000099999999998 0.40413304256008308890 
0.00000000099999999994 0.00000000099999999994 0.99996079420700445528 0.00000000099999999994 0.00000000099999999994 0.00003920179299562884 
0.00000000099999999997 0.00000000099999999997 0.00001249178013290011 0.00826871484848359581 0.00000000099999999997 0.99171879037138355173 
0.00000000099999999993 0.00000000099999999993 0.99785064674120815820 0.00000000099999999993 0.00000000099999999993 0.00214934925879192067 
0.00000000099999999994 0.00000000099999999994 0.00000000099999999994 0.00000000099999999994 0.00000000099999999994 0.99999999500000003039 
0.00000000099999999995 0.00000000099999999995 0.02722586044601262023 0.00000000099999999995 0.00000000099999999995 0.97277413555398739575 
0.00000000099999999996 0.00000000099999999996 0.95930570664226033628 0.00000000099999999996 0.00000000099999999996 0.04069428935773953399 
0.00000000099999999991 0.00000000099999999991 0.99999999499999991937 0.00000000099999999991 0.00000000099999999991 0.00000000099999999991 
0.07582354567941788914 0.92417625025930461025 0.00000020106127752376 0.00000000099999999999 0.00000000099999999999 0.00000000099999999999 
0.00000000099999999995 0.00000000099999999995 0.03139927907969306681 0.00000000099999999995 0.00000000099999999995 0.96860071692030691448 
0.00000000099999999998 0.00466361983545415804 0.97804622479906300203 0.01700604840102918139 0.00000000099999999998 0.00028410496445363439 
0.00000000099999999990 0.99999999500000003039 0.00000000099999999990 0.00000000099999999990 0.00000000099999999990 0.00000000099999999990 
0.99060882264887528681 0.00003772604224208002 0.00000000099999999997 0.00935295245556955895 0.00000049685331313392 0.00000000099999999997 
0.00000000099999999996 0.00000000099999999996 0.00000000099999999996 0.00000000099999999996 0.00000000099999999996 0.99999999500000003039 
0.00000000099999999994 0.99999999500000014141 0.00000000099999999994 0.00000000099999999994 0.00000000099999999994 0.00000000099999999994 
0.00000000099999999992 0.99884682501538180066 0.00000000099999999992 0.00000000099999999992 0.00115317098461816653 0.00000000099999999992 
0.02173927681396126133 0.97826071918603885180 0.00000000099999999996 0.00000000099999999996 0.00000000099999999996 0.00000000099999999996 
0.00000000099999999992 0.00000000099999999992 0.00000000099999999992 0.00000000099999999992 0.99999999499999991937 0.00000000099999999992 
0.00000000099999999995 0.37736786653090387267 0.00000000099999999995 0.00284301346836765556 0.61978911700072847335 0.00000000099999999995 
0.02305580226674377314 0.27479920221513104428 0.14039746886134410464 0.02538250940954676210 0.53624326135982780528 0.00012175588740655708 
0.00000000099999999993 0.00000000099999999993 0.00000000099999999993 0.00000000099999999993 0.99999999500000003039 0.00000000099999999993 
0.99999999500000003039 0.00000000099999999993 0.00000000099999999993 0.00000000099999999993 0.00000000099999999993 0.00000000099999999993 
0.00000000099999999989 0.99999999500000003039 0.00000000099999999989 0.00000000099999999989 0.00000000099999999989 0.00000000099999999989 
0.00000000099999999993 0.34107712579991450452 0.00000000099999999993 0.01759404422028225043 0.64132882697980309050 0.00000000099999999993 
0.00000000099999999994 0.37449350097274181071 0.00000000099999999994 0.02394507579223813590 0.60156142023502001681 0.00000000099999999994 
0.07280512197658806084 0.85262686872210802225 0.00000000099999999999 0.03716250042837081213 0.03740550687293316134 0.00000000099999999999 
0.16039129760268197589 0.07584311920015779362 0.00021999311828124597 0.00916240663449093863 0.55206763864312446977 0.20231554480126362483 
0.78991621042587045753 0.07075998108356856831 0.00291344557978926539 0.00256150381175496589 0.00000860140371404687 0.13384025769530275007 
0.00000000099999999993 0.00000000099999999993 0.00000000099999999993 0.00000000099999999993 0.99999999500000003039 0.00000000099999999993 
0.00000798387693596286 0.99068587755468096034 0.00000000099999999998 0.00930613275415688619 0.00000000381422628362 0.00000000099999999998 
0.99999999500000014141 0.00000000099999999992 0.00000000099999999992 0.00000000099999999992 0.00000000099999999992 0.00000000099999999992 
0.93054741517791672578 0.03531072749412574735 0.00000000099999999997 0.00000000099999999997 0.03414185432795741049 0.00000000099999999997 
0.00000000099999999991 0.00000000099999999991 0.00000000099999999991 0.00000000099999999991 0.99999999500000003039 0.00000000099999999991 
0.98409639610630539330 0.01204108065069453039 0.00000000099999999996 0.00000000099999999996 0.00386252024300002411 0.00000000099999999996 
0.00000000099999999995 0.36815567913024555002 0.00000000099999999995 0.00998478812625335811 0.62185952974350100497 0.00000000099999999995 
0.00000000099999999998 0.00000000099999999998 0.03923150570969357459 0.00000000099999999998 0.96076849029030630955 0.00000000099999999998 
0.06809774884620237168 0.93190224715379776921 0.00000000099999999993 0.00000000099999999993 0.00000000099999999993 0.00000000099999999993 
0.01245234623769528835 0.00000000099999999997 0.00000000099999999997 0.00000000099999999997 0.98754764976230469120 0.00000000099999999997 
0.93249600158996182042 0.04875113278595036986 0.00000000099999999996 0.00000000099999999996 0.01875286262408771415 0.00000000099999999996 
0.00000000099999999991 0.00000000099999999991 0.99999999499999991937 0.00000000099999999991 0.00000000099999999991 0.00000000099999999991 
0.00000000099999999982 0.00000000099999999982 0.99999999500000003039 0.00000000099999999982 0.00000000099999999982 0.00000000099999999982 
0.00000000099999999996 0.00000000099999999996 0.01495889212178131387 0.02949616557311832490 0.00000000099999999996 0.95554493930510042699 
0.00000000099999999995 0.00000000099999999995 0.02018266037946276140 0.00000000998086224874 0.00000000099999999995 0.97981732663967491259 
0.00063667645851152581 0.90788107851946275861 0.02502745724860816479 0.04921368678886885173 0.00904817968134957046 0.00819292130319924754 
0.00000000099999999997 0.00000000099999999997 0.05862391637376068720 0.00000000099999999997 0.08154078174629075804 0.85983529887994869512 
0.00000000099999999997 0.00000000099999999997 0.00000237702518965271 0.00000083993255064400 0.00000000099999999997 0.99999678004225978079 
0.01855769066380690696 0.85340861670252221582 0.12378452766005913765 0.00424916297361166515 0.00000000099999999999 0.00000000099999999999 
0.10423795604660071601 0.00000000099999999999 0.10032802655353764698 0.02096419290912325539 0.02383593734770795072 0.75063388614303039326 
0.00000000099999999988 0.00000000099999999988 0.99999999500000003039 0.00000000099999999988 0.00000000099999999988 0.00000000099999999988 
0.00006030274020018704 0.82433465800522320865 0.12590478011909128631 0.00000000099999999999 0.00000631301234669098 0.04969394512313864837 
0.89293158546411510734 0.08530611874222740476 0.00000000099999999993 0.00000000099999999993 0.02176229279365758662 0.00000000099999999993 
0.00000000099999999988 0.99999999500000014141 0.00000000099999999988 0.00000000099999999988 0.00000000099999999988 0.00000000099999999988 
0.00000000099999999990 0.00000000099999999990 0.00000000099999999990 0.00000000099999999990 0.99999999500000003039 0.00000000099999999990 
0.99954160661995028470 0.00000000099999999996 0.00000000099999999996 0.00000000099999999996 0.00045838938004977937 0.00000000099999999996 
0.00000000099999999996 0.00000000099999999996 0.00000122070546510570 0.00000000099999999996 0.00000000099999999996 0.99999877529453484737 
0.00000004961051286156 0.17029539249104713727 0.03964270029941274753 0.00009036180606770694 0.00999041013987237228 0.77998108565308721385 
0.00000000099999999998 0.00000000099999999998 0.03288491801618470545 0.00000000099999999998 0.00017307292698679256 0.96694200605682845140 
0.00000000099999999997 0.00000000099999999997 0.06955518427233517431 0.00000000099999999997 0.00000000099999999997 0.93044481172766480004 
0.00078764990405247716 0.00000000099999999999 0.05764973467760407810 0.00000000099999999999 0.00000000107049858074 0.94156261234784477399 
0.00000000099999999992 0.00000000099999999992 0.08201670624756915440 0.00000000099999999992 0.00000000099999999992 0.91798328975243070893 
0.96673094819430371860 0.02555092390677897798 0.00000000099999999996 0.00000000099999999996 0.00771812489891727811 0.00000000099999999996 
0.00000000099999999996 0.00000000099999999996 0.00000000099999999996 0.00000000099999999996 0.99999999499999991937 0.00000000099999999996 
0.98556837329047919383 0.01429727635930071010 0.00000000099999999995 0.00000000099999999995 0.00013434735022018195 0.00000000099999999995 
0.99999973642056494416 0.00000025957943519677 0.00000000099999999997 0.00000000099999999997 0.00000000099999999997 0.00000000099999999997 
0.00000000099999999989 0.00000000099999999989 0.00000000099999999989 0.00000000099999999989 0.99999999499999991937 0.00000000099999999989 
0.00000000099999999984 0.99999999500000014141 0.00000000099999999984 0.00000000099999999984 0.00000000099999999984 0.00000000099999999984 
0.00000000099999999990 0.99999999500000014141 0.00000000099999999990 0.00000000099999999990 0.00000000099999999990 0.00000000099999999990 
0.99999999500000003039 0.00000000099999999991 0.00000000099999999991 0.00000000099999999991 0.00000000099999999991 0.00000000099999999991 
0.99999999500000003039 0.00000000099999999993 0.00000000099999999993 0.00000000099999999993 0.00000000099999999993 0.00000000099999999993 
0.99999998451650251585 0.00000001148349758703 0.00000000099999999992 0.00000000099999999992 0.00000000099999999992 0.00000000099999999992 
0.00000000099999999991 0.99999999500000003039 0.00000000099999999991 0.00000000099999999991 0.00000000099999999991 0.00000000099999999991 
0.03870746346330802834 0.96129253253669211254 0.00000000099999999997 0.00000000099999999997 0.00000000099999999997 0.00000000099999999997 
0.99999999500000003039 0.00000000099999999993 0.00000000099999999993 0.00000000099999999993 0.00000000099999999993 0.00000000099999999993 
0.00000000099999999991 0.00000000099999999991 0.00000000099999999991 0.00000000099999999991 0.99999999500000003039 0.00000000099999999991 
0.87772747916737103857 0.03095062051388990099 0.00000000099999999999 0.03349843545729171840 0.05782346286144726677 0.00000000099999999999 
0.00000000099999999986 0.99999999500000003039 0.00000000099999999986 0.00000000099999999986 0.00000000099999999986 0.00000000099999999986 
0.99998614932480489603 0.00001384667519513290 0.00000000099999999992 0.00000000099999999992 0.00000000099999999992 0.00000000099999999992 
0.00000000099999999999 0.00000000099999999999 0.09432126343201165108 0.01193793544589386892 0.02944248709438496148 0.86429831202770934784 
0.00820016580143441594 0.83403863813634671054 0.00000000099999999996 0.00000139392868777934 0.15775980013353108067 0.00000000099999999996 
0.07447197957463191909 0.00000000099999999998 0.00056910724796397293 0.01554067200373718607 0.00000000099999999998 0.90941823917366682029 
0.00000000099999999986 0.99999999500000014141 0.00000000099999999986 0.00000000099999999986 0.00000000099999999986 0.00000000099999999986 
0.99987353049679783545 0.00000001318976459635 0.00000000099999999995 0.00000000099999999995 0.00012645331343757329 0.00000000099999999995 
0.99999999500000014141 0.00000000099999999991 0.00000000099999999991 0.00000000099999999991 0.00000000099999999991 0.00000000099999999991 
0.00000000099999999989 0.99999999500000014141 0.00000000099999999989 0.00000000099999999989 0.00000000099999999989 0.00000000099999999989 
0.99999999500000003039 0.00000000099999999992 0.00000000099999999992 0.00000000099999999992 0.00000000099999999992 0.00000000099999999992 
0.64359247261756125091 0.01342345426866129419 0.03433035111914719412 0.07034684485887676697 0.04511245129149703270 0.19319442584425652876 
0.00000000099999999991 0.99999999500000003039 0.00000000099999999991 0.00000000099999999991 0.00000000099999999991 0.00000000099999999991 
0.99932526411310484971 0.00067298586804748152 0.00000174701884772819 0.00000000099999999999 0.00000000099999999999 0.00000000099999999999 
0.00000000099999999996 0.00000000099999999996 0.85740774663037266912 0.00465860886462069867 0.00000000099999999996 0.13793364150500644905 
0.00000000099999999969 0.00000000099999999969 0.00000000099999999969 0.99999999499999991937 0.00000000099999999969 0.00000000099999999969 
0.00000000099999999993 0.00000000099999999993 0.00009316954964295129 0.00000000099999999993 0.00000000099999999993 0.99990682645035700027 
0.00000000099999999995 0.00000000099999999995 0.01196126726350305730 0.00000000099999999995 0.00000000099999999995 0.98803872873649689623 
0.00000000099999999997 0.00000000099999999997 0.00000011275140194918 0.00000000099999999997 0.00000000099999999997 0.99999988324859812039 
0.00000000099999999996 0.00000000099999999996 0.00369754184082179537 0.00000000099999999996 0.00000000099999999996 0.99630245415917828566 
0.00000000099999999998 0.01450171132838420050 0.02659142294010107682 0.00000000099999999998 0.00000000099999999998 0.95890686273151481966 
0.08036176791284035947 0.02051447661516557844 0.17711793425780952838 0.00577231295420876402 0.00000000100000000000 0.71623350725997581012 
0.00000000099999999994 0.00000000099999999994 0.00000000099999999994 0.00000000099999999994 0.00000000099999999994 0.99999999500000003039 
0.00000000099999999985 0.99999999500000014141 0.00000000099999999985 0.00000000099999999985 0.00000000099999999985 0.00000000099999999985 
0.00000000099999999998 0.00000000099999999998 0.04197990449163799959 0.01618142157300204997 0.00000000099999999998 0.94183867093536000059 
0.00000000099999999970 0.00000000099999999970 0.00000000099999999970 0.99999999499999991937 0.00000000099999999970 0.00000000099999999970 
0.00000000099999999997 0.00000000099999999997 0.03764105570698663555 0.00000000099999999997 0.00000000099999999997 0.96235894029301349839 
0.00000000099999999990 0.00000000099999999990 0.99999999499999991937 0.00000000099999999990 0.00000000099999999990 0.00000000099999999990 
0.99999999500000003039 0.00000000099999999992 0.00000000099999999992 0.00000000099999999992 0.00000000099999999992 0.00000000099999999992 
0.00000000099999999987 0.00000000099999999987 0.99999999499999991937 0.00000000099999999987 0.00000000099999999987 0.00000000099999999987 
0.00000000099999999990 0.00000000099999999990 0.99999999500000003039 0.00000000099999999990 0.00000000099999999990 0.00000000099999999990 
0.00993304560214339910 0.00000000478937194154 0.05650950256025875224 0.00571042925540042601 0.01373883273295919277 0.91410818505986624061 
0.00000000099999999997 0.00000000099999999997 0.07711100007719023930 0.00000000099999999997 0.02662097302699151583 0.89626802389581827768 
0.00000000099999999993 0.00000000099999999993 0.99999999499999991937 0.00000000099999999993 0.00000000099999999993 0.00000000099999999993 
0.00000000099999999990 0.00000000099999999990 0.99999999500000003039 0.00000000099999999990 0.00000000099999999990 0.00000000099999999990 
0.00000000099999999998 0.00000000099999999998 0.08264730528815036892 0.00000060649299163280 0.00000003597825763020 0.91735205024060029189 
0.99999999500000014141 0.00000000099999999992 0.00000000099999999992 0.00000000099999999992 0.00000000099999999992 0.00000000099999999992 
0.00000000100000000000 0.01701850030266835456 0.08944279279898563473 0.01025451748931905695 0.00000551067809248024 0.88327867773093438064 
0.00000000099999999989 0.00000000099999999989 0.99999999499999991937 0.00000000099999999989 0.00000000099999999989 0.00000000099999999989 
0.00000000099999999999 0.00000000099999999999 0.02996544985780528331 0.00018940924611868357 0.03236241571669117023 0.93748272317938496911 
0.00000000099999999997 0.00000000099999999997 0.05827677826830737762 0.00000000099999999997 0.00000000099999999997 0.94172321773169276327 
0.00000000099999999991 0.00000000099999999991 0.99999999500000003039 0.00000000099999999991 0.00000000099999999991 0.00000000099999999991 
0.99999999500000014141 0.00000000099999999992 0.00000000099999999992 0.00000000099999999992 0.00000000099999999992 0.00000000099999999992 
0.00000000099999999995 0.00000000099999999995 0.99999999500000003039 0.00000000099999999995 0.00000000099999999995 0.00000000099999999995 
0.00000000099999999998 0.00410700191297368004 0.02682164891012379579 0.00000000099999999998 0.00000000099999999998 0.96907134617690260381 
0.00000000100000000000 0.00142373766963927524 0.02606197510733234551 0.00000000100000000000 0.04005240663622813141 0.93246187858680018579 
0.00000000099999999996 0.00000000099999999996 0.04506210813050118974 0.00000000099999999996 0.00529840715490964651 0.94963948171458911762 
0.99999999500000014141 0.00000000099999999991 0.00000000099999999991 0.00000000099999999991 0.00000000099999999991 0.00000000099999999991 
0.00000000099999999998 0.00000000099999999998 0.05838765109227356254 0.00000000099999999998 0.14144717910517121129 0.80016516680255522775 
0.00000000099999999998 0.00000000099999999998 0.07356574090182430026 0.00922140743831603542 0.00087547313524143305 0.91633737652461821899 
0.00000000099999999994 0.00000000099999999994 0.00000000099999999994 0.00000000099999999994 0.00000000099999999994 0.99999999500000003039 
0.00000000099999999999 0.00000000099999999999 0.00160916501212030657 0.02105306970470492006 0.00000000099999999999 0.97733776228317470469 
0.02158440685554521149 0.00000000099999999999 0.82317170925716243168 0.00000000099999999999 0.01718566504281010890 0.13805821684448219000 
0.86558917981417304865 0.00000000099999999999 0.13441080201160746088 0.00000000099999999999 0.00000000099999999999 0.00000001517421959311 
0.00000000099999999999 0.00000000099999999999 0.01579244471141924913 0.00000000099999999999 0.06893899547985522791 0.91526855680872554188 
0.00000000099999999984 0.00000000099999999984 0.99999999499999991937 0.00000000099999999984 0.00000000099999999984 0.00000000099999999984 
0.00000000099999999998 0.00000000099999999998 0.99846310834018014990 0.00000000099999999998 0.00000000099999999998 0.00153688765981996626 
0.00000000099999999999 0.05294423355719549834 0.62848132785295196534 0.00000000099999999999 0.00000006088351757305 0.31857437570633490020 
0.39569885470501453550 0.00000000099999999999 0.35542112417673832336 0.00000117036159520968 0.06955881788533060939 0.17932003187132120048 
0.00000000099999999992 0.00000000099999999992 0.00000000099999999992 0.00000000099999999992 0.00000000099999999992 0.99999999500000003039 
0.41182306952399871935 0.06122678497883502630 0.09251172387825296051 0.02621369425818423013 0.00032930011970074317 0.40789542724102839655 
0.00000000099999999998 0.00000000099999999998 0.01745408099665985216 0.00000000264577834515 0.20749067458400011210 0.77505523977356172161 
0.00000000099999999999 0.00000000099999999999 0.00000000099999999999 0.00000000099999999999 0.00000573389063723928 0.99999426210936281922 
0.35649479575162462686 0.00000000099999999999 0.00000145552648630448 0.00000000099999999999 0.00395810253269016261 0.63954564418919890301 
0.02115989024824264583 0.00000000099999999999 0.34644152666280858544 0.00000000099999999999 0.00000000099999999999 0.63239858008894866970 
0.00000000099999999999 0.80907923938086234728 0.00803587285718474452 0.00000000099999999999 0.00000000099999999999 0.18288488476195308152 
0.00000000099999999989 0.00000000099999999989 0.00000000099999999989 0.00000000099999999989 0.99999999499999991937 0.00000000099999999989 
0.00000000099999999998 0.00000000099999999998 0.06159982519743163742 0.00000000099999999998 0.00002654302968377107 0.93837362877288466034 
0.00000000099999999991 0.00000000099999999991 0.99999999500000003039 0.00000000099999999991 0.00000000099999999991 0.00000000099999999991 
0.00000000099999999994 0.00000000099999999994 0.99999999500000003039 0.00000000099999999994 0.00000000099999999994 0.00000000099999999994 
0.00000000099999999991 0.00000000099999999991 0.99999999499999991937 0.00000000099999999991 0.00000000099999999991 0.00000000099999999991 
0.00000000099999999989 0.00000000099999999989 0.00000000099999999989 0.99999999500000003039 0.00000000099999999989 0.00000000099999999989 
0.00001165986800503214 0.00000001434089368410 0.02574108332210409480 0.00000000100000000000 0.00648426092127351097 0.96776298054772369461 
0.00000000099999999994 0.00000000099999999994 0.00853473936928460936 0.00000000099999999994 0.00000000099999999994 0.99146525663071538581 
0.00000000099999999996 0.00000000099999999996 0.93479355535176000824 0.01601255614081866993 0.00000000099999999996 0.04919388550742131300 
0.00000000099999999998 0.00000000099999999998 0.08273364810398459168 0.00000217512428859654 0.01399074964625848100 0.90327342512546837661 
0.00000000099999999990 0.00000000099999999990 0.99999999500000003039 0.00000000099999999990 0.00000000099999999990 0.00000000099999999990 
0.00000000099999999969 0.00000000099999999969 0.00000000099999999969 0.99999999500000003039 0.00000000099999999969 0.00000000099999999969 
0.00000000099999999992 0.00000000099999999992 0.99999999500000003039 0.00000000099999999992 0.00000000099999999992 0.00000000099999999992 
0.00000000099999999994 0.00000000099999999994 0.99978780617903217909 0.00000000099999999994 0.00000000099999999994 0.00021218982096785750 
0.00000000099999999969 0.00000000099999999969 0.00000000099999999969 0.99999999499999991937 0.00000000099999999969 0.00000000099999999969 
0.00000000099999999983 0.00000000099999999983 0.00000000099999999983 0.99999999500000003039 0.00000000099999999983 0.00000000099999999983 
0.00000000099999999998 0.00000000099999999998 0.00000000099999999998 0.00947375785978028448 0.00115796001422511152 0.98936827912599456525 
0.00000000099999999985 0.00000000099999999985 0.99999999499999991937 0.00000000099999999985 0.00000000099999999985 0.00000000099999999985 
0.00000000099999999998 0.00000000099999999998 0.03698678393106466511 0.02491016840315441946 0.01149708651307446150 0.92660595915270649314 
0.00000000099999999989 0.00000000099999999989 0.99999999499999991937 0.00000000099999999989 0.00000000099999999989 0.00000000099999999989 
