0.00020382999000480190 0.33293922097936939908 0.00000000099999999998 0.33961322091423257197 0.00120810404467532680 0.00000000107718966058 0.09161844118026514494 0.23441717881426304970 0.00000000099999999998 0.00000000099999999998 
0.12773323648249101936 0.00000000099999999997 0.01778219523440388930 0.00000000099999999997 0.00000000099999999997 0.00000000099999999997 0.85056746732526555821 0.00000000099999999997 0.00000000099999999997 0.00391709495783963170 
0.00000000099999999997 0.00000000099999999997 0.00000000099999999997 0.24616109925214130216 0.00000000099999999997 0.01315556120292077184 0.73201634000366877508 0.00000000099999999997 0.00512939500906015988 0.00353759953220898760 
0.00000000099999999997 0.00000000099999999997 0.01338717651939135694 0.16205775857283344354 0.00000000099999999997 0.00000000099999999997 0.82455505790777516850 0.00000000099999999997 0.00000000099999999997 0.00000000099999999997 
0.09548338252494402434 0.00000000099999999995 0.00313346940734497703 0.04348646291094027810 0.00000000099999999995 0.00000000099999999995 0.79923149735168508290 0.05866518280508561944 0.00000000099999999995 0.00000000099999999995 
0.00000000099999999994 0.00000000099999999994 0.00000000099999999994 0.09914983680894008666 0.00000000099999999994 0.00000000099999999994 0.90085015519105982040 0.00000000099999999994 0.00000000099999999994 0.00000000099999999994 
0.00000000099999999983 0.00000000099999999983 0.00000000099999999983 0.00000000099999999983 0.00000000099999999983 0.00000000099999999983 0.00000000099999999983 0.00000000099999999983 0.95999080242540779651 0.04000918957459231873 
0.00000000099999999972 0.00000000099999999972 0.00000000099999999972 0.00000000099999999972 0.00000000099999999972 0.00000000099999999972 0.00000000099999999972 0.99999999099999992147 0.00000000099999999972 0.00000000099999999972 
0.00000000099999999990 0.00000000099999999990 0.00000000099999999990 0.00000012617465432841 0.01451472052764920737 0.00000000099999999990 0.81589626175045615319 0.16958888554724030340 0.00000000099999999990 0.00000000099999999990 
0.00000000099999999983 0.00000000099999999983 0.00000000099999999983 0.00000000099999999983 0.00000000099999999983 0.00000000099999999983 0.00000000099999999983 0.00000000099999999983 0.99999999100000003249 0.00000000099999999983 
0.00000000099999999988 0.00000028267519319841 0.00000000099999999988 0.00000000099999999988 0.00000000099999999988 0.00000000099999999988 0.00000000099999999988 0.00000000099999999988 0.99999970932480675145 0.00000000099999999988 
0.00000000099999999992 0.00000000099999999992 0.00072802019511595260 0.00000000099999999992 0.00000000099999999992 0.00000000099999999992 0.00000000099999999992 0.00000000099999999992 0.99927197180488391837 0.00000000099999999992 
0.00000000099999999976 0.00000000099999999976 0.00000000099999999976 0.00000000099999999976 0.00000000099999999976 0.00000000099999999976 0.00000000099999999976 0.00000000099999999976 0.00000000099999999976 0.99999999099999992147 
0.00000000099999999997 0.00000000099999999997 0.14855261034127095754 0.00000000099999999997 0.00000000099999999997 0.20118902259978943547 0.08702314760894645784 0.00000000099999999997 0.56323521344999294413 0.00000000099999999997 
0.00000000099999999988 0.00000000099999999988 0.43145653781731435616 0.00000000099999999988 0.00000000099999999988 0.56854345418268559254 0.00000000099999999988 0.00000000099999999988 0.00000000099999999988 0.00000000099999999988 
0.00000000099999999986 0.00000000099999999986 0.01955423526254392724 0.00000000099999999986 0.00000000099999999986 0.00000000099999999986 0.00000000099999999986 0.00000000099999999986 0.98044575673745604227 0.00000000099999999986 
0.08838918062374814810 0.00000000099999999993 0.20332986561993843244 0.00000000099999999993 0.00000000099999999993 0.26408711174928867216 0.00000000099999999993 0.00000000099999999993 0.44419383600702461168 0.00000000099999999993 
0.12628965751978343812 0.00000000099999999994 0.18913337488488962679 0.00000000099999999994 0.00000000099999999994 0.27656040191198311140 0.00000000099999999994 0.40801655968334377134 0.00000000099999999994 0.00000000099999999994 
0.00000000099999999890 0.00000000099999999890 0.00000000099999999890 0.00000000099999999890 0.00000000099999999890 0.99999999100000003249 0.00000000099999999890 0.00000000099999999890 0.00000000099999999890 0.00000000099999999890 
0.00000000099999999988 0.00000000099999999988 0.41482275037645233162 0.00000000099999999988 0.00000000099999999988 0.58517724162354767259 0.00000000099999999988 0.00000000099999999988 0.00000000099999999988 0.00000000099999999988 
0.00000000099999999887 0.00000000099999999887 0.99999999100000003249 0.00000000099999999887 0.00000000099999999887 0.00000000099999999887 0.00000000099999999887 0.00000000099999999887 0.00000000099999999887 0.00000000099999999887 
0.00000000099999999987 0.00000000099999999987 0.00000000099999999987 0.00000000099999999987 0.00000000099999999987 0.00000000099999999987 0.00000000099999999987 0.00000000099999999987 0.95948643621936280379 0.04051355578063708246 
0.00000000099999999971 0.99999999100000014352 0.00000000099999999971 0.00000000099999999971 0.00000000099999999971 0.00000000099999999971 0.00000000099999999971 0.00000000099999999971 0.00000000099999999971 0.00000000099999999971 
0.10656894871501115807 0.00000000099999999994 0.00000000099999999994 0.00244494885204224596 0.00000000099999999994 0.00000000099999999994 0.74184873026000119900 0.09366974825316151665 0.00000000099999999994 0.05546761891978382875 
0.00000000099999999988 0.00000000099999999988 0.00000000099999999988 0.00000000099999999988 0.00000000099999999988 0.00000000099999999988 0.00000000099999999988 0.00000000099999999988 0.96378638108873138091 0.03621361091126847759 
0.00000000099999999990 0.00000000099999999990 0.00404315411791401295 0.00000000099999999990 0.00000000099999999990 0.00000000099999999990 0.00000000099999999990 0.00000000099999999990 0.99595682320808076593 0.00000001567400530161 
0.00000000099999999985 0.00000000099999999985 0.00000000099999999985 0.00000000099999999985 0.00000000099999999985 0.00000000099999999985 0.00000000099999999985 0.00000000099999999985 0.00000000099999999985 0.99999999099999992147 
0.15324481131016035040 0.00264110187116261890 0.01252026108778353866 0.00000000099999999997 0.00000000099999999997 0.00000000099999999997 0.81074652644333433660 0.00000000099999999997 0.00000000099999999997 0.02084729428755915590 
0.00000000099999999993 0.00000000099999999993 0.00000000099999999993 0.00000000099999999993 0.00000000099999999993 0.00000000099999999993 0.82144380903424762952 0.17855618296575237469 0.00000000099999999993 0.00000000099999999993 
0.00000000099999999998 0.00000000099999999998 0.00000000099999999998 0.00000000099999999998 0.00000000099999999998 0.00000000099999999998 0.00000000099999999998 0.00074322278853793523 0.99925676921146211473 0.00000000099999999998 
0.02301952294220699358 0.00000000099999999998 0.00899240041415398129 0.00000000099999999998 0.00000000099999999998 0.04738440698543783941 0.00000000099999999998 0.05704782510309652777 0.86355583955510450966 0.00000000099999999998 
0.00000000099999999993 0.02250491487327679896 0.03820014601951608746 0.00000000099999999993 0.01374849867250158529 0.00000000099999999993 0.00000000099999999993 0.00000000099999999993 0.92554643443470552278 0.00000000099999999993 
0.09459746935183090122 0.00000000099999999996 0.00000000099999999996 0.03773021544179481351 0.00000000099999999996 0.00000000099999999996 0.79304137899619642216 0.00000000099999999996 0.00000000099999999996 0.07463093021017774831 
0.00000000099999999970 0.00000000099999999970 0.00000000099999999970 0.00000000099999999970 0.99999999100000003249 0.00000000099999999970 0.00000000099999999970 0.00000000099999999970 0.00000000099999999970 0.00000000099999999970 
0.00000000099999999998 0.00000000099999999998 0.02120636003219801211 0.00000000099999999998 0.03480431987533625510 0.00000000099999999998 0.72980544967327443118 0.21418386441919126661 0.00000000099999999998 0.00000000099999999998 
0.00000000099999999991 0.00797891161148073062 0.00000032500748167633 0.00000000099999999991 0.00000000099999999991 0.00000000099999999991 0.00000000099999999991 0.00000000099999999991 0.99202075638103748290 0.00000000099999999991 
0.00000000099999999977 0.99999999100000014352 0.00000000099999999977 0.00000000099999999977 0.00000000099999999977 0.00000000099999999977 0.00000000099999999977 0.00000000099999999977 0.00000000099999999977 0.00000000099999999977 
0.00000000099999999949 0.00000000099999999949 0.00000000099999999949 0.00000000099999999949 0.99999999100000003249 0.00000000099999999949 0.00000000099999999949 0.00000000099999999949 0.00000000099999999949 0.00000000099999999949 
0.00000000099999999992 0.00000000099999999992 0.00000086047149132472 0.00000000099999999992 0.00000000099999999992 0.01885096999001971071 0.00000000099999999992 0.00000000099999999992 0.98114816253848891048 0.00000000099999999992 
0.00000000099999999987 0.01582604103636331763 0.00000000099999999987 0.00000000099999999987 0.00000000099999999987 0.00000000099999999987 0.00000000099999999987 0.00000000099999999987 0.98417395096363657903 0.00000000099999999987 
0.00000000099999999990 0.00012048225720567084 0.00000000099999999990 0.00000000099999999990 0.00000000099999999990 0.00000000099999999990 0.00000000099999999990 0.00000000099999999990 0.95011571532604910395 0.04976379541674531143 
0.00000000099999999977 0.00000000099999999977 0.00000000099999999977 0.00000000099999999977 0.00000000099999999977 0.00000000099999999977 0.00000000099999999977 0.99999999099999992147 0.00000000099999999977 0.00000000099999999977 
0.00000000099999999999 0.00000000099999999999 0.00556698237518259750 0.53978467597990664739 0.00000000099999999999 0.00000000099999999999 0.04633027524158206401 0.33521282381643080495 0.07310523758689782547 0.00000000099999999999 
0.00000000099999999982 0.00000000099999999982 0.00000000099999999982 0.00000000099999999982 0.00000000099999999982 0.00000000099999999982 0.00000000099999999982 0.00000000099999999982 0.00000000099999999982 0.99999999099999992147 
0.00000000099999999996 0.00000000099999999996 0.04255436841935348463 0.06878449143615827932 0.00000000099999999996 0.00000000099999999996 0.44041526404781200510 0.00000000099999999996 0.00000000099999999996 0.44824587009667626880 
0.35122423595902085847 0.00000000099999999981 0.00000000099999999981 0.00000000099999999981 0.00000000099999999981 0.00000000099999999981 0.00000000099999999981 0.64877575604097892370 0.00000000099999999981 0.00000000099999999981 
0.00000000099999999996 0.00000000099999999996 0.01382230539639953126 0.00000000099999999996 0.00899699300157492943 0.00000000099999999996 0.00000000099999999996 0.00000000099999999996 0.97718069138381080663 0.00000000421821477803 
0.00000000099999999969 0.00000000099999999969 0.00000000099999999969 0.99999999100000003249 0.00000000099999999969 0.00000000099999999969 0.00000000099999999969 0.00000000099999999969 0.00000000099999999969 0.00000000099999999969 
0.11537709155818312579 0.00000000099999999988 0.00000000099999999988 0.23002572694518658158 0.00000000099999999988 0.00000000099999999988 0.00000000099999999988 0.65459717449663024080 0.00000000099999999988 0.00000000099999999988 
0.99999999100000025454 0.00000000099999999961 0.00000000099999999961 0.00000000099999999961 0.00000000099999999961 0.00000000099999999961 0.00000000099999999961 0.00000000099999999961 0.00000000099999999961 0.00000000099999999961 
0.00424690076783841922 0.00000000099999999995 0.01950661434606903305 0.00000000099999999995 0.01729148929331128862 0.00000000099999999995 0.75081798302596503003 0.20813700756681630111 0.00000000099999999995 0.00000000099999999995 
0.00000000099999999976 0.00000000099999999976 0.00000000099999999976 0.43505578619316431777 0.00000000099999999976 0.00000000099999999976 0.00000000099999999976 0.56494420580683568645 0.00000000099999999976 0.00000000099999999976 
0.00000000099999999972 0.00000000099999999972 0.00000000099999999972 0.99999999100000003249 0.00000000099999999972 0.00000000099999999972 0.00000000099999999972 0.00000000099999999972 0.00000000099999999972 0.00000000099999999972 
0.00000000099999999990 0.00000002160580664622 0.04326097473747154976 0.00000000099999999990 0.00000000214276149858 0.00000000099999999990 0.00000000099999999990 0.00000000099999999990 0.51246464600680230461 0.44427435050715807785 
0.10766564216711954627 0.00000000099999999999 0.00000000237718035332 0.00000000099999999999 0.00000000099999999999 0.01720031797924338052 0.70864907737711513303 0.15148337946512011043 0.00000000099999999999 0.01500157663422134295 
0.00000000099999999997 0.00000000099999999997 0.00000000099999999997 0.07488449442263703237 0.00000000099999999997 0.00000000099999999997 0.34357104831188006733 0.58154445026548284847 0.00000000099999999997 0.00000000099999999997 
0.00000000099999999977 0.00000000099999999977 0.00000000099999999977 0.00000000099999999977 0.00000000099999999977 0.00000000099999999977 0.00000000099999999977 0.99999999100000003249 0.00000000099999999977 0.00000000099999999977 
0.00000000099999999993 0.00000000099999999993 0.00000000099999999993 0.00000000099999999993 0.00461978775380987236 0.00000000099999999993 0.90113335513311010327 0.09424685011308008009 0.00000000099999999993 0.00000000099999999993 
0.00000000099999999980 0.00000000099999999980 0.00000000099999999980 0.00000000099999999980 0.00000000099999999980 0.00000000099999999980 0.00000000099999999980 0.99999999099999992147 0.00000000099999999980 0.00000000099999999980 
0.00000000099999999992 0.00000000099999999992 0.00462518483474967049 0.09866224663658425265 0.00000000099999999992 0.00000000099999999992 0.89671256152866596345 0.00000000099999999992 0.00000000099999999992 0.00000000099999999992 
0.00000000099999999990 0.00000000099999999990 0.00902287195884014272 0.13144210938947187284 0.00000000099999999990 0.00000000099999999990 0.85953501165168799680 0.00000000099999999990 0.00000000099999999990 0.00000000099999999990 
0.51522611591241307405 0.00000000099999999982 0.00000000099999999982 0.48477387608758709669 0.00000000099999999982 0.00000000099999999982 0.00000000099999999982 0.00000000099999999982 0.00000000099999999982 0.00000000099999999982 
0.00000000099999999985 0.00000000099999999985 0.00000000099999999985 0.28984048185756938754 0.00000000099999999985 0.00000000099999999985 0.00000000099999999985 0.71015951014243061667 0.00000000099999999985 0.00000000099999999985 
0.00000000099999999996 0.88720881125388029176 0.00000000099999999996 0.00025815168147681977 0.00000000099999999996 0.04063773466826615249 0.00000000099999999996 0.00000000099999999996 0.07189529639637683156 0.00000000099999999996 
0.00000000099999999993 0.00000000099999999993 0.00000000099999999993 0.13438786762556134691 0.00000000099999999993 0.00000000099999999993 0.86561212169969137253 0.00000000367474740106 0.00000000099999999993 0.00000000099999999993 
0.12785513044662968896 0.00000000099999999996 0.00000000099999999996 0.20709513483917896259 0.01494134314313181645 0.00000000099999999996 0.00000000099999999996 0.65010838557105965485 0.00000000099999999996 0.00000000099999999996 
0.00000000099999999979 0.98916836188851164913 0.00000000099999999979 0.00000000099999999979 0.00000000099999999979 0.01083163011148859795 0.00000000099999999979 0.00000000099999999979 0.00000000099999999979 0.00000000099999999979 
0.00000000099999999993 0.00222547127582127090 0.00446153622287074128 0.00000000099999999993 0.01077456276217284882 0.00000000099999999993 0.00000000099999999993 0.00000000099999999993 0.98253842373913524710 0.00000000099999999993 
0.00000000099999999994 0.00000000099999999994 0.00000000099999999994 0.07766707996582238038 0.00000000099999999994 0.00000000099999999994 0.92233291203417766546 0.00000000099999999994 0.00000000099999999994 0.00000000099999999994 
0.00000000099999999987 0.92934479717148177347 0.00000000099999999987 0.00000000099999999987 0.00000000099999999987 0.07065519482851846667 0.00000000099999999987 0.00000000099999999987 0.00000000099999999987 0.00000000099999999987 
0.00000000099999999983 0.99999999100000014352 0.00000000099999999983 0.00000000099999999983 0.00000000099999999983 0.00000000099999999983 0.00000000099999999983 0.00000000099999999983 0.00000000099999999983 0.00000000099999999983 
0.00000000099999999991 0.99999999100000025454 0.00000000099999999991 0.00000000099999999991 0.00000000099999999991 0.00000000099999999991 0.00000000099999999991 0.00000000099999999991 0.00000000099999999991 0.00000000099999999991 
0.00000000099999999980 0.00000000099999999980 0.00000000099999999980 0.00000000099999999980 0.00000000099999999980 0.00000000099999999980 0.00000000099999999980 0.00000000099999999980 0.00000000099999999980 0.99999999100000003249 
0.00000000099999999989 0.34922490102985542793 0.00000000099999999989 0.00000000099999999989 0.00000000099999999989 0.01139871442999897642 0.00000000099999999989 0.00000000099999999989 0.00000000099999999989 0.63937637754014531311 
0.00000000099999999999 0.27205036845542912571 0.00029419287069664508 0.14944949168607318812 0.01799990550245019263 0.00418784923545746559 0.00000000099999999999 0.00000000099999999999 0.02031328953249711758 0.53570489971739632118 
0.00000000099999999986 0.00000000099999999986 0.00584743056256106526 0.00000000099999999986 0.00000000099999999986 0.00000000099999999986 0.00000000099999999986 0.00000000099999999986 0.00000000099999999986 0.99415256143743901962 
0.00000000099999999988 0.00000000099999999988 0.00000000099999999988 0.00000000099999999988 0.00000000099999999988 0.00000000099999999988 0.00000000099999999988 0.00000000099999999988 0.99999999100000003249 0.00000000099999999988 
0.00000000099999999980 0.97363312673506408057 0.00000000099999999980 0.00000000099999999980 0.00000000099999999980 0.02636686526493596527 0.00000000099999999980 0.00000000099999999980 0.00000000099999999980 0.00000000099999999980 
0.00000000099999999984 0.34105226967373675206 0.00000000099999999984 0.00000000099999999984 0.00435501258802680445 0.00000000099999999984 0.00000000099999999984 0.00000000099999999984 0.00000000099999999984 0.65459271073823610543 
0.00000000099999999987 0.34580607949287694991 0.00000000099999999987 0.00000000099999999987 0.01019100294611128762 0.02170108644396818998 0.00000000099999999987 0.00000000099999999987 0.00000000099999999987 0.62230182511704346116 
0.00000000099999999997 0.86360901078197860326 0.00000000099999999997 0.00000000099999999997 0.03376644779113373990 0.00000000099999999997 0.00000000099999999997 0.00000000099999999997 0.07353956613131815145 0.02908496929556969937 
0.01881875269070340875 0.00000000100000000000 0.03341741807275035864 0.00000000100000000000 0.00805208299248881716 0.07111789939680326911 0.17401981777830566323 0.00000000100000000000 0.16449126368523014907 0.53008276238371820899 
0.03283617669502836289 0.06729970903606215249 0.00000000099999999999 0.00000092918550958973 0.00085324476279546185 0.00581778196334744365 0.10666125452964841935 0.00000000099999999999 0.78652987023089615537 0.00000103159671240214 
0.00000000099999999986 0.00000000099999999986 0.08119655654287259716 0.00000000099999999986 0.00000000099999999986 0.00000000099999999986 0.00000000099999999986 0.00000000099999999986 0.00000000099999999986 0.91880343545712739317 
0.00000000099999999993 0.99999831992825372051 0.00000000099999999993 0.00000000099999999993 0.00000000099999999993 0.00000167207174638695 0.00000000099999999993 0.00000000099999999993 0.00000000099999999993 0.00000000099999999993 
0.00000000099999999987 0.00000000099999999987 0.00000000099999999987 0.00000000099999999987 0.00000000099999999987 0.00000000099999999987 0.00000000099999999987 0.00000000099999999987 0.99999999099999992147 0.00000000099999999987 
0.00000000099999999995 0.04082546112830243851 0.01598324159216190851 0.00000000099999999995 0.00000000099999999995 0.00000000099999999995 0.00000000099999999995 0.00000000099999999995 0.92131035578631503835 0.02188093549322067677 
0.00000000099999999980 0.00000000099999999980 0.00000000099999999980 0.00000000099999999980 0.00000000099999999980 0.00000000099999999980 0.00000000099999999980 0.00000000099999999980 0.00000000099999999980 0.99999999099999992147 
0.00000000099999999992 0.01781691623583136000 0.00000000099999999992 0.00000000099999999992 0.00000000099999999992 0.00000000099999999992 0.00000000099999999992 0.00000000099999999992 0.96992493745833618934 0.01225813930583240056 
0.00000000099999999987 0.36419028256272889532 0.00000000099999999987 0.00000000099999999987 0.00000000099999999987 0.00000000099999999987 0.00000000099999999987 0.00000000099999999987 0.00000000099999999987 0.63580970943727099787 
0.00000000099999999995 0.00000000099999999995 0.00000000099999999995 0.00000000341398552111 0.00000000099999999995 0.00000000099999999995 0.00000000099999999995 0.00720753524232423549 0.00000000099999999995 0.99279245434369023382 
0.00000000099999999988 0.94725297702191235683 0.00267464487257549960 0.00000000099999999988 0.00000000099999999988 0.00000000099999999988 0.00000000099999999988 0.00000000099999999988 0.05007237110551237408 0.00000000099999999988 
0.00000000099999999991 0.00000000099999999991 0.00000000099999999991 0.00000000099999999991 0.00000000099999999991 0.00000000099999999991 0.00000000099999999991 0.00000000099999999991 0.00000000099999999991 0.99999999100000003249 
0.00000000099999999990 0.05419610582905845519 0.00000000099999999990 0.00000000099999999990 0.00000000099999999990 0.00000000099999999990 0.00000000099999999990 0.00000000099999999990 0.92214959588456013595 0.02365429128638128070 
0.00000000099999999979 0.00000000099999999979 0.00000000099999999979 0.00000000099999999979 0.00000000099999999979 0.00000000099999999979 0.00000000099999999979 0.99999999100000003249 0.00000000099999999979 0.00000000099999999979 
0.40671173910688346309 0.00000000099999999972 0.00000000099999999972 0.00006503224044657011 0.00000000099999999972 0.00000000099999999972 0.00000000099999999972 0.59322322165266982985 0.00000000099999999972 0.00000000099999999972 
0.10538846542699123465 0.00000000099999999993 0.00000000099999999993 0.00000000099999999993 0.03004450657293715465 0.00000000099999999993 0.86456702100007165601 0.00000000099999999993 0.00000000099999999993 0.00000000099999999993 
0.09924694364004177372 0.00000000099999999991 0.00000000099999999991 0.00000000099999999991 0.00000000099999999991 0.00000000099999999991 0.84132606533647880109 0.05942698402347948439 0.00000000099999999991 0.00000000099999999991 
0.00000000099999999997 0.88013022955854203211 0.01966911220430279938 0.04182672352428652707 0.03636819765474016974 0.02200573205812840147 0.00000000099999999997 0.00000000099999999997 0.00000000099999999997 0.00000000099999999997 
0.00000000099999999994 0.00000000099999999994 0.00000000099999999994 0.08112391372630635422 0.00000000099999999994 0.00000000099999999994 0.74895432695251462629 0.08258312136104739576 0.00000000099999999994 0.08733863196013177954 
0.10642843549031928696 0.00000000099999999995 0.00000000099999999995 0.00000000099999999995 0.00000000099999999995 0.00000000099999999995 0.89357155650968067562 0.00000000099999999995 0.00000000099999999995 0.00000000099999999995 
0.12937016849897708948 0.87062982350102302576 0.00000000099999999995 0.00000000099999999995 0.00000000099999999995 0.00000000099999999995 0.00000000099999999995 0.00000000099999999995 0.00000000099999999995 0.00000000099999999995 
0.09795275536426942264 0.00000000099999999999 0.01027472811876209424 0.08812205510863442559 0.01953619811426989331 0.00000000099999999999 0.66394449730705307200 0.00001446934863602459 0.10713078122978082762 0.01302451340859416169 
0.99999999100000025454 0.00000000099999999950 0.00000000099999999950 0.00000000099999999950 0.00000000099999999950 0.00000000099999999950 0.00000000099999999950 0.00000000099999999950 0.00000000099999999950 0.00000000099999999950 
0.17506567893858493434 0.82493431306141518089 0.00000000099999999996 0.00000000099999999996 0.00000000099999999996 0.00000000099999999996 0.00000000099999999996 0.00000000099999999996 0.00000000099999999996 0.00000000099999999996 
0.00000000099999999983 0.00000000099999999983 0.00000000099999999983 0.00000000099999999983 0.00000000099999999983 0.12391018371632661621 0.00000000099999999983 0.00000000099999999983 0.87608980828367333249 0.00000000099999999983 
0.00000000099999999978 0.99999999100000014352 0.00000000099999999978 0.00000000099999999978 0.00000000099999999978 0.00000000099999999978 0.00000000099999999978 0.00000000099999999978 0.00000000099999999978 0.00000000099999999978 
0.00000000099999999982 0.00000000099999999982 0.25940634941123741353 0.00000000099999999982 0.00000000099999999982 0.00000000099999999982 0.00000000099999999982 0.00000000099999999982 0.00000000099999999982 0.74059364258876247966 
0.00000000099999999992 0.00000000099999999992 0.00000000099999999992 0.00000000099999999992 0.00000000099999999992 0.00000000099999999992 0.00000000099999999992 0.00000000099999999992 0.99038688395727414449 0.00961310804272572615 
0.00000000099999999994 0.00000000099999999994 0.00000000099999999994 0.00347715935173751592 0.00000000099999999994 0.00000000099999999994 0.89924430134604538267 0.09727853230221707170 0.00000000099999999994 0.00000000099999999994 
0.16237640254346641377 0.15435103969548794045 0.01971856466996059140 0.00009720468670436877 0.00000000099999999999 0.00973933708625744111 0.65371744731812320151 0.00000000099999999999 0.00000000099999999999 0.00000000099999999999 
0.00000000099999999996 0.00000000099999999996 0.01072583838888819564 0.00000000099999999996 0.00000000099999999996 0.00000000099999999996 0.87121927252743625036 0.11805488208367566350 0.00000000099999999996 0.00000000099999999996 
0.08135967389832750307 0.00000000099999999994 0.00000000099999999994 0.00000000099999999994 0.00000000099999999994 0.00000000099999999994 0.83431048389044193403 0.08432983521123046944 0.00000000099999999994 0.00000000099999999994 
0.05291106627457604211 0.00000000099999999998 0.00744955031576793793 0.00000000099999999998 0.00000000099999999998 0.00000000099999999998 0.83050979924129531007 0.10912957816836081626 0.00000000099999999998 0.00000000099999999998 
0.00013258597587300665 0.00000000099999999988 0.00000000099999999988 0.00000000099999999988 0.00000000099999999988 0.00000000099999999988 0.81584452227745407615 0.18402288474667277685 0.00000000099999999988 0.00000000099999999988 
0.00000000099999999993 0.02113828339367326489 0.01483929578469543598 0.00000000099999999993 0.00000000099999999993 0.00675373216110640440 0.00000000099999999993 0.00000000099999999993 0.95726868266052500545 0.00000000099999999993 
0.00000000099999999989 0.00000000099999999989 0.00000000099999999989 0.00000000099999999989 0.00000000099999999989 0.00000000099999999989 0.00000000099999999989 0.00000000099999999989 0.00000000099999999989 0.99999999099999992147 
0.00000000099999999990 0.00000000099999999990 0.00000000099999999990 0.00000000099999999990 0.00000000099999999990 0.02051363217282182322 0.00000000099999999990 0.00000000099999999990 0.97604828010438660080 0.00343808072279157967 
0.00000000099999999993 0.00000000150551022253 0.00000000099999999993 0.00000000099999999993 0.00000000099999999993 0.00000000099999999993 0.00000000099999999993 0.00000000099999999993 0.99999999049448984323 0.00000000099999999993 
0.00000000099999999978 0.00000000099999999978 0.00000000173561634895 0.00000000099999999978 0.00000000099999999978 0.00000000099999999978 0.00000000099999999978 0.00000000099999999978 0.00000000099999999978 0.99999999026438357586 
0.00000000099999999969 0.99999999100000025454 0.00000000099999999969 0.00000000099999999969 0.00000000099999999969 0.00000000099999999969 0.00000000099999999969 0.00000000099999999969 0.00000000099999999969 0.00000000099999999969 
0.00000000099999999979 0.99999999100000025454 0.00000000099999999979 0.00000000099999999979 0.00000000099999999979 0.00000000099999999979 0.00000000099999999979 0.00000000099999999979 0.00000000099999999979 0.00000000099999999979 
0.00000000099999999982 0.00000000099999999982 0.01826723996291718805 0.00000000099999999982 0.00000000099999999982 0.00000000099999999982 0.00000000099999999982 0.00000000099999999982 0.98173275203708276759 0.00000000099999999982 
0.00000000099999999987 0.00000000099999999987 0.01877607673404768987 0.00000000099999999987 0.00000000099999999987 0.00000000099999999987 0.00000000099999999987 0.00000000099999999987 0.98122391526595231781 0.00000000099999999987 
0.00000000099999999985 0.00000585347340654185 0.00000000099999999985 0.00000000099999999985 0.00000000099999999985 0.00000000099999999985 0.00000000099999999985 0.00000000099999999985 0.99999413852659346791 0.00000000099999999985 
0.00000000099999999979 0.99999999100000025454 0.00000000099999999979 0.00000000099999999979 0.00000000099999999979 0.00000000099999999979 0.00000000099999999979 0.00000000099999999979 0.00000000099999999979 0.00000000099999999979 
0.00000000099999999993 0.98466233790545321103 0.00371253434575188977 0.00000000099999999993 0.00000000099999999993 0.00000000099999999993 0.00000000099999999993 0.00000000099999999993 0.01162512074879489508 0.00000000099999999993 
0.00000000099999999985 0.00000000099999999985 0.00000000099999999985 0.00000000099999999985 0.00000000099999999985 0.00000000099999999985 0.00000000099999999985 0.00000000099999999985 0.99999998508841347888 0.00000000691158659675 
0.00000000099999999979 0.00000000099999999979 0.00000000099999999979 0.00000000099999999979 0.00000000099999999979 0.00000000099999999979 0.00000000099999999979 0.00000000099999999979 0.00000000099999999979 0.99999999100000003249 
0.00000000099999999996 0.03297187580167127569 0.00011450360277695316 0.00000000099999999996 0.03277235897083859845 0.00000000099999999996 0.00000000099999999996 0.00000000099999999996 0.87212802735563943468 0.06201322926907366223 
0.00000000099999999971 0.99999999100000014352 0.00000000099999999971 0.00000000099999999971 0.00000000099999999971 0.00000000099999999971 0.00000000099999999971 0.00000000099999999971 0.00000000099999999971 0.00000000099999999971 
0.00000000099999999985 0.00284329827639024811 0.00032919941650109931 0.00000000099999999985 0.00000000099999999985 0.00000000099999999985 0.00000000099999999985 0.00000000099999999985 0.99682749530710856867 0.00000000099999999985 
0.18851085885298513034 0.00000000099999999997 0.02649563288564215843 0.00000000099999999997 0.00922177022641752428 0.00000000099999999997 0.77577173203495519704 0.00000000099999999997 0.00000000099999999997 0.00000000099999999997 
0.00000000099999999989 0.83788699301524482976 0.00000000099999999989 0.00000000099999999989 0.00000000099999999989 0.00000000099999999989 0.00000000099999999989 0.00000000099999999989 0.00000000099999999989 0.16211299898475550751 
0.10676905650679478776 0.00000000099999999996 0.00000000099999999996 0.00000000099999999996 0.01343357355336733013 0.00000000099999999996 0.80353158415119441127 0.00000000099999999996 0.07626577978864348961 0.00000000099999999996 
0.00000000099999999971 0.99999999100000025454 0.00000000099999999971 0.00000000099999999971 0.00000000099999999971 0.00000000099999999971 0.00000000099999999971 0.00000000099999999971 0.00000000099999999971 0.00000000099999999971 
0.00000000099999999991 0.00000054153760320246 0.00414371737210334542 0.00000000099999999991 0.00000000099999999991 0.00000000099999999991 0.00000000099999999991 0.00000000099999999991 0.99575974403885691988 0.00009599105143639849 
0.00000000099999999986 0.00000000099999999986 0.00000000099999999986 0.00000000099999999986 0.00000000099999999986 0.00000000099999999986 0.00000000099999999986 0.00000000099999999986 0.99999999099999992147 0.00000000099999999986 
0.00000000099999999977 0.99999999100000025454 0.00000000099999999977 0.00000000099999999977 0.00000000099999999977 0.00000000099999999977 0.00000000099999999977 0.00000000099999999977 0.00000000099999999977 0.00000000099999999977 
0.00000000099999999986 0.00000000099999999986 0.00000000099999999986 0.00000000099999999986 0.00000000099999999986 0.00000000099999999986 0.00000000099999999986 0.00000000099999999986 0.99999999099999992147 0.00000000099999999986 
0.00000000100000000000 0.00654500069537549290 0.02418407045622847709 0.05311627344338862994 0.06711423413184139375 0.01542488265681711199 0.16661209536512300300 0.00873550676344594761 0.63877154550696968460 0.01949638998081026572 
0.00000000099999999984 0.95752944665949002445 0.00000000099999999984 0.00000000099999999984 0.00000000099999999984 0.04247054534051011160 0.00000000099999999984 0.00000000099999999984 0.00000000099999999984 0.00000000099999999984 
0.00416843703635861457 0.00630894353230801973 0.00000000099999999997 0.00000000099999999997 0.00000000099999999997 0.00000000099999999997 0.00000000099999999997 0.00000000099999999997 0.98952261243133332602 0.00000000099999999997 
0.36534300263825802979 0.00000000099999999990 0.00000000099999999990 0.18764783706690985055 0.00000000099999999990 0.00000000099999999990 0.09495608136173694369 0.35205307293309523464 0.00000000099999999990 0.00000000099999999990 
0.00000000099999999942 0.00000000099999999942 0.00000000099999999942 0.00000000099999999942 0.99999999100000014352 0.00000000099999999942 0.00000000099999999942 0.00000000099999999942 0.00000000099999999942 0.00000000099999999942 
0.06606110943856652318 0.00000000099999999989 0.00000000099999999989 0.05398045976178874467 0.00000000099999999989 0.00000000099999999989 0.87995842379964461788 0.00000000099999999989 0.00000000099999999989 0.00000000099999999989 
0.00000000099999999995 0.00000000099999999995 0.00000000099999999995 0.00000000099999999995 0.00000000099999999995 0.00000000099999999995 0.86691353688693106871 0.13308645511306890774 0.00000000099999999995 0.00000000099999999995 
0.00000000099999999996 0.00000000099999999996 0.00000000099999999996 0.12408242558788064314 0.00000000099999999996 0.00000000099999999996 0.87591756641211937495 0.00000000099999999996 0.00000000099999999996 0.00000000099999999996 
0.00000000099999999994 0.00000000099999999994 0.01335627289025707355 0.00000000099999999994 0.00000000099999999994 0.00000000099999999994 0.87597177875200560315 0.11067194135773743280 0.00000000099999999994 0.00000000099999999994 
0.00000000099999999995 0.00000000099999999995 0.00000000099999999995 0.00000000099999999995 0.00000000099999999995 0.01743626147451825259 0.83459383087127014811 0.14796990065421170013 0.00000000099999999995 0.00000000099999999995 
0.00000000099999999999 0.00000000099999999999 0.00000000099999999999 0.00000000099999999999 0.00570876269435202990 0.01944391677159946000 0.63463976814887945732 0.25960363480916615053 0.08060391257600295345 0.00000000099999999999 
0.00000000099999999991 0.00000000099999999991 0.00000000099999999991 0.00000000099999999991 0.00000000099999999991 0.00000000099999999991 0.91046878686414101089 0.08953120513585893780 0.00000000099999999991 0.00000000099999999991 
0.00000000099999999971 0.99999999100000025454 0.00000000099999999971 0.00000000099999999971 0.00000000099999999971 0.00000000099999999971 0.00000000099999999971 0.00000000099999999971 0.00000000099999999971 0.00000000099999999971 
0.00000000099999999994 0.00000000099999999994 0.02318577028457994779 0.00000000099999999994 0.00672044778423645014 0.00000000099999999994 0.82062525577703504531 0.14946852015414846537 0.00000000099999999994 0.00000000099999999994 
0.00000000099999999945 0.00000000099999999945 0.00000000099999999945 0.00000000099999999945 0.99999999100000003249 0.00000000099999999945 0.00000000099999999945 0.00000000099999999945 0.00000000099999999945 0.00000000099999999945 
0.16929270751653544003 0.00000000099999999993 0.00000000099999999993 0.00000000099999999993 0.00000000099999999993 0.00000000099999999993 0.83070728448346453643 0.00000000099999999993 0.00000000099999999993 0.00000000099999999993 
0.00000000099999999980 0.00000000099999999980 0.00000000099999999980 0.23223953634323252215 0.00000000099999999980 0.00000000099999999980 0.00000000099999999980 0.76776045565676753757 0.00000000099999999980 0.00000000099999999980 
0.00000000099999999985 0.00000000099999999985 0.00000000099999999985 0.00000000099999999985 0.00000000099999999985 0.00000000099999999985 0.00000000099999999985 0.00000000099999999985 0.99999999099999992147 0.00000000099999999985 
0.34757949119779585345 0.00000000099999999977 0.00000000099999999977 0.00000000099999999977 0.00000000099999999977 0.00000000099999999977 0.00000000099999999977 0.65242050080220415076 0.00000000099999999977 0.00000000099999999977 
0.00000000099999999981 0.00000000099999999981 0.00000000099999999981 0.28323999269735028461 0.00000000099999999981 0.00000000099999999981 0.00000000099999999981 0.71675999930264955307 0.00000000099999999981 0.00000000099999999981 
0.19221058033825536016 0.00000000638425213473 0.00000000099999999996 0.00000007529169017714 0.00000003245355001598 0.00000000099999999996 0.77938444261467254570 0.00000000099999999996 0.00000000099999999996 0.02840485891757969783 
0.19794484071383797175 0.00000000099999999994 0.00000000099999999994 0.00000000099999999994 0.00000000099999999994 0.00000000099999999994 0.77777378123786500286 0.00000000099999999994 0.00000000099999999994 0.02428137104829693541 
0.00000000099999999970 0.00000000099999999970 0.00000000099999999970 0.99999999100000003249 0.00000000099999999970 0.00000000099999999970 0.00000000099999999970 0.00000000099999999970 0.00000000099999999970 0.00000000099999999970 
0.00000000099999999976 0.00000000099999999976 0.00000000099999999976 0.00000000099999999976 0.00000000099999999976 0.00000000099999999976 0.00000000099999999976 0.99999999099999992147 0.00000000099999999976 0.00000000099999999976 
0.00002287880005422496 0.00000000099999999994 0.01561647840778991256 0.00002513275888122792 0.00000000099999999994 0.00000000099999999994 0.81412938394576439549 0.17020612108751020930 0.00000000099999999994 0.00000000099999999994 
0.00000000099999999985 0.00000000099999999985 0.00000000099999999985 0.00000000099999999985 0.00000000099999999985 0.00000000099999999985 0.00000000099999999985 0.00000000099999999985 0.99999999099999992147 0.00000000099999999985 
0.18768868476432146175 0.01630659699132805049 0.00000000099999999999 0.01395930548643926385 0.00680805188076270915 0.00000000099999999999 0.77485556594095539307 0.00000000099999999999 0.00000000099999999999 0.00038179093619310797 
0.00000000099999999974 0.00000000099999999974 0.00000000099999999974 0.00000000099999999974 0.00000000099999999974 0.00000000099999999974 0.00000000099999999974 0.99999999100000003249 0.00000000099999999974 0.00000000099999999974 
0.00000000099999999996 0.00000000099999999996 0.00000000099999999996 0.14488135119584968913 0.00000000099999999996 0.00000000099999999996 0.81832217389505568228 0.00000000099999999996 0.00000000099999999996 0.03679646790909472248 
0.00000000099999999996 0.00000000099999999996 0.00000000099999999996 0.02269025316331943834 0.00000000099999999996 0.00000000099999999996 0.84594016021031337438 0.13136957962636724995 0.00000000099999999996 0.00000000099999999996 
0.00000000099999999976 0.00000000099999999976 0.00000000099999999976 0.00000000099999999976 0.00000000099999999976 0.00000000099999999976 0.00000000099999999976 0.99999999100000003249 0.00000000099999999976 0.00000000099999999976 
0.00000000099999999985 0.00000000099999999985 0.00000000099999999985 0.00000000099999999985 0.00000000099999999985 0.00000000099999999985 0.00000000099999999985 0.00000000099999999985 0.99999999100000003249 0.00000000099999999985 
0.00000000099999999982 0.00000000099999999982 0.00000000099999999982 0.00000000099999999982 0.00000000099999999982 0.00000000099999999982 0.00000000099999999982 0.99999999100000003249 0.00000000099999999982 0.00000000099999999982 
