0.33086481454226085441 0.66913294565662140290 0.00000223980111758242 
0.00240859257880240811 0.93859863898637385660 0.05899276843482375438 
0.01046497291287473014 0.93743822561890299827 0.05209680146822228547 
0.01184817593996823244 0.95755088921061903839 0.03060093484941275171 
0.01046562416373966048 0.97894234521213474576 0.01059203062412567876 
0.00663423043584157168 0.96737110356608402295 0.02599466599807435593 
0.00000000099999999995 0.00000000099999999995 0.99999999799999994554 
0.00000000099999999996 0.99999999800000005656 0.00000000099999999996 
0.00474342378841758477 0.99263020853501271468 0.00262636767656963680 
0.00000000099999999996 0.00000000099999999996 0.99999999800000005656 
0.00000001039680660838 0.00000000099999999997 0.99999998860319350147 
0.00000001224406584568 0.00000000099999999998 0.99999998675593404496 
0.15801546515293082851 0.13633020254398930948 0.70565433230307983425 
0.19312807518219118896 0.13434689923837267456 0.67252502557943627526 
0.50755594310979279538 0.21711327484248971187 0.27533078204771743724 
0.00000000099999999996 0.00000000099999999996 0.99999999800000005656 
0.26474065419026493462 0.12583413935530254890 0.60942520645443243321 
0.27800462535370407124 0.61117499024591859236 0.11082038440037737803 
0.99999999799999994554 0.00000000099999999991 0.00000000099999999991 
0.61687339513130212687 0.04345602430522950421 0.33967058056346827177 
0.18232449716348050894 0.10766022771212226117 0.71001527512439732703 
0.00000000243765776909 0.00000000099999999997 0.99999999656234228596 
0.99999999800000005656 0.00000000099999999994 0.00000000099999999994 
0.00284560919789793657 0.93614563098231529104 0.06100875981978682444 
0.00000000099999999997 0.00000000099999999997 0.99999999799999994554 
0.00000000099999999997 0.00000000099999999997 0.99999999799999994554 
0.16101988692179625140 0.14229380474035413506 0.69668630833784961354 
0.02423386814759983382 0.93835452059687629589 0.03741161125552373151 
0.01483944456982938011 0.98516000678363124798 0.00000054864653945354 
0.00000002763328101934 0.00000045527043350872 0.99999951709628553953 
0.03299526388665405263 0.07615831687391712290 0.89084641923942886610 
0.03016758540766666108 0.00000000099999999999 0.96983241359233340884 
0.00006386002039540069 0.91053140456850223394 0.08940473541110241507 
0.70292665593770731203 0.29707333458482215738 0.00000000947747061856 
0.04353031896137409679 0.95017869630163720451 0.00629098473698877503 
0.00001241965765602523 0.00000000099999999998 0.99998757934234405731 
0.99999999799999994554 0.00000000099999999994 0.00000000099999999994 
0.70716735024228549733 0.27381816335486053315 0.01901448640285396952 
0.00000095195211650760 0.00000000099999999999 0.99999904704788344922 
0.00746234546722099931 0.00000000099999999997 0.99253765353277900729 
0.00004645596074865361 0.00000000099999999998 0.99995354303925143569 
0.00000000099999999996 0.99999999800000005656 0.00000000099999999996 
0.00000660385316541860 0.91867572169855615805 0.08131767444827837921 
0.15712625506020536092 0.13701396663430395750 0.70585977830549073708 
0.06966053341812221411 0.59154663436509602459 0.33879283221678191396 
0.00000000099999999995 0.99999999799999994554 0.00000000099999999995 
0.00000010568026243738 0.00000000099999999999 0.99999989331973748730 
0.00000000099999999995 0.99999999800000005656 0.00000000099999999995 
0.00000000099999999997 0.99999999800000005656 0.00000000099999999997 
0.00000000099999999996 0.99999999800000005656 0.00000000099999999996 
0.02344598485709413135 0.95896716196937459298 0.01758685317353127914 
0.00000000099999999993 0.99999999799999994554 0.00000000099999999993 
0.00000000099999999994 0.99999999800000005656 0.00000000099999999994 
0.11099850883369874466 0.00069427140886866223 0.88830721975743254237 
0.02900288612034519070 0.93560441520831660878 0.03539269867133824909 
0.00000000742370497345 0.99999999157629493318 0.00000000099999999999 
0.00000000099999999995 0.99999999799999994554 0.00000000099999999995 
0.02803714067736613746 0.96878505114703261647 0.00317780817560124650 
0.00000000099999999996 0.99999999799999994554 0.00000000099999999996 
0.01435090938651678583 0.97094608593443210154 0.01470300467905120111 
0.00000000099999999999 0.97498629914051315737 0.02501369985948697500 
0.00000000099999999997 0.99999999800000005656 0.00000000099999999997 
0.00000000099999999995 0.99999999800000005656 0.00000000099999999995 
0.93198178418048949201 0.00000000330880660516 0.06801821251070394592 
0.01449288647355399286 0.98550710700645383078 0.00000000651999222251 
0.01049264398440633017 0.98950735501559372587 0.00000000099999999999 
0.99999999800000005656 0.00000000099999999996 0.00000000099999999996 
0.00928973348599406584 0.00000000099999999998 0.99071026551400598326 
0.00715740171277909083 0.96512239752986472840 0.02772020075735611225 
0.99999744216898300841 0.00000000099999999998 0.00000255683101717533 
0.99868886372904841497 0.00000000099999999997 0.00131113527095160485 
0.96206978569115675359 0.00000000099999999998 0.03793021330884324693 
0.16679359147510300354 0.13017600898785489094 0.70303039953704216103 
0.58752064336679366008 0.04442328909381039470 0.36805606753939595910 
0.44343205042852790188 0.22985451401195491905 0.32671343555951720683 
0.20484184935287849672 0.13748212905224438396 0.65767602159487725810 
0.00000000099999999997 0.00000000099999999997 0.99999999800000005656 
0.99999999800000005656 0.00000000099999999995 0.00000000099999999995 
0.57829978886007293859 0.01577256441173707432 0.40592764672819003913 
0.60071521019541906927 0.03927583911448158382 0.36000895069009930527 
0.89822367172162986826 0.00000000100000000000 0.10177632727837004900 
0.20395903302447054850 0.28240442219558203885 0.51363654477994746816 
0.07769311350771390678 0.12067754035360526987 0.80162934613868086497 
0.12351791115527020748 0.15616418808416260289 0.72031790076056712024 
0.99620602009837211366 0.00000000099999999998 0.00379397890162798965 
0.00000000099999999997 0.00000000099999999997 0.99999999800000005656 
0.03259134288077724512 0.00000000099999999999 0.96740865611922277623 
0.14769808630980188480 0.10495101077240427678 0.74735090291779382454 
0.00644011354978184670 0.00000000099999999998 0.99355988545021811653 
0.57723583068967398990 0.03837523105693685377 0.38438893825338915633 
0.15545114266686085869 0.19378554885378967976 0.65076330847934948931 
0.92752892024766120382 0.00000000099999999997 0.07247107875233889385 
0.14120536180619069899 0.15830286528117651357 0.70049177291263275968 
0.04427200317784247413 0.00000000099999999998 0.95572799582215761660 
0.00000000099999999995 0.99999999800000005656 0.00000000099999999995 
0.00000000099999999993 0.99999999800000005656 0.00000000099999999993 
0.02126730933787793557 0.97094216561321866621 0.00779052504890345374 
0.00018236949614650961 0.99968071020096815893 0.00013692030288534827 
0.94578093817377262287 0.03892716482166787978 0.01529189700455937072 
0.02821609650597382488 0.92182486131508012406 0.04995904217894612392 
0.01490282241985954083 0.97239698756634018739 0.01270019001380029086 
0.86158898267615657840 0.11122352451034410448 0.02718749281349920957 
0.01608192530573513551 0.83216317819804230815 0.15175489649622259103 
0.00000000099999999995 0.99999999800000005656 0.00000000099999999995 
0.82115545964466851725 0.16427925939980489445 0.01456528095552648769 
0.07258233088773789754 0.00000000099999999997 0.92741766811226222789 
0.99999999800000005656 0.00000000099999999995 0.00000000099999999995 
0.19361505996148090092 0.12277261002937751855 0.68361233000914156666 
0.00000000099999999998 0.00000000099999999998 0.99999999799999994554 
0.03801085841924430747 0.96198914058075557509 0.00000000100000000000 
0.19156201712047035701 0.77396365095655506039 0.03447433192297461729 
0.02020759097035116497 0.95345054088479042065 0.02634186814485836928 
0.00616885027914937031 0.96446257468677376590 0.02936857503407690889 
0.00000317686501593919 0.94910490426916549467 0.05089191886581854313 
0.00000147901020582558 0.99964807245837261629 0.00035044853142148907 
0.01502112219675045580 0.00000000099999999998 0.98497887680324947013 
0.18344075194620790281 0.13404366494110717123 0.68251558311268478718 
0.00991803895630770024 0.00000000099999999998 0.99008196004369242171 
0.00000812081039734705 0.00000000099999999999 0.99999187818960255658 
0.16125938055927471759 0.09929121628307542580 0.73944940315764984273 
0.99999999800000005656 0.00000000099999999993 0.00000000099999999993 
0.99999999800000005656 0.00000000099999999995 0.00000000099999999995 
0.00000000099999999996 0.00000000099999999996 0.99999999799999994554 
0.00000000099999999996 0.00000000099999999996 0.99999999800000005656 
0.00000398453889040322 0.00000000099999999997 0.99999601446110963909 
0.99999224012253862259 0.00000000099999999996 0.00000775887746136468 
0.96441009459193371978 0.00000000099999999999 0.03558990440806616973 
0.00000000099999999996 0.00000000099999999996 0.99999999799999994554 
0.15525246150114457855 0.11109788517707198940 0.73364965332178333490 
0.06407964499390551849 0.00000143644053174715 0.93591891856556275187 
0.99999999799999994554 0.00000000099999999993 0.00000000099999999993 
0.00000780466448454761 0.00000000099999999997 0.99999219433551533864 
0.02099688100139607272 0.93433641601046901748 0.04466670298813495837 
0.88126013845505102307 0.00000000099999999998 0.11873986054494911624 
0.00102027920111631438 0.88810924149493852831 0.11087047930394498818 
0.99999999800000005656 0.00000000099999999995 0.00000000099999999995 
0.00000490648250702066 0.00000000099999999998 0.99999509251749296723 
0.00000000099999999997 0.00000000099999999997 0.99999999800000005656 
0.99999999799999994554 0.00000000099999999995 0.00000000099999999995 
0.00000000099999999996 0.00000000099999999996 0.99999999799999994554 
0.06890414310274228793 0.24631337451967083574 0.68478248237758698735 
0.99999999800000005656 0.00000000099999999996 0.00000000099999999996 
0.00056477068226509861 0.00000000099999999999 0.99943522831773479176 
0.00000000099999999998 0.99999999799999994554 0.00000000099999999998 
0.72144509744323892519 0.27855490155676104758 0.00000000099999999999 
0.01709385362495811911 0.98290614537504183978 0.00000000100000000000 
0.02329104769840904809 0.97670895130159096631 0.00000000100000000000 
0.03946953979881056424 0.96045333348733386014 0.00007712671385566908 
0.01521290447361348802 0.96263731015013276338 0.02214978537625375554 
0.03150684817367942897 0.94884407557598460237 0.01964907625033591662 
0.03520161429938901965 0.86618994514474723090 0.09860844055586374945 
0.02463697128832629396 0.97536240350987324366 0.00000062520180043753 
0.99999999800000005656 0.00000000099999999994 0.00000000099999999994 
0.01749022180110489447 0.96024860269280409852 0.02226117550609091680 
0.73243582747080104856 0.26756417152919886870 0.00000000099999999999 
0.02273479625981040739 0.97726519490697361103 0.00000000883321583776 
0.00000000099999999994 0.99999999799999994554 0.00000000099999999994 
0.00000000099999999996 0.00000000099999999996 0.99999999800000005656 
0.00000000099999999994 0.99999999799999994554 0.00000000099999999994 
0.00000000099999999994 0.99999999799999994554 0.00000000099999999994 
0.02366281476328080391 0.92471142595068966941 0.05162575928602939485 
0.02932036770054183630 0.95497685540591925601 0.01570277689353901177 
0.00000000099999999997 0.99999999800000005656 0.00000000099999999997 
0.00000000099999999995 0.99999999800000005656 0.00000000099999999995 
0.02093268976869922665 0.96192744024671195113 0.01713986998458893324 
0.00000000099999999996 0.00000000099999999996 0.99999999799999994554 
0.04034396955927960909 0.94035723640943968960 0.01929879403128054866 
0.00000000099999999995 0.99999999800000005656 0.00000000099999999995 
0.02714968765251637994 0.93443001252071777873 0.03842029982676575806 
0.00191707531901248317 0.96721924638784706474 0.03086367829314038899 
0.00000000099999999999 0.99999999254741700483 0.00000000645258311880 
0.00000000099999999997 0.00000000099999999997 0.99999999799999994554 
0.00000000099999999997 0.99999999799999994554 0.00000000099999999997 
0.02152341079063123039 0.95742695220455131810 0.02104963700481751396 
0.02990582508959441915 0.91719756245114658633 0.05289661245925910554 
0.00001575906640443455 0.95879520654424321702 0.04118903438935248018 
0.00000000099999999996 0.00000000099999999996 0.99999999800000005656 
0.04915673432108162710 0.85957024598940479088 0.09127301968951365141 
0.00002654868562562085 0.95836083659822746128 0.04161261471614707136 
0.00096538035412471464 0.97069409029295117275 0.02834052935292414102 
0.04462244891689966242 0.95526467208175913637 0.00011287900134111968 
0.00000000099999999999 0.96851446174325828142 0.03148553725674181625 
0.00000006931469877740 0.12898398175991379611 0.87101594892538736215 
0.02092320019475181481 0.91164684109022287029 0.06742995871502543981 
0.00000000099999999993 0.99999999800000005656 0.00000000099999999993 
0.00005728554018478935 0.99994267889991461651 0.00000003555990057531 
0.05114972011216076947 0.94885026580378462047 0.00000001408405454296 
0.00000002000037586299 0.54009461506622902238 0.45990536493339501112 
0.00046519085615902777 0.99953266837122134447 0.00000214077261969393 
0.08738487173331926927 0.48254150129857414919 0.43007362696810674807 
0.03532830999244965936 0.83767612704846317051 0.12699556295908714931 
0.00555035686585046706 0.95772021727139822200 0.03672942586275122767 
0.00000000100000000000 0.60418859707080851962 0.39581140192919145315 
0.00010996394563250397 0.96807077843023192631 0.03181925762413567033 
0.82323694946307923725 0.17627554273051590505 0.00048750780640485167 
0.17074262509694615453 0.12531758899869646640 0.70393978590435746234 
0.00030773864569879765 0.96533312946043192682 0.03435913189386929911 
0.00000000099999999997 0.99999999799999994554 0.00000000099999999997 
0.00000000099999999998 0.99999999799999994554 0.00000000099999999998 
0.00000000099999999994 0.99999999800000005656 0.00000000099999999994 
0.67853279321216297681 0.32146720578783710698 0.00000000099999999999 
0.02117594650037987400 0.94565767309488024672 0.03316638040473986887 
0.01856936468283541461 0.98143063431716448530 0.00000000099999999999 
0.00000000099999999998 0.99999999799999994554 0.00000000099999999998 
0.00000013041442513052 0.95818993019853548887 0.04180993938703932850 
0.00000000099999999995 0.99999999800000005656 0.00000000099999999995 
0.73041609849464583792 0.26958390050535396831 0.00000000099999999999 
0.00000000099999999996 0.99999999800000005656 0.00000000099999999996 
0.00000000099999999997 0.99999999799999994554 0.00000000099999999997 
0.70679790678651377434 0.29320209221348619844 0.00000000099999999999 
0.67169960982148102513 0.32830038917851883662 0.00000000099999999999 
0.03169209327573627860 0.95271311520640422632 0.01559479151785951416 
0.00000000099999999993 0.99999999800000005656 0.00000000099999999993 
0.03540100738690837856 0.95653515928340759888 0.00806383332968392888 
0.00000000099999999995 0.99999999800000005656 0.00000000099999999995 
