0.00000010372962999065 0.00000000099999999998 0.00000000099999999998 0.33038821516503397158 0.00000000099999999998 0.12171105673265640579 0.54790061937267964254 0.00000000099999999998 0.00000000099999999998 
0.41207614315153145990 0.00000000099999999997 0.00000000099999999997 0.00000000099999999997 0.00000000099999999997 0.56960353455153589497 0.00000000099999999997 0.00000000099999999997 0.01832031629693252339 
0.00000000099999999996 0.00000000099999999996 0.00000000099999999996 0.00000000099999999996 0.02213322969287047012 0.84453922125997216153 0.13332754304715754845 0.00000000099999999996 0.00000000099999999996 
0.99999999200000022626 0.00000000099999999984 0.00000000099999999984 0.00000000099999999984 0.00000000099999999984 0.00000000099999999984 0.00000000099999999984 0.00000000099999999984 0.00000000099999999984 
0.00000000099999999991 0.00000000099999999991 0.00000000099999999991 0.00000000099999999991 0.00000000099999999991 0.90648670584813517692 0.09351328715186496554 0.00000000099999999991 0.00000000099999999991 
0.00000000099999999988 0.00000000099999999988 0.00000000099999999988 0.00000000099999999988 0.00000000099999999988 0.99999999200000011523 0.00000000099999999988 0.00000000099999999988 0.00000000099999999988 
0.00000000099999999981 0.00000000099999999981 0.00000000099999999981 0.00000000099999999981 0.99999999200000011523 0.00000000099999999981 0.00000000099999999981 0.00000000099999999981 0.00000000099999999981 
0.00000000099999999984 0.00000000099999999984 0.00000000099999999984 0.00000000099999999984 0.00000000099999999984 0.00000000099999999984 0.99999999200000000421 0.00000000099999999984 0.00000000099999999984 
0.00000000099999999987 0.00000000099999999987 0.00000000099999999987 0.00000000099999999987 0.00000000099999999987 0.97516325587947561004 0.01888095841560110885 0.00595577970492333544 0.00000000099999999987 
0.00000000099999999983 0.00000000099999999983 0.00000000099999999983 0.00000000099999999983 0.99999999200000011523 0.00000000099999999983 0.00000000099999999983 0.00000000099999999983 0.00000000099999999983 
0.00000000099999999990 0.53014365400799801087 0.00000000099999999990 0.00000000099999999990 0.46985633899200207608 0.00000000099999999990 0.00000000099999999990 0.00000000099999999990 0.00000000099999999990 
0.00000000099999999993 0.59009353523247098927 0.00000000099999999993 0.00000000099999999993 0.40990645776752931972 0.00000000099999999993 0.00000000099999999993 0.00000000099999999993 0.00000000099999999993 
0.00000000099999999980 0.00000000099999999980 0.99999999200000000421 0.00000000099999999980 0.00000000099999999980 0.00000000099999999980 0.00000000099999999980 0.00000000099999999980 0.00000000099999999980 
0.00000000099999999997 0.00000000099999999997 0.00000000099999999997 0.05142636132566588691 0.57776393066413822552 0.07875424899355149000 0.00000000099999999997 0.00000000099999999997 0.29205545401664445571 
0.00000000099999999986 0.00000000099999999986 0.00000000099999999986 0.00000000099999999986 0.00000000099999999986 0.00000000099999999986 0.00000000099999999986 0.00000000099999999986 0.99999999199999989319 
0.00000000099999999980 0.00000000099999999980 0.00000000099999999980 0.00000000099999999980 0.99999999200000011523 0.00000000099999999980 0.00000000099999999980 0.00000000099999999980 0.00000000099999999980 
0.00000000099999999997 0.06586602022724540040 0.00000000099999999997 0.10503687701854245995 0.41331031209570567864 0.00000000099999999997 0.01626393525540255694 0.00000000099999999997 0.39952285140310406231 
0.00000000099999999994 0.00000000099999999994 0.00000000099999999994 0.05513008863279621891 0.00000000099999999994 0.00000000099999999994 0.53309555083018389521 0.00000000099999999994 0.41177435453701993762 
0.00000000099999999958 0.00000000099999999958 0.00000000099999999958 0.76282137425727680746 0.00000000099999999958 0.00000000099999999958 0.00000000099999999958 0.00000000099999999958 0.23717861874272327949 
0.00000000099999999989 0.00000000099999999989 0.00000000099999999989 0.33828434922155242726 0.00000000099999999989 0.00000000099999999989 0.00000000099999999989 0.00000000099999999989 0.66171564377844738214 
0.00000000099999999933 0.00000000099999999933 0.00000000099999999933 0.00000000099999999933 0.00000000099999999933 0.00000000099999999933 0.00000000099999999933 0.00000000099999999933 0.99999999199999989319 
0.00000000099999999987 0.00000000099999999987 0.00000000099999999987 0.00000000099999999987 0.99999999200000011523 0.00000000099999999987 0.00000000099999999987 0.00000000099999999987 0.00000000099999999987 
0.00000000099999999977 0.00000000099999999977 0.00000000099999999977 0.99999999200000000421 0.00000000099999999977 0.00000000099999999977 0.00000000099999999977 0.00000000099999999977 0.00000000099999999977 
0.52007429136354554888 0.00000000099999999996 0.05010529868383125501 0.00000000099999999996 0.00000000099999999996 0.35765255819610070054 0.07216784675652263004 0.00000000099999999996 0.00000000099999999996 
0.00000000099999999986 0.00000000099999999986 0.00000000099999999986 0.00000000099999999986 0.99999999200000011523 0.00000000099999999986 0.00000000099999999986 0.00000000099999999986 0.00000000099999999986 
0.00000000099999999992 0.48921813613657433306 0.00000000099999999992 0.00000000099999999992 0.51071626379249956962 0.00000000099999999992 0.00000000099999999992 0.00000000099999999992 0.00006559407092601662 
0.00000000099999999988 0.00000000099999999988 0.99999999200000011523 0.00000000099999999988 0.00000000099999999988 0.00000000099999999988 0.00000000099999999988 0.00000000099999999988 0.00000000099999999988 
0.99999999200000022626 0.00000000099999999990 0.00000000099999999990 0.00000000099999999990 0.00000000099999999990 0.00000000099999999990 0.00000000099999999990 0.00000000099999999990 0.00000000099999999990 
0.00000000099999999991 0.00000000099999999991 0.00000000099999999991 0.00000000099999999991 0.00000000099999999991 0.98008768708136617676 0.01991230591863393448 0.00000000099999999991 0.00000000099999999991 
0.00000000099999999993 0.00000000099999999993 0.00000000099999999993 0.00000000099999999993 0.99999999200000000421 0.00000000099999999993 0.00000000099999999993 0.00000000099999999993 0.00000000099999999993 
0.00000000099999999998 0.00000000099999999998 0.00000000099999999998 0.00000000099999999998 0.86927002878025161348 0.00000000099999999998 0.06412551304102986904 0.00000000099999999998 0.06660445217871852064 
0.00000000099999999994 0.21137845281769065964 0.00000000099999999994 0.01029087722448020562 0.73340173361441918232 0.00000000099999999994 0.00000000099999999994 0.01119361785943190184 0.03373531448397802668 
0.00000000099999999995 0.00000000099999999995 0.07752820238466517910 0.00000000099999999995 0.00000000099999999995 0.92014013368166247542 0.00233165793367217820 0.00000000099999999995 0.00000000099999999995 
0.00000000099999999972 0.00000000099999999972 0.00000000099999999972 0.00000000099999999972 0.00000000099999999972 0.00000000099999999972 0.00000000099999999972 0.99999999199999989319 0.00000000099999999972 
0.99999999200000022626 0.00000000099999999996 0.00000000099999999996 0.00000000099999999996 0.00000000099999999996 0.00000000099999999996 0.00000000099999999996 0.00000000099999999996 0.00000000099999999996 
0.00000000099999999980 0.99999999200000011523 0.00000000099999999980 0.00000000099999999980 0.00000000099999999980 0.00000000099999999980 0.00000000099999999980 0.00000000099999999980 0.00000000099999999980 
0.00000000099999999981 0.00000000099999999981 0.00000000099999999981 0.99999999200000011523 0.00000000099999999981 0.00000000099999999981 0.00000000099999999981 0.00000000099999999981 0.00000000099999999981 
0.00000000099999999956 0.00000000099999999956 0.00000000099999999956 0.00000000099999999956 0.00000000099999999956 0.00000000099999999956 0.00000000099999999956 0.99999999200000000421 0.00000000099999999956 
0.00000000099999999994 0.49437921086906738699 0.00000000099999999994 0.00000000099999999994 0.50562078213093264445 0.00000000099999999994 0.00000000099999999994 0.00000000099999999994 0.00000000099999999994 
0.00000000099999999988 0.62398409892299322443 0.00000000099999999988 0.00000000099999999988 0.37601589407700702905 0.00000000099999999988 0.00000000099999999988 0.00000000099999999988 0.00000000099999999988 
0.00000000099999999986 0.00000000099999999986 0.00000000099999999986 0.00000000099999999986 0.99999999200000000421 0.00000000099999999986 0.00000000099999999986 0.00000000099999999986 0.00000000099999999986 
0.00000000099999999988 0.00000000099999999988 0.00000000099999999988 0.00000000099999999988 0.00000000099999999988 0.00000000099999999988 0.99999999200000000421 0.00000000099999999988 0.00000000099999999988 
0.08905847989176397805 0.07935828303519823490 0.00000000099999999999 0.00000000099999999999 0.00000013668630249166 0.00000000099999999999 0.82327375455450046982 0.00599076299455659610 0.00231857983767828381 
0.00000000099999999984 0.00000000099999999984 0.99999999200000000421 0.00000000099999999984 0.00000000099999999984 0.00000000099999999984 0.00000000099999999984 0.00000000099999999984 0.00000000099999999984 
0.28497205065640612842 0.00000000099999999996 0.47724889379035695391 0.00000000099999999996 0.00000000099999999996 0.23111453887237515259 0.00000000099999999996 0.00000000099999999996 0.00666451168086165929 
0.00514549674302953314 0.00000000099999999985 0.00000000099999999985 0.00000000099999999985 0.00000000099999999985 0.00000000099999999985 0.99485449625697042197 0.00000000099999999985 0.00000000099999999985 
0.00000000099999999987 0.99999999200000022626 0.00000000099999999987 0.00000000099999999987 0.00000000099999999987 0.00000000099999999987 0.00000000099999999987 0.00000000099999999987 0.00000000099999999987 
0.00000000099999999985 0.00000000099999999985 0.00000000099999999985 0.00000000099999999985 0.00000000099999999985 0.00000000099999999985 0.99999999200000000421 0.00000000099999999985 0.00000000099999999985 
0.00000000099999999988 0.00000000099999999988 0.00000000099999999988 0.00000000099999999988 0.00000000099999999988 0.00000000099999999988 0.99999999199999989319 0.00000000099999999988 0.00000000099999999988 
0.00000000099999999986 0.00000000099999999986 0.00000000099999999986 0.00000000099999999986 0.00000000099999999986 0.00000000099999999986 0.99999999200000000421 0.00000000099999999986 0.00000000099999999986 
0.99999999200000011523 0.00000000099999999986 0.00000000099999999986 0.00000000099999999986 0.00000000099999999986 0.00000000099999999986 0.00000000099999999986 0.00000000099999999986 0.00000000099999999986 
0.00000000099999999979 0.00000000099999999979 0.00000000099999999979 0.00000000099999999979 0.00000000099999999979 0.00000000099999999979 0.99999999200000000421 0.00000000099999999979 0.00000000099999999979 
0.00227164790004112400 0.00000000099999999985 0.00000000099999999985 0.00000000099999999985 0.00000000099999999985 0.00366917719880977249 0.99405916890114898177 0.00000000099999999985 0.00000000099999999985 
0.00000000099999999990 0.50900100896259770078 0.47644364176200504346 0.00000000099999999990 0.00000000099999999990 0.00000000099999999990 0.00000000099999999990 0.00000000099999999990 0.01455534327539736127 
0.37986608009681288589 0.00690042371600454226 0.01859162442472609561 0.00000000154801220643 0.00000000099999999999 0.45055708639036318175 0.14408478082408110454 0.00000000099999999999 0.00000000099999999999 
0.00000000099999999996 0.00000000099999999996 0.00000000099999999996 0.00000000099999999996 0.00000000099999999996 0.42007132123550000591 0.57992826796984109361 0.00000040479465902328 0.00000000099999999996 
0.03581726097505442269 0.00000000099999999991 0.00000000099999999991 0.00000000099999999991 0.00000000099999999991 0.00000000099999999991 0.96418273202494553242 0.00000000099999999991 0.00000000099999999991 
0.46732657966720247966 0.00000000099999999993 0.00000000099999999993 0.00000000099999999993 0.00000000099999999993 0.53217323308760644540 0.00000000099999999993 0.00050018124519092544 0.00000000099999999993 
0.02603176051057251583 0.00000000099999999989 0.00000000099999999989 0.00000000099999999989 0.00000000099999999989 0.00000000099999999989 0.97396823248942754336 0.00000000099999999989 0.00000000099999999989 
0.00000000099999999984 0.00000000099999999984 0.00000000099999999984 0.00000000099999999984 0.00000000099999999984 0.99999999200000000421 0.00000000099999999984 0.00000000099999999984 0.00000000099999999984 
0.46752326739410898782 0.00000000099999999992 0.00000000099999999992 0.00000000099999999992 0.00000000099999999992 0.52866383004064376738 0.00381289656524714041 0.00000000099999999992 0.00000000099999999992 
0.00000000099999999993 0.00000000099999999993 0.00000000099999999993 0.00000000099999999993 0.00000000099999999993 0.04873896235986185932 0.95126103064013811661 0.00000000099999999993 0.00000000099999999993 
0.00000000099999999985 0.00000000099999999985 0.00000000099999999985 0.00000000099999999985 0.00000000099999999985 0.00000000099999999985 0.99999999199999989319 0.00000000099999999985 0.00000000099999999985 
0.00000000099999999997 0.09493636083913652157 0.00000000099999999997 0.90506363216086360701 0.00000000099999999997 0.00000000099999999997 0.00000000099999999997 0.00000000099999999997 0.00000000099999999997 
0.00000000099999999988 0.00000000099999999988 0.00000000099999999988 0.00000000099999999988 0.00000000099999999988 0.99999998599013140144 0.00000000700986856664 0.00000000099999999988 0.00000000099999999988 
0.03163418258622077012 0.00000000099999999996 0.00000000099999999996 0.00497536516732815983 0.00000000099999999996 0.00000000099999999996 0.94964395956044689306 0.01374648768600419436 0.00000000099999999996 
0.00000000099999999985 0.00000000099999999985 0.00000000099999999985 0.99999999200000000421 0.00000000099999999985 0.00000000099999999985 0.00000000099999999985 0.00000000099999999985 0.00000000099999999985 
0.00000000099999999989 0.00000000099999999989 0.00000000099999999989 0.00000000099999999989 0.99999999200000011523 0.00000000099999999989 0.00000000099999999989 0.00000000099999999989 0.00000000099999999989 
0.00000000099999999988 0.00000000099999999988 0.00000000099999999988 0.00000000099999999988 0.00000000099999999988 0.99999999200000011523 0.00000000099999999988 0.00000000099999999988 0.00000000099999999988 
0.00000000099999999991 0.00000000099999999991 0.00000000099999999991 0.99999999200000000421 0.00000000099999999991 0.00000000099999999991 0.00000000099999999991 0.00000000099999999991 0.00000000099999999991 
0.00000000099999999986 0.00000000099999999986 0.01234229931445544014 0.98765769368554467977 0.00000000099999999986 0.00000000099999999986 0.00000000099999999986 0.00000000099999999986 0.00000000099999999986 
0.00000000099999999992 0.00000000099999999992 0.00000000099999999992 0.95382556277940933054 0.04617443022059066621 0.00000000099999999992 0.00000000099999999992 0.00000000099999999992 0.00000000099999999992 
0.00000000099999999983 0.00000000099999999983 0.99999999200000000421 0.00000000099999999983 0.00000000099999999983 0.00000000099999999983 0.00000000099999999983 0.00000000099999999983 0.00000000099999999983 
0.00000000099999999991 0.00000000099999999991 0.64065542452242163485 0.35934456847757850761 0.00000000099999999991 0.00000000099999999991 0.00000000099999999991 0.00000000099999999991 0.00000000099999999991 
0.00000000100000000000 0.00000000100000000000 0.52552931274079872637 0.26006775534486697987 0.03212661086000418581 0.00000000100000000000 0.13639232019389990747 0.02042834881746295392 0.02545564904296711631 
0.00000000099999999988 0.00000000099999999988 0.99999999200000000421 0.00000000099999999988 0.00000000099999999988 0.00000000099999999988 0.00000000099999999988 0.00000000099999999988 0.00000000099999999988 
0.00000000099999999978 0.99999999200000022626 0.00000000099999999978 0.00000000099999999978 0.00000000099999999978 0.00000000099999999978 0.00000000099999999978 0.00000000099999999978 0.00000000099999999978 
0.00000000099999999983 0.00000000099999999983 0.00000000099999999983 0.99999999200000000421 0.00000000099999999983 0.00000000099999999983 0.00000000099999999983 0.00000000099999999983 0.00000000099999999983 
0.00000000099999999987 0.00000000099999999987 0.65922934693980539400 0.33527386415313964463 0.00000000099999999987 0.00000000099999999987 0.00000000099999999987 0.00549678290705486652 0.00000000099999999987 
0.00000000099999999990 0.00000000099999999990 0.62384516948101487177 0.36500848513804268203 0.00000000099999999990 0.00000000099999999990 0.00000000099999999990 0.01114633938094245283 0.00000000099999999990 
0.00208226954486250612 0.09457773665669988450 0.03406718876909663185 0.83576360408234617871 0.00000000099999999998 0.00000000099999999998 0.00000000099999999998 0.03350919694699488333 0.00000000099999999998 
0.00000000100000000000 0.14739873691561689029 0.51935506254133323445 0.04273647701612703215 0.01446820716773587236 0.19224781122809436740 0.00000000100000000000 0.00611526436916085773 0.07767843876193164521 
0.00000000100000000000 0.39722779210420244844 0.00000000100000000000 0.06634822025761255571 0.40045500760739216606 0.13592116533446790827 0.00000000100000000000 0.00004781069632482318 0.00000000100000000000 
0.00000000099999999989 0.00000000099999999989 0.99999999200000000421 0.00000000099999999989 0.00000000099999999989 0.00000000099999999989 0.00000000099999999989 0.00000000099999999989 0.00000000099999999989 
0.00000000099999999995 0.00315663010539544205 0.00000000099999999995 0.99244925522005533747 0.00000000099999999995 0.00000000099999999995 0.00000000099999999995 0.00439410867454925053 0.00000000099999999995 
0.00000000099999999982 0.00000000099999999982 0.00000000099999999982 0.00000000099999999982 0.99999999200000000421 0.00000000099999999982 0.00000000099999999982 0.00000000099999999982 0.00000000099999999982 
0.00000000099999999996 0.59972204524036687445 0.02989993442574697541 0.03046776129761631993 0.33991025403626984325 0.00000000099999999996 0.00000000099999999996 0.00000000099999999996 0.00000000099999999996 
0.00000000099999999985 0.00000000099999999985 0.99999999200000011523 0.00000000099999999985 0.00000000099999999985 0.00000000099999999985 0.00000000099999999985 0.00000000099999999985 0.00000000099999999985 
0.00000000099999999983 0.99999999200000011523 0.00000000099999999983 0.00000000099999999983 0.00000000099999999983 0.00000000099999999983 0.00000000099999999983 0.00000000099999999983 0.00000000099999999983 
0.00000000099999999990 0.00000000099999999990 0.63966865697137842428 0.36033133602862171818 0.00000000099999999990 0.00000000099999999990 0.00000000099999999990 0.00000000099999999990 0.00000000099999999990 
0.00000000099999999995 0.00000000099999999995 0.99441066749356143983 0.00000000099999999995 0.00000000099999999995 0.00000000099999999995 0.00558932550643860548 0.00000000099999999995 0.00000000099999999995 
0.00000000099999999990 0.00000000099999999990 0.00000000099999999990 0.92611985006931252240 0.07388014293068746741 0.00000000099999999990 0.00000000099999999990 0.00000000099999999990 0.00000000099999999990 
0.00000000099999999992 0.00000000099999999992 0.99999999200000000421 0.00000000099999999992 0.00000000099999999992 0.00000000099999999992 0.00000000099999999992 0.00000000099999999992 0.00000000099999999992 
0.00000000099999999994 0.48877275418488774772 0.02269553668934104831 0.04230570551839282073 0.44622599860737849342 0.00000000099999999994 0.00000000099999999994 0.00000000099999999994 0.00000000099999999994 
0.00000000099999999987 0.00000000099999999987 0.00000000099999999987 0.00000000099999999987 0.00000000099999999987 0.00000000099999999987 0.99999999200000000421 0.00000000099999999987 0.00000000099999999987 
0.00000000099999999974 0.00000000099999999974 0.00000000099999999974 0.00000000099999999974 0.00000000099999999974 0.00000000099999999974 0.99999999200000000421 0.00000000099999999974 0.00000000099999999974 
0.47978018523566573483 0.00000000099999999992 0.00000000099999999992 0.00000000099999999992 0.00000000099999999992 0.50060139201413811350 0.00000000099999999992 0.01961841675019607156 0.00000000099999999992 
0.50310166928951094434 0.00000000099999999990 0.00000000099999999990 0.00000000099999999990 0.00000000099999999990 0.49113624690683999052 0.00576207780364903707 0.00000000099999999990 0.00000000099999999990 
0.00000000099999999999 0.01053696085888651893 0.00000000099999999999 0.88131951079945625160 0.00000000099999999999 0.01002965718422935484 0.02091737665697448664 0.04412497078499598435 0.03307152071545742256 
0.37936776357326518205 0.00000000099999999994 0.08216316202014639636 0.00000000099999999994 0.00000000099999999994 0.49685701928455977550 0.04161205012202838505 0.00000000099999999994 0.00000000099999999994 
0.00000000099999999991 0.00000000099999999991 0.00000000099999999991 0.00000000099999999991 0.00000000099999999991 0.99999999200000000421 0.00000000099999999991 0.00000000099999999991 0.00000000099999999991 
0.00000000099999999998 0.02924829907517050714 0.00000000099999999998 0.84758633841024066946 0.00000000099999999998 0.00000000099999999998 0.12278530260425291054 0.00038005491033588529 0.00000000099999999998 
0.27731878923974373485 0.00000000099999999998 0.00000641441415466208 0.00000000099999999998 0.12034184321794140493 0.49549017666342443089 0.08051927584601459298 0.01662931629563077496 0.00969418232309030362 
0.00000000099999999981 0.00000000099999999981 0.00000000099999999981 0.00000000099999999981 0.00000000099999999981 0.00000000099999999981 0.99999999200000000421 0.00000000099999999981 0.00000000099999999981 
0.00000000099999999999 0.00144187864733535389 0.00000000099999999999 0.81968313245434687442 0.00000000099999999999 0.06240450440660521431 0.11647047949171267234 0.00000000099999999999 0.00000000099999999999 
0.00000000099999999988 0.48278152584254696578 0.00000000099999999988 0.04120259439948747993 0.40577401589925438108 0.00000000099999999988 0.00000000099999999988 0.00000000099999999988 0.07024185885871106483 
0.00000000099999999981 0.00000000099999999981 0.00000000099999999981 0.99999999200000000421 0.00000000099999999981 0.00000000099999999981 0.00000000099999999981 0.00000000099999999981 0.00000000099999999981 
0.00000000099999999987 0.00000000099999999987 0.84942893590261014936 0.00000000099999999987 0.00000000099999999987 0.00000000099999999987 0.00000000099999999987 0.00000000099999999987 0.15057105709738999311 
0.00000000099999999994 0.42983312501515269499 0.00000012189721828511 0.00000000099999999994 0.57016674708762915547 0.00000000099999999994 0.00000000099999999994 0.00000000099999999994 0.00000000099999999994 
0.48379145857433974998 0.00000000099999999992 0.00000000099999999992 0.00000000099999999992 0.00000000099999999992 0.51620853442566005942 0.00000000099999999992 0.00000000099999999992 0.00000000099999999992 
0.28994356159547651774 0.00000000099999999999 0.00000000099999999999 0.15370742066988063446 0.00000000099999999999 0.50598077304227673245 0.01949636411187309973 0.00000000099999999999 0.03087187658049303160 
0.44413193175558646209 0.00000000099999999995 0.00000000099999999995 0.00000000099999999995 0.00000000099999999995 0.55586198754638149744 0.00000607469803193853 0.00000000099999999995 0.00000000099999999995 
0.41020699972751473172 0.00000000099999999994 0.00000000099999999994 0.00000000099999999994 0.00000000099999999994 0.54592674328720813826 0.04386625098527686256 0.00000000099999999994 0.00000000099999999994 
0.00000000099999999996 0.00000000099999999996 0.00000000099999999996 0.00000000099999999996 0.00000000099999999996 0.95460149982546016467 0.04539849317453990840 0.00000000099999999996 0.00000000099999999996 
0.25892580057698078022 0.00000000099999999988 0.00000000099999999988 0.00000000099999999988 0.00000000099999999988 0.67045855822816746716 0.07061563519485157536 0.00000000099999999988 0.00000000099999999988 
0.00000000099999999989 0.00000000099999999989 0.00000000099999999989 0.00000000099999999989 0.99999999200000011523 0.00000000099999999989 0.00000000099999999989 0.00000000099999999989 0.00000000099999999989 
0.00000000099999999990 0.00000000099999999990 0.99999999200000011523 0.00000000099999999990 0.00000000099999999990 0.00000000099999999990 0.00000000099999999990 0.00000000099999999990 0.00000000099999999990 
0.00000000099999999992 0.61342286755628716577 0.00000000099999999992 0.00000027726947343423 0.38657684917423945636 0.00000000099999999992 0.00000000099999999992 0.00000000099999999992 0.00000000099999999992 
0.00000000099999999993 0.23530975930937655938 0.00000000099999999993 0.00000000099999999993 0.76469023369062361084 0.00000000099999999993 0.00000000099999999993 0.00000000099999999993 0.00000000099999999993 
0.00000000099999999981 0.00000000099999999981 0.99999999200000000421 0.00000000099999999981 0.00000000099999999981 0.00000000099999999981 0.00000000099999999981 0.00000000099999999981 0.00000000099999999981 
0.00000000099999999974 0.00000000099999999974 0.00000000099999999974 0.99999999200000000421 0.00000000099999999974 0.00000000099999999974 0.00000000099999999974 0.00000000099999999974 0.00000000099999999974 
0.00000000099999999984 0.00000000099999999984 0.00000000099999999984 0.99999999200000000421 0.00000000099999999984 0.00000000099999999984 0.00000000099999999984 0.00000000099999999984 0.00000000099999999984 
0.00000000099999999984 0.00000000099999999984 0.00000000099999999984 0.00000000099999999984 0.99999999200000011523 0.00000000099999999984 0.00000000099999999984 0.00000000099999999984 0.00000000099999999984 
0.00000000099999999986 0.00000000099999999986 0.00000000099999999986 0.00000000099999999986 0.99999999200000011523 0.00000000099999999986 0.00000000099999999986 0.00000000099999999986 0.00000000099999999986 
0.00000000099999999987 0.53570692223471771953 0.00000000099999999987 0.00000000099999999987 0.46429307076528242293 0.00000000099999999987 0.00000000099999999987 0.00000000099999999987 0.00000000099999999987 
0.00000000099999999986 0.00000000333209066857 0.00000000099999999986 0.99999998966790937249 0.00000000099999999986 0.00000000099999999986 0.00000000099999999986 0.00000000099999999986 0.00000000099999999986 
0.00000000099999999994 0.05542607575008536014 0.00000000099999999994 0.94457391724991468518 0.00000000099999999994 0.00000000099999999994 0.00000000099999999994 0.00000000099999999994 0.00000000099999999994 
0.00000000099999999976 0.99999999200000022626 0.00000000099999999976 0.00000000099999999976 0.00000000099999999976 0.00000000099999999976 0.00000000099999999976 0.00000000099999999976 0.00000000099999999976 
0.00000000099999999984 0.00000000099999999984 0.99999999200000011523 0.00000000099999999984 0.00000000099999999984 0.00000000099999999984 0.00000000099999999984 0.00000000099999999984 0.00000000099999999984 
0.00000000099999999997 0.60318606023837928465 0.05546019683528412986 0.02266693812003644018 0.29184534210922602471 0.00000000099999999997 0.00000000099999999997 0.02684145869707391802 0.00000000099999999997 
0.00000000099999999978 0.00000000099999999978 0.00000000099999999978 0.99999999200000000421 0.00000000099999999978 0.00000000099999999978 0.00000000099999999978 0.00000000099999999978 0.00000000099999999978 
0.00000000099999999988 0.46754852101126770370 0.00000000099999999988 0.00000000099999999988 0.53245147198873232774 0.00000000099999999988 0.00000000099999999988 0.00000000099999999988 0.00000000099999999988 
0.26418943969953712081 0.00496342516495057885 0.00654289504339685118 0.00000000099999999999 0.00000000099999999999 0.61923152694946381747 0.08027381170970995794 0.01167628553260157027 0.01312261390033994841 
0.00000000099999999992 0.00000000099999999992 0.16861206191486466377 0.82355618325059909424 0.00783174883453635097 0.00000000099999999992 0.00000000099999999992 0.00000000099999999992 0.00000000099999999992 
0.95214410437481133975 0.00000000099999999994 0.00000000099999999994 0.00000000099999999994 0.04785588862518883047 0.00000000099999999994 0.00000000099999999994 0.00000000099999999994 0.00000000099999999994 
0.00000000099999999977 0.00000000099999999977 0.00000000099999999977 0.99999999200000011523 0.00000000099999999977 0.00000000099999999977 0.00000000099999999977 0.00000000099999999977 0.00000000099999999977 
0.00000000099999999992 0.38574739309256855790 0.00000000099999999992 0.00000000099999999992 0.61425259990743141802 0.00000000099999999992 0.00000000099999999992 0.00000000099999999992 0.00000000099999999992 
0.00000000099999999987 0.49325090420510425693 0.00000000099999999987 0.00000000099999999987 0.50674908879489566349 0.00000000099999999987 0.00000000099999999987 0.00000000099999999987 0.00000000099999999987 
0.00000000099999999982 0.00000000099999999982 0.00000000099999999982 0.99999999200000011523 0.00000000099999999982 0.00000000099999999982 0.00000000099999999982 0.00000000099999999982 0.00000000099999999982 
0.00000000099999999983 0.00000000099999999983 0.00000000099999999983 0.00000000099999999983 0.99999999200000011523 0.00000000099999999983 0.00000000099999999983 0.00000000099999999983 0.00000000099999999983 
0.23380364516861812385 0.10797687940384807781 0.00000000100000000000 0.00001570862389266718 0.54262242191547938042 0.00000000100000000000 0.00000772819488889027 0.06943486721228170344 0.04613874748099119211 
0.00000000099999999986 0.00000000099999999986 0.00000000099999999986 0.99999999200000011523 0.00000000099999999986 0.00000000099999999986 0.00000000099999999986 0.00000000099999999986 0.00000000099999999986 
0.00000000099999999996 0.56428205356551519589 0.00000000099999999996 0.00000000099999999996 0.43571793943448494657 0.00000000099999999996 0.00000000099999999996 0.00000000099999999996 0.00000000099999999996 
0.16269003679222618364 0.00000000099999999992 0.00000000099999999992 0.00000000099999999992 0.00000000099999999992 0.00000000099999999992 0.83730995614501912971 0.00000000106275472688 0.00000000099999999992 
0.00000000099999999949 0.00000000099999999949 0.00000000099999999949 0.00000000099999999949 0.00000000099999999949 0.00000000099999999949 0.00000000099999999949 0.99999999199999989319 0.00000000099999999949 
0.56081099128808264975 0.00000000099999999987 0.00000000099999999987 0.00000000099999999987 0.00000000099999999987 0.43918900171191749271 0.00000000099999999987 0.00000000099999999987 0.00000000099999999987 
0.47406453115953234301 0.00000000099999999991 0.00000000099999999991 0.00000000099999999991 0.00000000099999999991 0.52593546184046746639 0.00000000099999999991 0.00000000099999999991 0.00000000099999999991 
0.00000000099999999990 0.00000000099999999990 0.00000000099999999990 0.00000000099999999990 0.00000000099999999990 0.99999999200000000421 0.00000000099999999990 0.00000000099999999990 0.00000000099999999990 
0.56825678285242187116 0.00000000099999999992 0.00000000099999999992 0.00000000099999999992 0.00000000099999999992 0.43174321014757832682 0.00000000099999999992 0.00000000099999999992 0.00000000099999999992 
0.00000000099999999994 0.00000000099999999994 0.00000000099999999994 0.00000000099999999994 0.00000000099999999994 0.99999999200000011523 0.00000000099999999994 0.00000000099999999994 0.00000000099999999994 
0.27894750738858015149 0.00000000100000000000 0.00000000100000000000 0.00886392445649893980 0.07752393887304445674 0.45430431908904056471 0.16053687974320515752 0.00419213259606190328 0.01563129585356868440 
0.99999999200000022626 0.00000000099999999976 0.00000000099999999976 0.00000000099999999976 0.00000000099999999976 0.00000000099999999976 0.00000000099999999976 0.00000000099999999976 0.00000000099999999976 
0.00000000099999999976 0.00000000099999999976 0.00000000099999999976 0.99999999200000000421 0.00000000099999999976 0.00000000099999999976 0.00000000099999999976 0.00000000099999999976 0.00000000099999999976 
0.99999999200000022626 0.00000000099999999986 0.00000000099999999986 0.00000000099999999986 0.00000000099999999986 0.00000000099999999986 0.00000000099999999986 0.00000000099999999986 0.00000000099999999986 
0.00000000099999999951 0.00000000099999999951 0.00000000099999999951 0.00000000099999999951 0.00000000099999999951 0.00000000099999999951 0.00000000099999999951 0.99999999200000000421 0.00000000099999999951 
0.00331449705556244529 0.00000000099999999991 0.00000000099999999991 0.00000000099999999991 0.00000000099999999991 0.98489205084618380859 0.01179344609825367339 0.00000000099999999991 0.00000000099999999991 
0.00000000099999999985 0.00000000099999999985 0.00000000099999999985 0.00000000099999999985 0.00000000099999999985 0.00000000099999999985 0.99999999200000000421 0.00000000099999999985 0.00000000099999999985 
0.00000000099999999988 0.54229094820740375571 0.00000000099999999988 0.00000000099999999988 0.45770904479259644226 0.00000000099999999988 0.00000000099999999988 0.00000000099999999988 0.00000000099999999988 
0.00000000099999999980 0.00000000099999999980 0.00000000099999999980 0.00000000099999999980 0.00000000099999999980 0.00000000099999999980 0.99999999200000000421 0.00000000099999999980 0.00000000099999999980 
0.00000000099999999985 0.00000000099999999985 0.00000000099999999985 0.00000000099999999985 0.00000000099999999985 0.00000000099999999985 0.99999999200000000421 0.00000000099999999985 0.00000000099999999985 
0.42317233605178355971 0.00017318899670274351 0.01944758117091887478 0.00000000099999999998 0.00000023038204231130 0.52135991734287978616 0.03463315960905694740 0.00121358444661573872 0.00000000099999999998 
0.00000000099999999994 0.00000000099999999994 0.01536071195361192292 0.00000000099999999994 0.00000000099999999994 0.91340607118123473551 0.07123321086515319034 0.00000000099999999994 0.00000000099999999994 
0.00000000099999999989 0.00000000099999999989 0.00000000099999999989 0.00000000099999999989 0.00000000099999999989 0.00000000099999999989 0.99999999200000000421 0.00000000099999999989 0.00000000099999999989 
0.00000000099999999984 0.00000000099999999984 0.00000000099999999984 0.00000000099999999984 0.00000000099999999984 0.00000000099999999984 0.99999999199999989319 0.00000000099999999984 0.00000000099999999984 
0.41821796154243201515 0.00000000099999999994 0.00000000099999999994 0.00000000099999999994 0.00000000099999999994 0.51617120308424813135 0.06561082937331981502 0.00000000099999999994 0.00000000099999999994 
0.00000000099999999987 0.55604534470388800038 0.00000000099999999987 0.00000000099999999987 0.44395464829611208657 0.00000000099999999987 0.00000000099999999987 0.00000000099999999987 0.00000000099999999987 
0.36754953029032483292 0.00000000099999999999 0.00000000099999999999 0.01559921224412571909 0.00000000099999999999 0.53791684570845554880 0.07275754463811094641 0.00617686311898284126 0.00000000099999999999 
0.00000000099999999982 0.00000000099999999982 0.00000000099999999982 0.00000000099999999982 0.00000000099999999982 0.00000000099999999982 0.99999999199999989319 0.00000000099999999982 0.00000000099999999982 
0.24446202825491300525 0.00000000099999999996 0.03400077011042406533 0.00000000099999999996 0.00000000099999999996 0.70625398184948862124 0.01528321478517430040 0.00000000099999999996 0.00000000099999999996 
0.42569030107478211811 0.00000000099999999995 0.00000000099999999995 0.00000000099999999995 0.00000000099999999995 0.53187282799377566533 0.04243686493144215727 0.00000000099999999995 0.00000000099999999995 
0.00000000099999999987 0.00000000099999999987 0.00000000099999999987 0.00000000099999999987 0.00000000099999999987 0.00000000099999999987 0.99999999200000000421 0.00000000099999999987 0.00000000099999999987 
0.00000000099999999975 0.99999999200000011523 0.00000000099999999975 0.00000000099999999975 0.00000000099999999975 0.00000000099999999975 0.00000000099999999975 0.00000000099999999975 0.00000000099999999975 
0.00000000099999999992 0.00000000099999999992 0.00000000099999999992 0.00000000099999999992 0.00000000099999999992 0.00000000099999999992 0.99999999199999989319 0.00000000099999999992 0.00000000099999999992 
0.99999999200000022626 0.00000000099999999983 0.00000000099999999983 0.00000000099999999983 0.00000000099999999983 0.00000000099999999983 0.00000000099999999983 0.00000000099999999983 0.00000000099999999983 
0.15047712097206558668 0.00000000099999999998 0.04170555504422133325 0.00000000099999999998 0.00000000099999999998 0.80319341142190525673 0.00462390756180773750 0.00000000099999999998 0.00000000099999999998 
0.00000000099999999990 0.00000000099999999990 0.00000000099999999990 0.00000000099999999990 0.00000000099999999990 0.99999999200000011523 0.00000000099999999990 0.00000000099999999990 0.00000000099999999990 
0.00000000099999999976 0.99999999200000022626 0.00000000099999999976 0.00000000099999999976 0.00000000099999999976 0.00000000099999999976 0.00000000099999999976 0.00000000099999999976 0.00000000099999999976 
0.35434199659242082703 0.00000000099999999996 0.14139940186694019419 0.00000000099999999996 0.00000000099999999996 0.45805190780000493156 0.04620668874063377923 0.00000000099999999996 0.00000000099999999996 
0.00000000099999999995 0.00000000099999999995 0.00000000099999999995 0.00000000099999999995 0.00000000099999999995 0.97006762840050742014 0.02993236459949274314 0.00000000099999999995 0.00000000099999999995 
0.00000000099999999986 0.00000000099999999986 0.00000000099999999986 0.00000000099999999986 0.00000000099999999986 0.99999999200000011523 0.00000000099999999986 0.00000000099999999986 0.00000000099999999986 
0.50749630480904217578 0.00000000099999999997 0.00000000099999999997 0.00000000099999999997 0.00000000099999999997 0.47569183702981421291 0.00000000099999999997 0.01681185216114370468 0.00000000099999999997 
0.18403974372516249125 0.00000000099999999998 0.00000000099999999998 0.00000000099999999998 0.00777507245509080191 0.00000000099999999998 0.79464805357064849378 0.00000000099999999998 0.01353712524909808645 
0.00000000099999999997 0.00000000099999999997 0.00000000099999999997 0.00000000099999999997 0.86883359389888481505 0.00000000099999999997 0.13116639910111516087 0.00000000099999999997 0.00000000099999999997 
0.49855253872365007384 0.00000000099999999997 0.06336443543726119620 0.00000000099999999997 0.00000000099999999997 0.43808301983908870536 0.00000000099999999997 0.00000000099999999997 0.00000000099999999997 
0.00000000099999999975 0.00000000099999999975 0.00000000099999999975 0.00000000099999999975 0.00000000099999999975 0.00000000099999999975 0.99999999200000000421 0.00000000099999999975 0.00000000099999999975 
0.04539356260120219755 0.00000000099999999997 0.00000000099999999997 0.00000000099999999997 0.00000000099999999997 0.00000000099999999997 0.95460643039879777838 0.00000000099999999997 0.00000000099999999997 
0.00000000099999999997 0.00000000099999999997 0.00000000099999999997 0.05001930649904588744 0.00000000099999999997 0.33500752096875752173 0.61497316653219669114 0.00000000099999999997 0.00000000099999999997 
0.18356771675849581360 0.00000000099999999998 0.03475697191628653732 0.00000000099999999998 0.43642045826374165074 0.00000000099999999998 0.34525484806147621608 0.00000000099999999998 0.00000000099999999998 
0.00000000099999999985 0.00000000099999999985 0.00000000099999999985 0.00000000099999999985 0.00000000099999999985 0.99999999200000011523 0.00000000099999999985 0.00000000099999999985 0.00000000099999999985 
0.04837368570940207835 0.00000000099999999999 0.00000000099999999999 0.05019652972017008691 0.44845609884527493083 0.36249572779083039098 0.07712559482023230439 0.01335236011409028992 0.00000000099999999999 
0.41953936880188774650 0.00000000099999999996 0.20962127828368315452 0.00000000099999999996 0.00000000099999999996 0.36947462026757083020 0.00136472764685828681 0.00000000099999999996 0.00000000099999999996 
0.00000000099999999995 0.00000000099999999995 0.00000000099999999995 0.00000000099999999995 0.00000000099999999995 0.99999999200000011523 0.00000000099999999995 0.00000000099999999995 0.00000000099999999995 
