0.33773951479321834279 0.09893989086304080804 0.56332059434374082141 
0.00000000100000000000 0.99999999800000005656 0.00000000100000000000 
0.02461958664295183993 0.81908817685401236197 0.15629223650303583626 
0.00000000099999999999 0.92367617659586831458 0.07632382240413175534 
0.00000000099999999999 0.88144600935630479377 0.11855398964369535941 
0.00000000099999999999 0.99999999800000005656 0.00000000099999999999 
0.99999999799999994554 0.00000000099999999996 0.00000000099999999996 
0.00000000099999999997 0.00000000099999999997 0.99999999800000005656 
0.00000000099999999998 0.93246413263397698312 0.06753586636602311455 
0.99999999799999994554 0.00000000099999999996 0.00000000099999999996 
0.99999999799999994554 0.00000000099999999997 0.00000000099999999997 
0.99999999799999994554 0.00000000099999999999 0.00000000099999999999 
0.82102923415869888402 0.17897076484130111651 0.00000000100000000000 
0.85052279740868075297 0.14946133475016815106 0.00001586784115104352 
0.79605188814302396683 0.00000386383551349579 0.20394424802146254860 
0.99999999800000005656 0.00000000099999999998 0.00000000099999999998 
0.86487322943603273107 0.02288680094068423765 0.11223996962328314231 
0.40508524506818488486 0.07844188377874322660 0.51647287115307183303 
0.99999999800000005656 0.00000000099999999992 0.00000000099999999992 
0.94978365271142406456 0.05021634628857604699 0.00000000100000000000 
0.85204350820996310745 0.14795649079003689308 0.00000000099999999999 
0.99999999799999994554 0.00000000099999999997 0.00000000099999999997 
0.99999999799999994554 0.00000000099999999993 0.00000000099999999993 
0.01168450920524508919 0.87747124805803444758 0.11084424273672051353 
0.99999999799999994554 0.00000000099999999997 0.00000000099999999997 
0.99999999800000005656 0.00000000099999999999 0.00000000099999999999 
0.81421178414672346069 0.18578821485327659535 0.00000000100000000000 
0.00983949132487421663 0.96092459182082201607 0.02923591685430387485 
0.00000000099999999999 0.92627504927682502434 0.07372494972317501782 
0.97333512729676618935 0.00000000100000000000 0.02666487170323376607 
0.90551528948223836135 0.00000000100000000000 0.09448470951776168081 
0.99819319640232295754 0.00000000099999999999 0.00180680259767703995 
0.03977508061236689069 0.93161773657324786768 0.02860718281438526939 
0.64213361160364668123 0.34547566525080214417 0.01239072314555106531 
0.00387587356664596339 0.89452747149288369677 0.10159665494047043222 
0.99912044039475744750 0.00000000099999999999 0.00087955860524266383 
0.99999999800000005656 0.00000000099999999994 0.00000000099999999994 
0.66346538785093123192 0.33639249535206922070 0.00014211679699954705 
0.99350390875148686387 0.00649609024851302737 0.00000000100000000000 
0.99999999800000005656 0.00000000099999999997 0.00000000099999999997 
0.99999999799999994554 0.00000000099999999998 0.00000000099999999998 
0.00000000099999999997 0.00000000099999999997 0.99999999799999994554 
0.09050067321273752574 0.06993191176428154021 0.83956741502298093405 
0.82461477771324631636 0.17538522128675362866 0.00000000100000000000 
0.35422504729905979204 0.64457982617736342412 0.00119512652357685887 
0.00000000099999999997 0.00000000099999999997 0.99999999800000005656 
0.97885717789491366592 0.00000000099999999999 0.02114282110508633808 
0.00000000099999999997 0.00000000099999999997 0.99999999799999994554 
0.00000000099999999997 0.00000000099999999997 0.99999999799999994554 
0.00000000099999999997 0.00000000099999999997 0.99999999799999994554 
0.00000000100000000000 0.88038403836798528879 0.11961596063201472562 
0.00000000099999999996 0.00000000099999999996 0.99999999800000005656 
0.00000000099999999997 0.00016636100583272904 0.99983363799416724582 
0.95736783240536704742 0.04263216659463282127 0.00000000100000000000 
0.01658178578709335396 0.80872229202398282499 0.17469592218892390778 
0.00000000099999999999 0.39386843434200391467 0.60613156465799611361 
0.00000000099999999998 0.00000260372876800120 0.99999739527123199245 
0.00000000099999999999 0.99999985259676671401 0.00000014640323322580 
0.00000000099999999998 0.00000207645067639773 0.99999792254932362567 
0.00000000099999999998 0.99999999800000005656 0.00000000099999999998 
0.00000000099999999998 0.96463747022004886489 0.03536252877995108707 
0.00000000099999999998 0.03480853069508029612 0.96519146830491964195 
0.00000000099999999997 0.00000000099999999997 0.99999999800000005656 
0.97695266304908989774 0.00000000100000000000 0.02304733595091026585 
0.00000000099999999998 0.95777994076894124031 0.04222005823105873246 
0.00000000100000000000 0.00039139989081372737 0.99960859910918631321 
0.99999999799999994554 0.00000000099999999995 0.00000000099999999995 
0.99999999799999994554 0.00000000099999999998 0.00000000099999999998 
0.00000000099999999998 0.99999999800000005656 0.00000000099999999998 
0.99999999799999994554 0.00000000099999999997 0.00000000099999999997 
0.99999999800000005656 0.00000000099999999994 0.00000000099999999994 
0.99999999800000005656 0.00000000099999999996 0.00000000099999999996 
0.83108921070185970414 0.16891078829814018536 0.00000000099999999999 
0.93881519093049503599 0.06118480806950504086 0.00000000100000000000 
0.76925971712156016036 0.10012258972275166202 0.13061769315568827476 
0.82571332796818874833 0.17428663181020850881 0.00000004022160272630 
0.99999999799999994554 0.00000000099999999998 0.00000000099999999998 
0.99999999799999994554 0.00000000099999999994 0.00000000099999999994 
0.95800778143875053861 0.04199221756124948274 0.00000000099999999999 
0.93463476399127443095 0.06536523500872547243 0.00000000099999999999 
0.97385075622952821384 0.02614924277047186302 0.00000000100000000000 
0.68000613444507318484 0.31998180200109410665 0.00001206355383278057 
0.86318580364585972831 0.11841945862970493231 0.01839473772443540531 
0.80033327507730078754 0.19966672392269910197 0.00000000100000000000 
0.99999999800000005656 0.00000000099999999998 0.00000000099999999998 
0.99999999799999994554 0.00000000099999999997 0.00000000099999999997 
0.99999999800000005656 0.00000000099999999998 0.00000000099999999998 
0.85046115488795825943 0.14953884411204168559 0.00000000099999999999 
0.99999999800000005656 0.00000000099999999998 0.00000000099999999998 
0.94478734986242596250 0.05521264913757391313 0.00000000099999999999 
0.77552032680919358310 0.18184529453888076400 0.04263437865192559045 
0.99999999799999994554 0.00000000099999999994 0.00000000099999999994 
0.80618391920689580488 0.19234454723770741391 0.00147153355539674392 
0.99999999800000005656 0.00000000099999999997 0.00000000099999999997 
0.00000000099999999997 0.00000000099999999997 0.99999999799999994554 
0.00000000099999999994 0.00000000099999999994 0.99999999800000005656 
0.00000000099999999999 0.98234571943632642554 0.01765427956367370682 
0.00000000099999999998 0.97102427213880404544 0.02897572686119604876 
0.94617600166943760520 0.01915504485724873335 0.03466895347331373778 
0.02228982053552457446 0.92576308759584247099 0.05194709186863286088 
0.00000000099999999999 0.99999836931418828456 0.00000162968581168438 
0.89700519571786141437 0.00000000100000000000 0.10299480328213871105 
0.12508309090119215656 0.76492227582625249571 0.10999463327255543099 
0.00000000099999999996 0.00000000099999999996 0.99999999799999994554 
0.83881221558292984319 0.04983590562569136656 0.11135187879137870004 
0.99999999800000005656 0.00000000099999999996 0.00000000099999999996 
0.99999999800000005656 0.00000000099999999996 0.00000000099999999996 
0.83777817633157780630 0.16222182266842208320 0.00000000100000000000 
0.99527883595352950596 0.00000205290435383747 0.00471911114211656137 
0.00000000099999999999 0.99998929416349680022 0.00001070483650316783 
0.18752382405662151865 0.76709966162338061313 0.04537651431999779189 
0.00000000099999999999 0.95839662010966608641 0.04160337889033392800 
0.00000000099999999999 0.91783915199636756377 0.08216084700363235349 
0.00000000100000000000 0.93300249604398477477 0.06699750295601528127 
0.00000000099999999998 0.90237437657292363102 0.09762562242707635562 
0.99999999799999994554 0.00000000099999999998 0.00000000099999999998 
0.83189789191031571214 0.16810202699467258203 0.00000008109501175925 
0.99999999799999994554 0.00000000099999999998 0.00000000099999999998 
0.99979075091005598086 0.00000000100000000000 0.00020924808994397635 
0.86030924486614002156 0.13969075413386003448 0.00000000100000000000 
0.99999999799999994554 0.00000000099999999993 0.00000000099999999993 
0.99999999799999994554 0.00000000099999999994 0.00000000099999999994 
0.99999999800000005656 0.00000000099999999996 0.00000000099999999996 
0.99999999799999994554 0.00000000099999999997 0.00000000099999999997 
0.99999999800000005656 0.00000000099999999995 0.00000000099999999995 
0.99999999800000005656 0.00000000099999999994 0.00000000099999999994 
0.99999999800000005656 0.00000000099999999999 0.00000000099999999999 
0.99999999799999994554 0.00000000099999999997 0.00000000099999999997 
0.84373156352418932080 0.15626843547581059646 0.00000000099999999999 
0.98071994840635812185 0.01928005059364192725 0.00000000100000000000 
0.99999999799999994554 0.00000000099999999993 0.00000000099999999993 
0.99999999799999994554 0.00000000099999999996 0.00000000099999999996 
0.00929734397550526816 0.89088010724309862898 0.09982254878139602827 
0.99999999799999994554 0.00000000099999999997 0.00000000099999999997 
0.06904075563018699513 0.92792244821631630902 0.00303679615349672057 
0.99999999800000005656 0.00000000099999999994 0.00000000099999999994 
0.99999999800000005656 0.00000000099999999998 0.00000000099999999998 
0.99999999800000005656 0.00000000099999999997 0.00000000099999999997 
0.99999999800000005656 0.00000000099999999994 0.00000000099999999994 
0.99999999799999994554 0.00000000099999999996 0.00000000099999999996 
0.73247734152091825699 0.23069498005500282956 0.03682767842407891346 
0.99999999799999994554 0.00000000099999999996 0.00000000099999999996 
0.97646466058989800363 0.00000000099999999999 0.02353533841010202465 
0.00000000099999999999 0.13944626147913699588 0.86055373752086294914 
0.63321082469295131290 0.36678907554973394500 0.00000009975731472087 
0.00000000099999999998 0.99724603217547591605 0.00275396682452399514 
0.00000000099999999998 0.97513212207311472657 0.02486787692688544049 
0.00000000099999999999 0.99999815885700760187 0.00000184014299232590 
0.00000000099999999999 0.99357805956530664826 0.00642193943469329068 
0.00000000100000000000 0.95898024249546420794 0.04101975650453579259 
0.10049553376398512317 0.71338890272639010615 0.18611556350962477069 
0.00000000099999999997 0.99999999799999994554 0.00000000099999999997 
0.99999999800000005656 0.00000000099999999994 0.00000000099999999994 
0.00000000099999999999 0.95061760594165856109 0.04938239305834139087 
0.65840777239233350127 0.34155335615979248720 0.00003887144787401750 
0.00000000099999999999 0.95132050621210451080 0.04867949278789548972 
0.00000000099999999997 0.00000000099999999997 0.99999999800000005656 
0.99999999799999994554 0.00000000099999999996 0.00000000099999999996 
0.00000000099999999996 0.00000000099999999996 0.99999999799999994554 
0.00000000099999999997 0.00000000099999999997 0.99999999800000005656 
0.01613878897928980663 0.91488773672919676549 0.06897347429151354237 
0.00000000100000000000 0.90665791754011604286 0.09334208145988413807 
0.00000000099999999998 0.00000000099999999998 0.99999999799999994554 
0.00000000099999999997 0.00000000099999999997 0.99999999800000005656 
0.00000000099999999999 0.90510908795990763220 0.09489091104009229893 
0.99999999800000005656 0.00000000099999999995 0.00000000099999999995 
0.00829161060877206708 0.89555613472886441695 0.09615225466236353158 
0.00000000099999999997 0.00000000099999999997 0.99999999800000005656 
0.00000000100000000000 0.97973713386243288515 0.02026286513756720906 
0.00000000099999999999 0.93481319358088255100 0.06518680541911749116 
0.00000000099999999997 0.00000000099999999997 0.99999999800000005656 
0.99999112811403778611 0.00000000099999999999 0.00000887088596237721 
0.00000000099999999998 0.00000000099999999998 0.99999999800000005656 
0.00000000100000000000 0.95754837162223827018 0.04245162737776169565 
0.02152074154901228997 0.94241700324481569861 0.03606225520617196978 
0.00000000099999999999 0.93450994211712912207 0.06549005688287080906 
0.99999999799999994554 0.00000000099999999997 0.00000000099999999997 
0.08615085053858874409 0.86130732420391187265 0.05254182525749928612 
0.00000000099999999999 0.91348975632418494275 0.08651024267581500227 
0.00000000099999999998 0.99999999799999994554 0.00000000099999999998 
0.00000000100000000000 0.99429390790354887919 0.00570609109645113868 
0.01317681948803810926 0.16054749773961624060 0.82627568277234564320 
0.85699673537873444218 0.00000000100000000000 0.14300326362126561386 
0.02898311710526972965 0.93472740863391834409 0.03628947426081186034 
0.00000000099999999995 0.00000000099999999995 0.99999999800000005656 
0.00000000099999999999 0.00019878999798217487 0.99980120900201785439 
0.04705310738303579432 0.31951360050090588105 0.63343329211605836626 
0.44266433183287667852 0.19142593173665120587 0.36590973643047219888 
0.00000000099999999997 0.99999999799999994554 0.00000000099999999997 
0.49090224020933020954 0.38180883565597029117 0.12728892413469952705 
0.11361263492370075878 0.87467731030659590097 0.01171005476970334198 
0.00000000099999999999 0.99999999799999994554 0.00000000099999999999 
0.34429039918439890977 0.65570882921833195667 0.00000077159726929520 
0.01838997041075946665 0.62031292045477637309 0.36129710913446416720 
0.82066298319659836125 0.17495836601269834643 0.00437865079070332616 
0.83017835668310002717 0.16982164231689991785 0.00000000100000000000 
0.00000000099999999999 0.93441961209140744771 0.06558038690859263609 
0.00000000099999999997 0.00000000099999999997 0.99999999800000005656 
0.00000000099999999998 0.00000000099999999998 0.99999999800000005656 
0.00000000099999999997 0.00000000099999999997 0.99999999800000005656 
0.59866895159607691479 0.39323508158530884327 0.00809596681861429052 
0.00000000100000000000 0.96311790250535334046 0.03688209649464672252 
0.00000000099999999998 0.97534834158807814930 0.02465165741192186163 
0.00000000099999999999 0.07197823509300511902 0.92802176390699497865 
0.00000000099999999999 0.90848021124492783773 0.09151978775507213504 
0.00000000099999999997 0.00000000099999999997 0.99999999800000005656 
0.64962836868299311810 0.35026134795083790907 0.00011028336616897280 
0.00000000099999999997 0.00000000099999999997 0.99999999799999994554 
0.00000000099999999998 0.00000043357591446441 0.99999956542408563465 
0.64178023119522631390 0.35581404633162411200 0.00240572247314959362 
0.62602227356514372758 0.32919625313876943462 0.04478147329608680310 
0.00000000099999999999 0.99999999800000005656 0.00000000099999999999 
0.00000000099999999995 0.00000000099999999995 0.99999999800000005656 
0.00000000099999999999 0.96254798775812089318 0.03745201124187914898 
0.00000000099999999996 0.00000000099999999996 0.99999999799999994554 
