0.27280473960389389765 0.14396500743280055135 0.16099975572543917535 0.00000000099999999998 0.00000000099999999998 0.08949653076798572138 0.00000000099999999998 0.33273396146988054589 0.00000000099999999998 0.00000000099999999998 
0.00000000099999999996 0.00000000099999999996 0.13754606190945067867 0.00000000099999999996 0.01950108466328039428 0.84295284642726897584 0.00000000099999999996 0.00000000099999999996 0.00000000099999999996 0.00000000099999999996 
0.13298465809809328908 0.11235840454276151135 0.00000000099999999997 0.01375129464337821947 0.00000000099999999997 0.72895353124042439052 0.01187031091065686092 0.00000000099999999997 0.00008179656468572551 0.00000000099999999997 
0.18650047186797838461 0.00000000099999999997 0.00000000099999999997 0.00000000099999999997 0.00923970945316449598 0.80425981156984016618 0.00000000099999999997 0.00000000099999999997 0.00000000110901701320 0.00000000099999999997 
0.00000000099999999994 0.20446256780876312376 0.00000000099999999994 0.00000000099999999994 0.00303765572265294291 0.79249976946858413651 0.00000000099999999994 0.00000000099999999994 0.00000000099999999994 0.00000000099999999994 
0.11707862322502492203 0.00000000099999999993 0.00000000099999999993 0.00000000099999999993 0.00000000099999999993 0.88292136877497517933 0.00000000099999999993 0.00000000099999999993 0.00000000099999999993 0.00000000099999999993 
0.00000000099999999983 0.00000000099999999983 0.00000000099999999983 0.95953114893754065662 0.00000000099999999983 0.00000000099999999983 0.00000000099999999983 0.00000000099999999983 0.04046884306245938229 0.00000000099999999983 
0.00000000099999999971 0.99999999100000014352 0.00000000099999999971 0.00000000099999999971 0.00000000099999999971 0.00000000099999999971 0.00000000099999999971 0.00000000099999999971 0.00000000099999999971 0.00000000099999999971 
0.09512442630728024096 0.06865882781987685257 0.00000000099999999991 0.00000000099999999991 0.00000000099999999991 0.82373388825472670938 0.00000000099999999991 0.00000000099999999991 0.00000000099999999991 0.01248285161811622627 
0.00000000099999999983 0.00000000099999999983 0.00000000099999999983 0.99999999100000014352 0.00000000099999999983 0.00000000099999999983 0.00000000099999999983 0.00000000099999999983 0.00000000099999999983 0.00000000099999999983 
0.00000000099999999988 0.00000000099999999988 0.00000000099999999988 0.99999995607967628874 0.00000000099999999988 0.00000000099999999988 0.00000000099999999988 0.00000003592032383548 0.00000000099999999988 0.00000000099999999988 
0.00000000099999999992 0.00000000099999999992 0.00000000099999999992 0.99888774866996177249 0.00111224333003832453 0.00000000099999999992 0.00000000099999999992 0.00000000099999999992 0.00000000099999999992 0.00000000099999999992 
0.00000000099999999976 0.00000000099999999976 0.00000000099999999976 0.00000000099999999976 0.00000000099999999976 0.00000000099999999976 0.00000000099999999976 0.00000000099999999976 0.99999999100000003249 0.00000000099999999976 
0.00000000099999999997 0.00000000099999999997 0.00000000099999999997 0.56376958669152743564 0.15040278551025410003 0.08584604645123265765 0.19998157534698585147 0.00000000099999999997 0.00000000099999999997 0.00000000099999999997 
0.00000000099999999988 0.00000000099999999988 0.00000000099999999988 0.00000000099999999988 0.43302290362124196132 0.00000000099999999988 0.56697708837875815391 0.00000000099999999988 0.00000000099999999988 0.00000000099999999988 
0.00000000099999999986 0.00000000099999999986 0.00000000099999999986 0.98009558249551720355 0.01990440950448293944 0.00000000099999999986 0.00000000099999999986 0.00000000099999999986 0.00000000099999999986 0.00000000099999999986 
0.00000000099999999993 0.00000000099999999993 0.08059131755810418352 0.44764871752735113652 0.20288055553856118585 0.00000000099999999993 0.26887940337598331686 0.00000000099999999993 0.00000000099999999993 0.00000000099999999993 
0.05375815602019727579 0.30738011408814580605 0.17404124515101912496 0.00000000099999999994 0.18933579394647817584 0.00000000099999999994 0.27548468579415968938 0.00000000099999999994 0.00000000099999999994 0.00000000099999999994 
0.00000000099999999890 0.00000000099999999890 0.00000000099999999890 0.00000000099999999890 0.00000000099999999890 0.00000000099999999890 0.99999999099999981045 0.00000000099999999890 0.00000000099999999890 0.00000000099999999890 
0.00000000099999999988 0.00000000099999999988 0.00000000099999999988 0.00000000099999999988 0.41585007480232388799 0.00000000099999999988 0.58414991719767594969 0.00000000099999999988 0.00000000099999999988 0.00000000099999999988 
0.00000000099999999888 0.00000000099999999888 0.00000000099999999888 0.00000000099999999888 0.99999999100000003249 0.00000000099999999888 0.00000000099999999888 0.00000000099999999888 0.00000000099999999888 0.00000000099999999888 
0.00000000099999999988 0.00000000099999999988 0.00000000099999999988 0.95926632718733573224 0.00000000099999999988 0.00000000099999999988 0.00000000099999999988 0.00000000099999999988 0.04073366481266425809 0.00000000099999999988 
0.00000000099999999971 0.00000000099999999971 0.00000000099999999971 0.00000000099999999971 0.00000000099999999971 0.00000000099999999971 0.00000000099999999971 0.99999999099999992147 0.00000000099999999971 0.00000000099999999971 
0.03649037067635775566 0.00508734007819706697 0.16504783336087688883 0.00000000099999999994 0.00000000099999999994 0.74018020896669001196 0.00000000099999999994 0.00000000099999999994 0.05319424191787835293 0.00000000099999999994 
0.00000000099999999988 0.00000000099999999988 0.00000000099999999988 0.96361221834389743091 0.00000000099999999988 0.00000000099999999988 0.00000000099999999988 0.00000000099999999988 0.03638777365610276066 0.00000000099999999988 
0.00000000099999999991 0.00000000099999999991 0.00000000099999999991 0.99660000226057243733 0.00339982340246867010 0.00000000099999999991 0.00000000099999999991 0.00000000099999999991 0.00000016733695896726 0.00000000099999999991 
0.00000000099999999985 0.00000000099999999985 0.00000000099999999985 0.00000000099999999985 0.00000000099999999985 0.00000000099999999985 0.00000000099999999985 0.00000000099999999985 0.99999999100000003249 0.00000000099999999985 
0.00000000099999999996 0.00000000099999999996 0.18403802732326726699 0.00000000099999999996 0.01383069980305189767 0.78240796202118434444 0.00000000099999999996 0.00000000099999999996 0.01972330485249659121 0.00000000099999999996 
0.00000000099999999994 0.07118783736169427556 0.09666267557100133301 0.00000000099999999994 0.00000000099999999994 0.83214948006730438124 0.00000000099999999994 0.00000000099999999994 0.00000000099999999994 0.00000000099999999994 
0.00000000099999999998 0.00000000099999999998 0.00000000099999999998 0.99999999100000014352 0.00000000099999999998 0.00000000099999999998 0.00000000099999999998 0.00000000099999999998 0.00000000099999999998 0.00000000099999999998 
0.00000000099999999997 0.00000000099999999997 0.08465472740270717222 0.86138155802299398722 0.00579051986455813694 0.00000000099999999997 0.04817318870974062611 0.00000000099999999997 0.00000000099999999997 0.00000000099999999997 
0.00000000099999999993 0.00000000099999999993 0.00000000099999999993 0.92474226505122447684 0.03943969302467132537 0.00000000099999999993 0.00000000099999999993 0.02232773984232482370 0.00000000099999999993 0.01349029608177933041 
0.07802938567701606098 0.00000000099999999996 0.05680150669503029187 0.00000000099999999996 0.00000000099999999996 0.79082200458820561817 0.00000000099999999996 0.00000000099999999996 0.07434709703974801132 0.00000000099999999996 
0.00000000099999999970 0.00000000099999999970 0.00000000099999999970 0.00000000099999999970 0.00000000099999999970 0.00000000099999999970 0.00000000099999999970 0.00000000099999999970 0.00000000099999999970 0.99999999100000003249 
0.00987321838401472585 0.10158879902082530722 0.07946811650481888645 0.00000000099999999998 0.02272646410742003298 0.74991760170014454268 0.00000000099999999998 0.00000000099999999998 0.00000000099999999998 0.03642579628277667347 
0.00000000099999999991 0.00000000099999999991 0.00000000099999999991 0.99037552965810615735 0.00136559278037196551 0.00000000099999999991 0.00000000099999999991 0.00825887056152199012 0.00000000099999999991 0.00000000099999999991 
0.00000000099999999977 0.00000000099999999977 0.00000000099999999977 0.00000000099999999977 0.00000000099999999977 0.00000000099999999977 0.00000000099999999977 0.99999999099999992147 0.00000000099999999977 0.00000000099999999977 
0.00000000099999999949 0.00000000099999999949 0.00000000099999999949 0.00000000099999999949 0.00000000099999999949 0.00000000099999999949 0.00000000099999999949 0.00000000099999999949 0.00000000099999999949 0.99999999100000003249 
0.00000000099999999993 0.00000000099999999993 0.00000000099999999993 0.98069612272118222851 0.00000000138374736261 0.00000000099999999993 0.01930386889507049869 0.00000000099999999993 0.00000000099999999993 0.00000000099999999993 
0.00000000099999999987 0.00000000099999999987 0.00000000099999999987 0.98472415235492849472 0.00000000099999999987 0.00000000099999999987 0.00000000099999999987 0.01527583964507151122 0.00000000099999999987 0.00000000099999999987 
0.00000000099999999990 0.00000000099999999990 0.00000000099999999990 0.95012614996681765689 0.00000000099999999990 0.00000000099999999990 0.00000000099999999990 0.00011014009549605171 0.04976370293768628966 0.00000000099999999990 
0.00000000099999999977 0.99999999100000025454 0.00000000099999999977 0.00000000099999999977 0.00000000099999999977 0.00000000099999999977 0.00000000099999999977 0.00000000099999999977 0.00000000099999999977 0.00000000099999999977 
0.38127112879734648132 0.35912774595609947559 0.11680354048789146071 0.07768355302651208660 0.01148201209682989457 0.05117705061825840451 0.00000000099999999999 0.00000000099999999999 0.00000000099999999999 0.00245496601706217269 
0.00000000099999999982 0.00000000099999999982 0.00000000099999999982 0.00000000099999999982 0.00000000099999999982 0.00000000099999999982 0.00000000099999999982 0.00000000099999999982 0.99999999099999992147 0.00000000099999999982 
0.02539373207279036274 0.05064324792647546813 0.00000000099999999996 0.00000000099999999996 0.04341641339788154808 0.43572837897847493949 0.00000000099999999996 0.00000000099999999996 0.44481822262437770155 0.00000000099999999996 
0.00000000099999999976 0.99999999100000014352 0.00000000099999999976 0.00000000099999999976 0.00000000099999999976 0.00000000099999999976 0.00000000099999999976 0.00000000099999999976 0.00000000099999999976 0.00000000099999999976 
0.00000000099999999996 0.00000000099999999996 0.00000000099999999996 0.97713881341385777635 0.01374503297554796263 0.00000000099999999996 0.00000000099999999996 0.00000000099999999996 0.00000000390048756295 0.00911614371010674961 
0.99999999100000014352 0.00000000099999999963 0.00000000099999999963 0.00000000099999999963 0.00000000099999999963 0.00000000099999999963 0.00000000099999999963 0.00000000099999999963 0.00000000099999999963 0.00000000099999999963 
0.00000000099999999977 0.99999999100000014352 0.00000000099999999977 0.00000000099999999977 0.00000000099999999977 0.00000000099999999977 0.00000000099999999977 0.00000000099999999977 0.00000000099999999977 0.00000000099999999977 
0.30838604031711619458 0.00000000099999999976 0.69161395168288386515 0.00000000099999999976 0.00000000099999999976 0.00000000099999999976 0.00000000099999999976 0.00000000099999999976 0.00000000099999999976 0.00000000099999999976 
0.00000000099999999994 0.22435136859893006767 0.00000000099999999994 0.00000000099999999994 0.01891771000178316467 0.74034452782603887844 0.00000000099999999994 0.00000000099999999994 0.00000000099999999994 0.01638638757324791320 
0.00000000099999999970 0.99999999100000025454 0.00000000099999999970 0.00000000099999999970 0.00000000099999999970 0.00000000099999999970 0.00000000099999999970 0.00000000099999999970 0.00000000099999999970 0.00000000099999999970 
0.47788988336536292190 0.52211010863463713783 0.00000000099999999982 0.00000000099999999982 0.00000000099999999982 0.00000000099999999982 0.00000000099999999982 0.00000000099999999982 0.00000000099999999982 0.00000000099999999982 
0.00000000099999999990 0.00000000099999999990 0.00000000099999999990 0.51247946197637084254 0.04537373145735890817 0.00000000099999999990 0.00000000099999999990 0.00000000303175033447 0.44214679753451990862 0.00000000099999999990 
0.00000000099999999998 0.00000000099999999998 0.27560169177540549956 0.00000000099999999998 0.00000000099999999998 0.70033735794397533603 0.01836655258213924433 0.00000000099999999998 0.00569439169847995360 0.00000000099999999998 
0.09007489991363894222 0.45053187942344918859 0.10894139603987912368 0.00000000099999999998 0.00000000099999999998 0.34619024030155337579 0.00000000099999999998 0.00000000099999999998 0.00000000099999999998 0.00426157932147961434 
0.00000000099999999968 0.00000000099999999968 0.99999999100000003249 0.00000000099999999968 0.00000000099999999968 0.00000000099999999968 0.00000000099999999968 0.00000000099999999968 0.00000000099999999968 0.00000000099999999968 
0.00000011152863411370 0.09997357733090792009 0.00000000099999999993 0.00000000099999999993 0.00000000099999999993 0.89519609605924166384 0.00000000099999999993 0.00000000099999999993 0.00000000099999999993 0.00483020908121640190 
0.00000000099999999978 0.99999999100000014352 0.00000000099999999978 0.00000000099999999978 0.00000000099999999978 0.00000000099999999978 0.00000000099999999978 0.00000000099999999978 0.00000000099999999978 0.00000000099999999978 
0.10513370323246452875 0.00000000099999999992 0.00000000099999999992 0.00000000099999999992 0.00276616850362893700 0.89210012126390658693 0.00000000099999999992 0.00000000099999999992 0.00000000099999999992 0.00000000099999999992 
0.08640404253723078798 0.05929998307987688344 0.00000000099999999990 0.00000000099999999990 0.01079227926773497145 0.84350368911515738457 0.00000000099999999990 0.00000000099999999990 0.00000000099999999990 0.00000000099999999990 
0.39102616300933124016 0.00000000099999999983 0.60897382899066887507 0.00000000099999999983 0.00000000099999999983 0.00000000099999999983 0.00000000099999999983 0.00000000099999999983 0.00000000099999999983 0.00000000099999999983 
0.43966979985794185648 0.56033019214205825875 0.00000000099999999984 0.00000000099999999984 0.00000000099999999984 0.00000000099999999984 0.00000000099999999984 0.00000000099999999984 0.00000000099999999984 0.00000000099999999984 
0.00000000099999999996 0.00000000099999999996 0.00000000099999999996 0.07230713339388104843 0.00000000099999999996 0.00000000099999999996 0.04284898213179963444 0.88484387747431936244 0.00000000099999999996 0.00000000099999999996 
0.00012838380850802196 0.15147879431622848778 0.00000000099999999992 0.00000000099999999992 0.00000000099999999992 0.84839281487526363446 0.00000000099999999992 0.00000000099999999992 0.00000000099999999992 0.00000000099999999992 
0.22975107088409241207 0.56689164961298643686 0.18629740828628010840 0.00000000099999999996 0.00000000099999999996 0.00000000099999999996 0.00000000099999999996 0.00000000099999999996 0.00000000099999999996 0.01705986521664117420 
0.00000000099999999979 0.00000000099999999979 0.00000000099999999979 0.00000000099999999979 0.00000000099999999979 0.00000000099999999979 0.01174279285598599232 0.98825719914401388699 0.00000000099999999979 0.00000000099999999979 
0.00000000099999999994 0.00000000099999999994 0.00000000099999999994 0.98263266644170199626 0.00388856687253745633 0.00000000099999999994 0.00000000099999999994 0.00244698437118536123 0.00000000099999999994 0.01103177631457537104 
0.00000000099999999995 0.09550422070131517338 0.00000000099999999995 0.00000000099999999995 0.00000000099999999995 0.90449577129868485859 0.00000000099999999995 0.00000000099999999995 0.00000000099999999995 0.00000000099999999995 
0.00000000099999999987 0.00000000099999999987 0.00000000099999999987 0.00000000099999999987 0.00000000099999999987 0.00000000099999999987 0.07052233541380704962 0.92947765658619296847 0.00000000099999999987 0.00000000099999999987 
0.00000000099999999982 0.00000000099999999982 0.00000000099999999982 0.00000000099999999982 0.00000000099999999982 0.00000000099999999982 0.00000000099999999982 0.99999999100000003249 0.00000000099999999982 0.00000000099999999982 
0.00000000099999999991 0.00000000099999999991 0.00000000099999999991 0.00000000099999999991 0.00000000099999999991 0.00000000099999999991 0.00000000099999999991 0.99999999100000003249 0.00000000099999999991 0.00000000099999999991 
0.00000000099999999980 0.00000000099999999980 0.00000000099999999980 0.00000000099999999980 0.00000000099999999980 0.00000000099999999980 0.00000000099999999980 0.00000000099999999980 0.99999999099999992147 0.00000000099999999980 
0.00000000099999999989 0.00000000099999999989 0.00000000099999999989 0.00000000099999999989 0.00000000099999999989 0.00000000099999999989 0.01232690783525627019 0.34848441758903186960 0.63918866757571179971 0.00000000099999999989 
0.14961125908186698186 0.00000000099999999999 0.00000000099999999999 0.02158417698851588379 0.00696454111497289523 0.00000000099999999999 0.00000000271644447068 0.27471022655918625466 0.53118281121793964328 0.01594697932107394175 
0.00000000099999999986 0.00000000099999999986 0.00000000099999999986 0.00000000099999999986 0.00491610152342337407 0.00000000099999999986 0.00000000099999999986 0.00000000099999999986 0.99508389047657663795 0.00000000099999999986 
0.00000000099999999988 0.00000000099999999988 0.00000000099999999988 0.99999999100000014352 0.00000000099999999988 0.00000000099999999988 0.00000000099999999988 0.00000000099999999988 0.00000000099999999988 0.00000000099999999988 
0.00000000099999999979 0.00000000099999999979 0.00000000099999999979 0.00000000099999999979 0.00000000099999999979 0.00000000099999999979 0.02008877361408445764 0.97991121838591566107 0.00000000099999999979 0.00000000099999999979 
0.00000000099999999984 0.00000000099999999984 0.00000000099999999984 0.00000000099999999984 0.00000000099999999984 0.00000000099999999984 0.00000000099999999984 0.34134434761598203556 0.65413459295033693497 0.00452105243368097938 
0.00000000099999999987 0.00000000099999999987 0.00000000099999999987 0.00000000099999999987 0.00000000099999999987 0.00000000099999999987 0.02153209328383816692 0.34579236094485538144 0.62261776739815322124 0.01005777237315320927 
0.00000000099999999997 0.00000000099999999997 0.00000000099999999997 0.07356291515858512375 0.00000000099999999997 0.00000000099999999997 0.00000073852356177852 0.86312947913794912935 0.02951224328175385339 0.03379461889815016384 
0.00000000100000000000 0.00000000100000000000 0.02521270181461760657 0.16472368351585126023 0.03396234480929498367 0.16930931968489193462 0.07063058697618154747 0.00000002895282656603 0.52795618432330082559 0.00820514792303504714 
0.00000000102296591483 0.00000000099999999999 0.03939028676875822726 0.78536889322310698969 0.00000000099999999999 0.10009480143035083544 0.00657227846266145426 0.06703134272623813283 0.00001005066104153731 0.00153234370487705367 
0.00000000099999999986 0.00000000099999999986 0.00000000099999999986 0.00000000099999999986 0.08363752386948201945 0.00000000099999999986 0.00000000099999999986 0.00000000099999999986 0.91636246813051791538 0.00000000099999999986 
0.00000000099999999993 0.00000000099999999993 0.00000000099999999993 0.00000000099999999993 0.00000000099999999993 0.00000000099999999993 0.00000000461516665220 0.99999998738483342198 0.00000000099999999993 0.00000000099999999993 
0.00000000099999999987 0.00000000099999999987 0.00000000099999999987 0.99999999100000003249 0.00000000099999999987 0.00000000099999999987 0.00000000099999999987 0.00000000099999999987 0.00000000099999999987 0.00000000099999999987 
0.00000000099999999995 0.00000000099999999995 0.00000000099999999995 0.92030187924051121140 0.01574557951255671842 0.00000000099999999995 0.00000000099999999995 0.04080505323256936046 0.02314748201436266084 0.00000000099999999995 
0.00000000099999999980 0.00000000099999999980 0.00000000099999999980 0.00000000099999999980 0.00000000099999999980 0.00000000099999999980 0.00000000099999999980 0.00000000099999999980 0.99999999100000003249 0.00000000099999999980 
0.00000000099999999992 0.00000000099999999992 0.00000000099999999992 0.96961622288792626012 0.00000000099999999992 0.00000000099999999992 0.00000000099999999992 0.01765676230069922886 0.01272700781137455113 0.00000000099999999992 
0.00000000099999999987 0.00000000099999999987 0.00000000099999999987 0.00000000099999999987 0.00000000099999999987 0.00000000099999999987 0.00000000099999999987 0.36377884433177271051 0.63622114766822712717 0.00000000099999999987 
0.00000000099999999995 0.00960031469642042522 0.00000000099999999995 0.00000000099999999995 0.00000000099999999995 0.00000000099999999995 0.00000000099999999995 0.00000000099999999995 0.99039967730357947318 0.00000000099999999995 
0.00000000099999999988 0.00000000099999999988 0.00000000099999999988 0.04975955017240882988 0.00415434521034772387 0.00000000099999999988 0.00000000099999999988 0.94608609761724338227 0.00000000099999999988 0.00000000099999999988 
0.00000000099999999991 0.00000000099999999991 0.00000000099999999991 0.00000000099999999991 0.00000000099999999991 0.00000000099999999991 0.00000000099999999991 0.00000000099999999991 0.99999999099999992147 0.00000000099999999991 
0.00000000099999999990 0.00000000099999999990 0.00000000099999999990 0.92214814814877843485 0.00000000099999999990 0.00000000099999999990 0.00000000099999999990 0.05399908032298803701 0.02385276452823355264 0.00000000099999999990 
0.00000000099999999983 0.62445545397677926225 0.37554453802322079747 0.00000000099999999983 0.00000000099999999983 0.00000000099999999983 0.00000000099999999983 0.00000000099999999983 0.00000000099999999983 0.00000000099999999983 
0.17474008794414722101 0.44108830496140377653 0.38417160009444922819 0.00000000099999999974 0.00000000099999999974 0.00000000099999999974 0.00000000099999999974 0.00000000099999999974 0.00000000099999999974 0.00000000099999999974 
0.00000000099999999992 0.00000000099999999992 0.13725323898226590713 0.00000000099999999992 0.00000000099999999992 0.83444607166237294571 0.00000000099999999992 0.00000000099999999992 0.00000000099999999992 0.02830068235536113350 
0.00000000099999999991 0.00000000099999999991 0.15467298292312500751 0.00000000099999999991 0.00000000099999999991 0.84532700907687496894 0.00000000099999999991 0.00000000099999999991 0.00000000099999999991 0.00000000099999999991 
0.00000000099999999999 0.02755884232962388380 0.00000000099999999999 0.00000000099999999999 0.02595517965106801384 0.00000000099999999999 0.02041878829418289354 0.88151349923371036255 0.00000000099999999999 0.04455368549141481421 
0.03361981713354641327 0.13823190003757790389 0.00000000099999999993 0.00000000099999999993 0.00000000099999999993 0.74133960644743246426 0.00000000099999999993 0.00000000099999999993 0.08680867038144321479 0.00000000099999999993 
0.11897002687592453385 0.00000000099999999994 0.00000000099999999994 0.00000000099999999994 0.00000000099999999994 0.88102996512407538710 0.00000000099999999994 0.00000000099999999994 0.00000000099999999994 0.00000000099999999994 
0.00000000099999999995 0.00000000099999999995 0.13477663997142172447 0.00000000099999999995 0.00000000099999999995 0.00000000099999999995 0.00000000099999999995 0.86522335202857825198 0.00000000099999999995 0.00000000099999999995 
0.10373422049207738083 0.00000000099999999999 0.09368459305599759201 0.10548657455921853221 0.00964739794790868063 0.65317897850446682284 0.00000000099999999999 0.00000000099999999999 0.01474180759599125548 0.01952642484433983125 
0.00000000099999999957 0.00000000099999999957 0.99999999100000014352 0.00000000099999999957 0.00000000099999999957 0.00000000099999999957 0.00000000099999999957 0.00000000099999999957 0.00000000099999999957 0.00000000099999999957 
0.00000000099999999997 0.00000000099999999997 0.17550766366552106312 0.00000000099999999997 0.00000000099999999997 0.00000000099999999997 0.00000000099999999997 0.82449232833447894109 0.00000000099999999997 0.00000000099999999997 
0.00000000099999999983 0.00000000099999999983 0.00000000099999999983 0.87636158287390852895 0.00000000099999999983 0.00000000099999999983 0.12363840912609166955 0.00000000099999999983 0.00000000099999999983 0.00000000099999999983 
0.00000000099999999978 0.00000000099999999978 0.00000000099999999978 0.00000000099999999978 0.00000000099999999978 0.00000000099999999978 0.00000000099999999978 0.99999999099999992147 0.00000000099999999978 0.00000000099999999978 
0.00000000099999999982 0.00000000099999999982 0.00000000099999999982 0.00000000099999999982 0.25786369885948068337 0.00000000099999999982 0.00000000099999999982 0.00000000099999999982 0.74213629314051920982 0.00000000099999999982 
0.00000000099999999992 0.00000000099999999992 0.00000000099999999992 0.99005822006435206806 0.00000000099999999992 0.00000000099999999992 0.00000000099999999992 0.00000000099999999992 0.00994177193564802462 0.00000000099999999992 
0.00000000099999999994 0.11631699963287882305 0.00000000099999999994 0.00000000099999999994 0.00000000099999999994 0.88368299236712111178 0.00000000099999999994 0.00000000099999999994 0.00000000099999999994 0.00000000099999999994 
0.04752914811787251059 0.00000000099999999999 0.10644670024656106844 0.00000000099999999999 0.01911378850194244902 0.66298623550115243219 0.00290077901210461161 0.16102334462036685392 0.00000000099999999999 0.00000000099999999999 
0.13046031435485924699 0.00000000099999999995 0.00000000099999999995 0.00000000099999999995 0.00702834733089231778 0.86251133131424850831 0.00000000099999999995 0.00000000099999999995 0.00000000099999999995 0.00000000099999999995 
0.00000000099999999994 0.17366996710579393759 0.00000000099999999994 0.00000000099999999994 0.00000000099999999994 0.82633002489420603887 0.00000000099999999994 0.00000000099999999994 0.00000000099999999994 0.00000000099999999994 
0.00000000099999999997 0.17839080026257395084 0.00000000099999999997 0.00000000099999999997 0.00421998081676674963 0.81738921192065938648 0.00000000099999999997 0.00000000099999999997 0.00000000099999999997 0.00000000099999999997 
0.00000000099999999988 0.19415262461850124609 0.00000000099999999988 0.00000000099999999988 0.00000000099999999988 0.80584736738149886914 0.00000000099999999988 0.00000000099999999988 0.00000000099999999988 0.00000000099999999988 
0.00000000099999999993 0.00000000099999999993 0.00000000099999999993 0.95807520180181426905 0.01329803962795716131 0.00000000099999999993 0.00809973191339575550 0.02052700214900652492 0.00000001950782614919 0.00000000099999999993 
0.00000000099999999989 0.00000000099999999989 0.00000000099999999989 0.00000000099999999989 0.00000000099999999989 0.00000000099999999989 0.00000000099999999989 0.00000000099999999989 0.99999999099999992147 0.00000000099999999989 
0.00000000099999999990 0.00000000099999999990 0.00000000099999999990 0.97591672053177136448 0.00000000099999999990 0.00000000099999999990 0.02055083729169721388 0.00000000099999999990 0.00353243517653148041 0.00000000099999999990 
0.00000000099999999993 0.00000000099999999993 0.00000000099999999993 0.99999999100000003249 0.00000000099999999993 0.00000000099999999993 0.00000000099999999993 0.00000000099999999993 0.00000000099999999993 0.00000000099999999993 
0.00000000099999999977 0.00000000099999999977 0.00000000099999999977 0.00000000099999999977 0.00000000099999999977 0.00000000099999999977 0.00000000099999999977 0.00000000099999999977 0.99999999099999992147 0.00000000099999999977 
0.00000000099999999969 0.00000000099999999969 0.00000000099999999969 0.00000000099999999969 0.00000000099999999969 0.00000000099999999969 0.00000000099999999969 0.99999999100000003249 0.00000000099999999969 0.00000000099999999969 
0.00000000099999999979 0.00000000099999999979 0.00000000099999999979 0.00000000099999999979 0.00000000099999999979 0.00000000099999999979 0.00000000099999999979 0.99999999100000003249 0.00000000099999999979 0.00000000099999999979 
0.00000000099999999982 0.00000000099999999982 0.00000000099999999982 0.98096177681211738086 0.01903821518788269621 0.00000000099999999982 0.00000000099999999982 0.00000000099999999982 0.00000000099999999982 0.00000000099999999982 
0.00000000099999999987 0.00000000099999999987 0.00000000099999999987 0.98131920105022529821 0.01868079094977472335 0.00000000099999999987 0.00000000099999999987 0.00000000099999999987 0.00000000099999999987 0.00000000099999999987 
0.00000000099999999985 0.00000000099999999985 0.00000000099999999985 0.99999549681858856953 0.00000000099999999985 0.00000000099999999985 0.00000000099999999985 0.00000449518141155416 0.00000000099999999985 0.00000000099999999985 
0.00000000099999999979 0.00000000099999999979 0.00000000099999999979 0.00000000099999999979 0.00000000099999999979 0.00000000099999999979 0.00000000099999999979 0.99999999099999992147 0.00000000099999999979 0.00000000099999999979 
0.00000000099999999993 0.00000000099999999993 0.00000000099999999993 0.01240505207121033251 0.00255413300501163487 0.00000000099999999993 0.00000000099999999993 0.98504080792377801679 0.00000000099999999993 0.00000000099999999993 
0.00000000099999999985 0.00000000099999999985 0.00000000099999999985 0.99999999014262253016 0.00000000099999999985 0.00000000099999999985 0.00000000099999999985 0.00000000099999999985 0.00000000185737762475 0.00000000099999999985 
0.00000000099999999979 0.00000000099999999979 0.00000000099999999979 0.00000000099999999979 0.00000000099999999979 0.00000000099999999979 0.00000000099999999979 0.00000000099999999979 0.99999999100000003249 0.00000000099999999979 
0.00000000099999999996 0.00000000099999999996 0.00000000099999999996 0.87194710264341546146 0.00000173215216457631 0.00000000099999999996 0.00000000099999999996 0.03297348270716029400 0.06232340859166674019 0.03275426890559311049 
0.00000000099999999972 0.00000000099999999972 0.00000000099999999972 0.00000000099999999972 0.00000000099999999972 0.00000000099999999972 0.00000000099999999972 0.99999999099999992147 0.00000000099999999972 0.00000000099999999972 
0.00000000099999999985 0.00000000099999999985 0.00000000099999999985 0.99635026408126736719 0.00011226402312297202 0.00000000099999999985 0.00000000099999999985 0.00353746489560966427 0.00000000099999999985 0.00000000099999999985 
0.02529963947596855153 0.00000000099999999997 0.17133817429696654444 0.00000000099999999997 0.02903070586841054179 0.76575729338504727739 0.00000000099999999997 0.00000000099999999997 0.00000000099999999997 0.00857418197360709268 
0.00000000099999999989 0.00000000099999999989 0.00000000099999999989 0.00000000099999999989 0.00000000099999999989 0.00000000099999999989 0.00000000099999999989 0.83787148400835020912 0.16212850799164960081 0.00000000099999999989 
0.00000000099999999996 0.00000000099999999996 0.12383410949785354782 0.07433144005415981415 0.00000000099999999996 0.78723176362850888488 0.00000000099999999996 0.00000000099999999996 0.00000000099999999996 0.01460268081947782917 
0.00000000099999999971 0.00000000099999999971 0.00000000099999999971 0.00000000099999999971 0.00000000099999999971 0.00000000099999999971 0.00000000099999999971 0.99999999099999992147 0.00000000099999999971 0.00000000099999999971 
0.00000000099999999991 0.00000000099999999991 0.00000000099999999991 0.99530587269887837998 0.00000198566852945206 0.00000000099999999991 0.00000000099999999991 0.00000004942160017935 0.00469208621099207433 0.00000000099999999991 
0.00000000099999999986 0.00000000099999999986 0.00000000099999999986 0.99999999100000003249 0.00000000099999999986 0.00000000099999999986 0.00000000099999999986 0.00000000099999999986 0.00000000099999999986 0.00000000099999999986 
0.00000000099999999976 0.00000000099999999976 0.00000000099999999976 0.00000000099999999976 0.00000000099999999976 0.00000000099999999976 0.00000000099999999976 0.99999999100000003249 0.00000000099999999976 0.00000000099999999976 
0.00000000099999999986 0.00000000099999999986 0.00000000099999999986 0.99999999100000014352 0.00000000099999999986 0.00000000099999999986 0.00000000099999999986 0.00000000099999999986 0.00000000099999999986 0.00000000099999999986 
0.02974939852974857121 0.00000000100000000000 0.04447188278324711030 0.63870165819141677677 0.02542789113927666420 0.15713681546559596369 0.01151627885129768818 0.00867285586986004005 0.01676742634021056652 0.06755579182934656757 
0.00000000099999999984 0.00000000099999999984 0.00000000099999999984 0.00000000099999999984 0.00000000099999999984 0.00000000099999999984 0.04127118581347475473 0.95872880618652533968 0.00000000099999999984 0.00000000099999999984 
0.00000000099999999997 0.00308167916025268475 0.00000000099999999997 0.99034974466385850000 0.00000000099999999997 0.00000000099999999997 0.00000000099999999997 0.00656856917588883281 0.00000000099999999997 0.00000000099999999997 
0.35853275642915577448 0.23926533822369736026 0.29305438959420915257 0.00000000099999999990 0.00000000099999999990 0.10914750975293781299 0.00000000099999999990 0.00000000099999999990 0.00000000099999999990 0.00000000099999999990 
0.00000000099999999942 0.00000000099999999942 0.00000000099999999942 0.00000000099999999942 0.00000000099999999942 0.00000000099999999942 0.00000000099999999942 0.00000000099999999942 0.00000000099999999942 0.99999999099999992147 
0.11074747300915493975 0.00000000099999999989 0.00000000099999999989 0.00000000099999999989 0.00000000099999999989 0.88925251899084511997 0.00000000099999999989 0.00000000099999999989 0.00000000099999999989 0.00000000099999999989 
0.00000000099999999994 0.14871947188700060383 0.00000000099999999994 0.00000000099999999994 0.00000000099999999994 0.85128052011299937263 0.00000000099999999994 0.00000000099999999994 0.00000000099999999994 0.00000000099999999994 
0.00189541618171944985 0.10294293254518521730 0.00000000099999999996 0.00000000099999999996 0.00000000099999999996 0.89516164427309552476 0.00000000099999999996 0.00000000099999999996 0.00000000099999999996 0.00000000099999999996 
0.00000000099999999993 0.00000000099999999993 0.14009474377514444243 0.00000000099999999993 0.01153225152491819602 0.84837299769993734788 0.00000000099999999993 0.00000000099999999993 0.00000000099999999993 0.00000000099999999993 
0.00000000099999999996 0.13892896952099934027 0.00000000099999999996 0.00000000099999999996 0.00000000099999999996 0.84291785462977475429 0.01815316884922600627 0.00000000099999999996 0.00000000099999999996 0.00000000099999999996 
0.00000000099999999999 0.00000001753378444157 0.25927904070949453486 0.07881117196912119927 0.00000000099999999999 0.63774251816449678554 0.02025695598696417021 0.00000000099999999999 0.00000000099999999999 0.00391029163613884883 
0.00000000099999999992 0.07670198140650291707 0.00000000099999999992 0.00000000099999999992 0.00000000099999999992 0.92329801059349725367 0.00000000099999999992 0.00000000099999999992 0.00000000099999999992 0.00000000099999999992 
0.00000000099999999970 0.00000000099999999970 0.00000000099999999970 0.00000000099999999970 0.00000000099999999970 0.00000000099999999970 0.00000000099999999970 0.99999999100000003249 0.00000000099999999970 0.00000000099999999970 
0.00000000099999999995 0.14794548997059769890 0.00000000099999999995 0.00000000099999999995 0.02204051634251324304 0.82416156324059897109 0.00000000099999999995 0.00000000099999999995 0.00000000099999999995 0.00585242444629019073 
0.00000000099999999945 0.00000000099999999945 0.00000000099999999945 0.00000000099999999945 0.00000000099999999945 0.00000000099999999945 0.00000000099999999945 0.00000000099999999945 0.00000000099999999945 0.99999999100000003249 
0.00000000099999999994 0.00000000099999999994 0.15193971441070336370 0.00000000099999999994 0.00000000099999999994 0.84806027758929680704 0.00000000099999999994 0.00000000099999999994 0.00000000099999999994 0.00000000099999999994 
0.00000000099999999972 0.99999999100000025454 0.00000000099999999972 0.00000000099999999972 0.00000000099999999972 0.00000000099999999972 0.00000000099999999972 0.00000000099999999972 0.00000000099999999972 0.00000000099999999972 
0.00000000099999999986 0.00000000099999999986 0.00000000099999999986 0.99999999100000003249 0.00000000099999999986 0.00000000099999999986 0.00000000099999999986 0.00000000099999999986 0.00000000099999999986 0.00000000099999999986 
0.00000000099999999961 0.00000000099999999961 0.99999999100000014352 0.00000000099999999961 0.00000000099999999961 0.00000000099999999961 0.00000000099999999961 0.00000000099999999961 0.00000000099999999961 0.00000000099999999961 
0.28004989613010472516 0.71995009586989555661 0.00000000099999999982 0.00000000099999999982 0.00000000099999999982 0.00000000099999999982 0.00000000099999999982 0.00000000099999999982 0.00000000099999999982 0.00000000099999999982 
0.06589386517373893581 0.00000000099999999996 0.12137374291559202555 0.00138149222329243576 0.00000000099999999996 0.77796949251811697845 0.00000000099999999996 0.00312423448568620310 0.02751063888560171394 0.00274653079797184969 
0.00000000099999999996 0.18730757062585248751 0.00000000099999999996 0.00000000099999999996 0.00000000099999999996 0.78828988214840711723 0.00000000099999999996 0.00000000099999999996 0.02440254022574054119 0.00000000099999999996 
0.00000000099999999973 0.99999999100000025454 0.00000000099999999973 0.00000000099999999973 0.00000000099999999973 0.00000000099999999973 0.00000000099999999973 0.00000000099999999973 0.00000000099999999973 0.00000000099999999973 
0.40016939682577007398 0.33770144935446799739 0.26212914681976212661 0.00000000099999999983 0.00000000099999999983 0.00000000099999999983 0.00000000099999999983 0.00000000099999999983 0.00000000099999999983 0.00000000099999999983 
0.00000000099999999994 0.19399819585011701673 0.00000000099999999994 0.00000000099999999994 0.01243220134065202258 0.79356959580923092101 0.00000000099999999994 0.00000000099999999994 0.00000000099999999994 0.00000000099999999994 
0.00000000099999999984 0.00000000099999999984 0.00000000099999999984 0.99999999100000003249 0.00000000099999999984 0.00000000099999999984 0.00000000099999999984 0.00000000099999999984 0.00000000099999999984 0.00000000099999999984 
0.07953683797577859593 0.00000000099999999998 0.13095338328430533581 0.00000000099999999998 0.00000000099999999998 0.76534361689408525464 0.00000000099999999998 0.01767839498371792661 0.00000000099999999998 0.00648776186211308305 
0.00000000099999999973 0.99999999100000014352 0.00000000099999999973 0.00000000099999999973 0.00000000099999999973 0.00000000099999999973 0.00000000099999999973 0.00000000099999999973 0.00000000099999999973 0.00000000099999999973 
0.00000000099999999997 0.00011394086069739963 0.13188588344645335582 0.00000000099999999997 0.00000000099999999997 0.83741850197182521320 0.00000000099999999997 0.00000000099999999997 0.03058166772102411182 0.00000000099999999997 
0.00000000099999999996 0.16338796128859084389 0.00000000099999999996 0.00000000099999999996 0.00000000099999999996 0.83661203071140932686 0.00000000099999999996 0.00000000099999999996 0.00000000099999999996 0.00000000099999999996 
0.00000000099999999982 0.65790277340384750726 0.34209721859615271899 0.00000000099999999982 0.00000000099999999982 0.00000000099999999982 0.00000000099999999982 0.00000000099999999982 0.00000000099999999982 0.00000000099999999982 
0.00000000099999999985 0.00000000099999999985 0.00000000099999999985 0.99999999100000003249 0.00000000099999999985 0.00000000099999999985 0.00000000099999999985 0.00000000099999999985 0.00000000099999999985 0.00000000099999999985 
0.00000000099999999987 0.72973106979639623670 0.27026892220360393404 0.00000000099999999987 0.00000000099999999987 0.00000000099999999987 0.00000000099999999987 0.00000000099999999987 0.00000000099999999987 0.00000000099999999987 
