0.00000235035601107647 0.33006658970043245560 0.48178745542896483922 0.09797013267549650739 0.00000000099999999999 0.00000000099999999999 0.09017346983909521607 
0.00000000099999999997 0.00000000099999999997 0.00000000099999999997 0.12615791483788668659 0.00000000099999999997 0.02366070139596530494 0.85018137976614793772 
0.00000000099999999999 0.00000000099999999999 0.05213553179906832424 0.15757877749363580211 0.01978600933533810127 0.00000000099999999999 0.77049967837195776355 
0.00000000099999999998 0.00000000099999999998 0.09957621142124223335 0.00000000723371803007 0.00000000099999999998 0.00707730276144540385 0.89334647558359436825 
0.00000000099999999994 0.00000000099999999994 0.00000000099999999994 0.18497593631010994519 0.00000000099999999994 0.00000000099999999994 0.81502405868989014071 
0.00000000099999999995 0.00000000099999999995 0.00011468655225189559 0.00000000099999999995 0.00000000099999999995 0.00000000099999999995 0.99988530844774814454 
0.00000000099999999988 0.00000000099999999988 0.00000000099999999988 0.00000000099999999988 0.97203739855152249127 0.02796259644847751483 0.00000000099999999988 
0.00000000099999999989 0.00000000099999999989 0.99999999399999994765 0.00000000099999999989 0.00000000099999999989 0.00000000099999999989 0.00000000099999999989 
0.01359804543379922875 0.00000000099999999994 0.07724884426326664166 0.00000000099999999994 0.00000000099999999994 0.00000000099999999994 0.90915310630293422189 
0.00000000099999999988 0.00000000099999999988 0.00000000099999999988 0.00000000099999999988 0.99999999399999994765 0.00000000099999999988 0.00000000099999999988 
0.00000000099999999992 0.00000000099999999992 0.00000000099999999992 0.00000000099999999992 0.99999999399999994765 0.00000000099999999992 0.00000000099999999992 
0.00000000099999999994 0.00000000099999999994 0.00000000099999999994 0.00000000099999999994 0.99999999399999994765 0.00000000099999999994 0.00000000099999999994 
0.00000000099999999986 0.00000000099999999986 0.00000000099999999986 0.00000000099999999986 0.00000000099999999986 0.99999999400000005867 0.00000000099999999986 
0.00000000099999999999 0.17023986512446762087 0.00000000099999999999 0.00000001523836397244 0.55100008149398860269 0.15412088544024146741 0.12463915070293843379 
0.00000000099999999999 0.41106649193458671965 0.11902198260746094105 0.05092142753368943814 0.00000000099999999999 0.41899009492426292356 0.00000000099999999999 
0.00000000099999999989 0.00000000099999999989 0.00000000099999999989 0.00000000099999999989 0.99999999400000005867 0.00000000099999999989 0.00000000099999999989 
0.00000000099999999994 0.23632643452573587339 0.00000000099999999994 0.15700100942049705077 0.43724176433878048087 0.16943078871498651328 0.00000000099999999994 
0.00000000099999999999 0.23853475622891123775 0.42136853803698598453 0.14939945840211027450 0.00000000099999999999 0.19069724433199253255 0.00000000099999999999 
0.00000000099999999972 0.99999999400000016969 0.00000000099999999972 0.00000000099999999972 0.00000000099999999972 0.00000000099999999972 0.00000000099999999972 
0.00000000099999999997 0.49529742500054052545 0.00000000099999999997 0.00000000099999999997 0.00000000099999999997 0.50470256999945928289 0.00000000099999999997 
0.00000000099999999975 0.00000000099999999975 0.00000000099999999975 0.00000000099999999975 0.00000000099999999975 0.99999999399999994765 0.00000000099999999975 
0.00000000099999999992 0.00000000099999999992 0.00000000099999999992 0.00000000099999999992 0.97703983144607020606 0.02296016355392974453 0.00000000099999999992 
0.00000000099999999979 0.99999999400000016969 0.00000000099999999979 0.00000000099999999979 0.00000000099999999979 0.00000000099999999979 0.00000000099999999979 
0.00000000099999999998 0.00000000099999999998 0.12542891332058597742 0.01797484042885215405 0.00000000099999999998 0.05153981197472147502 0.80505643127584047836 
0.00000000099999999991 0.00000000099999999991 0.00000000099999999991 0.00000000099999999991 0.97465829629463318629 0.02534169870536677818 0.00000000099999999991 
0.00000000099999999993 0.00000000099999999993 0.00000000099999999993 0.00000000099999999993 0.99999991534952559213 0.00000007965047441846 0.00000000099999999993 
0.00000000099999999993 0.00000000099999999993 0.00000000099999999993 0.00000000099999999993 0.00000000099999999993 0.99999999400000005867 0.00000000099999999993 
0.00154448339332131706 0.00001641505929211779 0.00000000099999999999 0.11559686948769716530 0.00000000099999999999 0.03179369557141797226 0.85104853448827144646 
0.00000000099999999995 0.00000000099999999995 0.00028583295686046507 0.11624095370174419850 0.00000000099999999995 0.00000000099999999995 0.88347320934139528248 
0.00000000099999999998 0.00000000099999999998 0.00000000099999999998 0.00000000099999999998 0.99999999400000005867 0.00000000099999999998 0.00000000099999999998 
0.00000000099999999999 0.02112523024825797499 0.00000000099999999999 0.09187457352049085979 0.88700019223125114998 0.00000000099999999999 0.00000000099999999999 
0.01620900838727310986 0.01664431118259647457 0.00000000099999999995 0.00000000099999999995 0.93335220731854207088 0.03379447011158832198 0.00000000099999999995 
0.00000000099999999999 0.00000000099999999999 0.03491712404622270699 0.03577902426933292357 0.00002218794147374123 0.07042360769719452351 0.85885805404577597599 
0.99999999400000016969 0.00000000099999999979 0.00000000099999999979 0.00000000099999999979 0.00000000099999999979 0.00000000099999999979 0.00000000099999999979 
0.04194938128183256509 0.00000000099999999999 0.11208496746029979196 0.02816172031689212832 0.00000000099999999999 0.01018175907967642374 0.80762216986129897744 
0.00000000099999999994 0.00135979607274641276 0.00000000099999999994 0.00000000099999999994 0.99864019892725353067 0.00000000099999999994 0.00000000099999999994 
0.00000000099999999985 0.99999999400000016969 0.00000000099999999985 0.00000000099999999985 0.00000000099999999985 0.00000000099999999985 0.00000000099999999985 
0.99999999400000005867 0.00000000099999999966 0.00000000099999999966 0.00000000099999999966 0.00000000099999999966 0.00000000099999999966 0.00000000099999999966 
0.00000000099999999995 0.00000000099999999995 0.00000000099999999995 0.00000000099999999995 0.99999999400000005867 0.00000000099999999995 0.00000000099999999995 
0.00000000099999999991 0.00717134315079058938 0.00000000099999999991 0.00000000099999999991 0.99282865184920932045 0.00000000099999999991 0.00000000099999999991 
0.00000000099999999993 0.00000000099999999993 0.00000000099999999993 0.00000000099999999993 0.95824240658256942815 0.04175758841743051203 0.00000000099999999993 
0.00000000099999999989 0.00000000099999999989 0.83330098684146680643 0.16669900815853322396 0.00000000099999999989 0.00000000099999999989 0.00000000099999999989 
0.00296952018400627790 0.00000000100000000000 0.77273705932852110312 0.07051798896825271779 0.08617884948778650744 0.00002254427007807610 0.06757403676135528836 
0.00000000099999999991 0.00000000099999999991 0.00000000099999999991 0.00000000099999999991 0.00000000099999999991 0.99999999399999994765 0.00000000099999999991 
0.00000000099999999998 0.00000000099999999998 0.00012908977416142061 0.04235809815447943300 0.00000000099999999998 0.48338573084593283724 0.47412707822542626834 
0.00000000099999999990 0.00000000099999999990 0.99999999399999994765 0.00000000099999999990 0.00000000099999999990 0.00000000099999999990 0.00000000099999999990 
0.00885809115691684433 0.00000000099999999997 0.00000000099999999997 0.00000000099999999997 0.98125406622122113287 0.00988783862186198501 0.00000000099999999997 
0.00000000099999999988 0.00000000099999999988 0.99999999400000005867 0.00000000099999999988 0.00000000099999999988 0.00000000099999999988 0.00000000099999999988 
0.00000000099999999989 0.00000000099999999989 0.77410828179095569901 0.22589171320904424811 0.00000000099999999989 0.00000000099999999989 0.00000000099999999989 
0.00000000099999999990 0.00000000099999999990 0.99999999399999994765 0.00000000099999999990 0.00000000099999999990 0.00000000099999999990 0.00000000099999999990 
0.02381964045504311039 0.00000000099999999996 0.00014167304412385828 0.19278874795613329396 0.00000000099999999996 0.00000000099999999996 0.78324993554469968249 
0.00000000099999999986 0.00000000099999999986 0.89094342001119208874 0.10905657498880783063 0.00000000099999999986 0.00000000099999999986 0.00000000099999999986 
0.00000000099999999990 0.00000000099999999990 0.97592527182135746511 0.00000000099999999990 0.00000000099999999990 0.00000000099999999990 0.02407472317864258957 
0.00061000839528778546 0.00111144240211151686 0.00000000099999999993 0.00000000099999999993 0.51758880292010400748 0.48068974328249663985 0.00000000099999999993 
0.00000000100000000000 0.01278584879223560247 0.13042401055245517183 0.08942912097222029122 0.00000000100000000000 0.01522169048277463230 0.75213932720031428936 
0.00000000099999999998 0.00000000099999999998 0.49102436899881851673 0.19511721297027428967 0.00000000099999999998 0.00000000099999999998 0.31385841403090714019 
0.00000000099999999993 0.00000000099999999993 0.84377119804891487220 0.15622879695108521370 0.00000000099999999993 0.00000000099999999993 0.00000000099999999993 
0.00622722067116194405 0.00000000099999999997 0.00000000099999999997 0.04645898766712467515 0.00000000099999999997 0.00000000099999999997 0.94731378766171336903 
0.00000000099999999991 0.00000000099999999991 0.99999999399159400504 0.00000000099999999991 0.00000000099999999991 0.00000000099999999991 0.00000000100840608612 
0.00000000099999999993 0.00000000099999999993 0.00000000099999999993 0.09866552396369841771 0.00000000099999999993 0.00000000099999999993 0.90133447103630159880 
0.00000000099999999993 0.00000000099999999993 0.06523990363860469877 0.00000000099999999993 0.00000000099999999993 0.00000000099999999993 0.93476009136139537326 
0.00000000099999999992 0.00000000099999999992 0.76463488788986189171 0.23536510711013811092 0.00000000099999999992 0.00000000099999999992 0.00000000099999999992 
0.00000000099999999992 0.00000000099999999992 0.93938998598546052943 0.06061000901453941769 0.00000000099999999992 0.00000000099999999992 0.00000000099999999992 
0.00000000099999999998 0.92417645675491399970 0.00005572280092519058 0.00000000099999999998 0.07576781644416084871 0.00000000099999999998 0.00000000099999999998 
0.00000000099999999995 0.00000000099999999995 0.06877467840473416860 0.00000000099999999995 0.00000000099999999995 0.00000000099999999995 0.93122531659526597281 
0.00000000099999999994 0.00000000099999999994 0.72614784723090364249 0.27385214776909627687 0.00000000099999999994 0.00000000099999999994 0.00000000099999999994 
0.00000000099999999986 0.99999999400000016969 0.00000000099999999986 0.00000000099999999986 0.00000000099999999986 0.00000000099999999986 0.00000000099999999986 
0.00965013081647858942 0.00000000099999999995 0.00000000099999999995 0.00000000099999999995 0.99034986418352144444 0.00000000099999999995 0.00000000099999999995 
0.00000000099999999995 0.00000000099999999995 0.00000000099999999995 0.09194043139592739111 0.00000000099999999995 0.00000000099999999995 0.90805956360407258376 
0.00000000099999999991 0.99999999400000016969 0.00000000099999999991 0.00000000099999999991 0.00000000099999999991 0.00000000099999999991 0.00000000099999999991 
0.00000000099999999989 0.99970897536552183471 0.00000000099999999989 0.00000000099999999989 0.00000000099999999989 0.00029101963447829597 0.00000000099999999989 
0.00000000099999999994 0.97816766998447857162 0.00000000099999999994 0.00000000099999999994 0.02183232501552139285 0.00000000099999999994 0.00000000099999999994 
0.00000000099999999989 0.00000000099999999989 0.00000000099999999989 0.00000000099999999989 0.00000000099999999989 0.99999999400000005867 0.00000000099999999989 
0.00357426653838895493 0.37661451074165941399 0.00000000099999999994 0.00000000099999999994 0.00000000099999999994 0.61981121871995148442 0.00000000099999999994 
0.02463599955367308178 0.27550665068861568407 0.13932265995402123848 0.00000000213011539404 0.02311227721028236842 0.53742240946329222773 0.00000000100000000000 
0.00000000099999999991 0.00000000099999999991 0.00000000099999999991 0.00000000099999999991 0.00000000099999999991 0.99999999399999994765 0.00000000099999999991 
0.00000000099999999991 0.00000000099999999991 0.00000000099999999991 0.00000000099999999991 0.99999999399999994765 0.00000000099999999991 0.00000000099999999991 
0.00000000099999999985 0.99999999400000005867 0.00000000099999999985 0.00000000099999999985 0.00000000099999999985 0.00000000099999999985 0.00000000099999999985 
0.01787845445522880800 0.34101465489055943214 0.00000000099999999989 0.00000000099999999989 0.00000000099999999989 0.64110688665421156074 0.00000000099999999989 
0.02388751386959468009 0.37422995602390346503 0.00000000099999999992 0.00000000099999999992 0.00000000099999999992 0.60188252610650172514 0.00000000099999999992 
0.03613008244123310647 0.85103962460617388341 0.00000000099999999999 0.00916039461815200580 0.07059070214141317801 0.03307919419302781522 0.00000000099999999999 
0.00928012466117481352 0.07494604328136650340 0.00000000100000000000 0.03430813872933467790 0.15913447963763188708 0.55210710234729221124 0.17022411034319986922 
0.00343606648709865415 0.06894971589704389225 0.00000000100000000000 0.04113711483322687879 0.79012776661019057389 0.00000000100000000000 0.09634933417243995990 
0.00000000099999999990 0.00000000099999999990 0.00000000099999999990 0.00000000099999999990 0.00000000099999999990 0.99999999399999994765 0.00000000099999999990 
0.00926855689745518553 0.99073143810254493680 0.00000000099999999997 0.00000000099999999997 0.00000000099999999997 0.00000000099999999997 0.00000000099999999997 
0.00000000099999999990 0.00000000099999999990 0.00000000099999999990 0.00000000099999999990 0.99999999400000005867 0.00000000099999999990 0.00000000099999999990 
0.00000000099999999996 0.03530319568876379155 0.00000000099999999996 0.00000000099999999996 0.92968417457247287672 0.03501262573876323669 0.00000000099999999996 
0.00000000099999999989 0.00000000099999999989 0.00000000099999999989 0.00000000099999999989 0.00000000099999999989 0.99999999399999994765 0.00000000099999999989 
0.00000000099999999995 0.01031876369808321786 0.00000000099999999995 0.00000000099999999995 0.98564696888997105351 0.00403426341194575936 0.00000000099999999995 
0.01011220797826530016 0.36800296256342712731 0.00000000099999999993 0.00000000099999999993 0.00000000099999999993 0.62188482545830747750 0.00000000099999999993 
0.00000000099999999998 0.00000000099999999998 0.04102669485530008320 0.00000000099999999998 0.00000000099999999998 0.95897330014469994719 0.00000000099999999998 
0.00000000099999999991 0.93288492166408287787 0.00000000099999999991 0.00000000099999999991 0.06711507333591723579 0.00000000099999999991 0.00000000099999999991 
0.00000000099999999996 0.00000000099999999996 0.00000000099999999996 0.00000000099999999996 0.01262492530355149162 0.98737506969644850408 0.00000000099999999996 
0.00000000099999999994 0.04866779270275451569 0.00000000099999999994 0.00000000099999999994 0.93271009447459418684 0.01862210882265125794 0.00000000099999999994 
0.00000000099999999991 0.00000000099999999991 0.93443897671909070812 0.06556101828090916961 0.00000000099999999991 0.00000000099999999991 0.00000000099999999991 
0.00000000099999999982 0.00000000099999999982 0.99999999400000005867 0.00000000099999999982 0.00000000099999999982 0.00000000099999999982 0.00000000099999999982 
0.02889260546165166657 0.00000000099999999995 0.03415170619555737974 0.00000000099999999995 0.00000000099999999995 0.00000000099999999995 0.93695568434279097314 
0.00000000099999999994 0.00000000099999999994 0.00000000099999999994 0.11827262302811555883 0.00000000099999999994 0.00000000099999999994 0.88172737197188444380 
0.04796209146452670713 0.90837673825898868074 0.03036505893541235207 0.00000000099999999999 0.00000013326083391225 0.00631348282206036730 0.00698249425817795005 
0.00000000099999999996 0.00000000099999999996 0.09104856920514363405 0.00000000099999999996 0.00000000099999999996 0.07798599083536419951 0.83096543595949223793 
0.00000000099999999996 0.00000000099999999996 0.01687524045794648250 0.00000000099999999996 0.00000000099999999996 0.00000000099999999996 0.98312475454205361380 
0.00000000099999999996 0.84350744992502224573 0.00000000099999999996 0.15649254507497792344 0.00000000099999999996 0.00000000099999999996 0.00000000099999999996 
0.01867044252778080060 0.00000000099999999999 0.00000000099999999999 0.23958816062599616603 0.10172781454004382884 0.01499616952805543114 0.62501741077812378311 
0.00000000099999999948 0.00000000099999999948 0.00000000099999999948 0.99999999399999994765 0.00000000099999999948 0.00000000099999999948 0.00000000099999999948 
0.00000000099999999996 0.80164693851033652638 0.00000000099999999996 0.19835305648966358727 0.00000000099999999996 0.00000000099999999996 0.00000000099999999996 
0.00000000099999999991 0.08506082391346143912 0.00000000099999999991 0.00000000099999999991 0.89382167673383539075 0.02111749535270311326 0.00000000099999999991 
0.00000000099999999985 0.99999999400000005867 0.00000000099999999985 0.00000000099999999985 0.00000000099999999985 0.00000000099999999985 0.00000000099999999985 
0.00000000099999999988 0.00000000099999999988 0.00000000099999999988 0.00000000099999999988 0.00000000099999999988 0.99999999400000005867 0.00000000099999999988 
0.00000000099999999995 0.00000000099999999995 0.00000000099999999995 0.00000000099999999995 0.99999999400000005867 0.00000000099999999995 0.00000000099999999995 
0.00000000099999999996 0.00000000099999999996 0.00000000099999999996 0.07111997909582402910 0.00000000099999999996 0.00000000099999999996 0.92888001590417601516 
0.00000000100000000000 0.17310293423434391924 0.06021819732545986154 0.00921672895395618010 0.00000000100000000000 0.00870697462803770098 0.74875516285820231666 
0.00000000099999999997 0.00000000099999999997 0.00000000099999999997 0.09228840775475821712 0.00000000099999999997 0.00000000099999999997 0.90771158724524181327 
0.00000000099999999996 0.00000000099999999996 0.10729740293799068518 0.00000000099999999996 0.00000000099999999996 0.00000000099999999996 0.89270259206200930358 
0.00000000099999999997 0.00000000099999999997 0.00000000099999999997 0.18738977317259533639 0.00000000099999999997 0.00000000099999999997 0.81261022182740461073 
0.00000000099999999991 0.00000000099999999991 0.00000012066023819877 0.18030083955648723570 0.00000000099999999991 0.00000000099999999991 0.81969903578327463212 
0.00000000099999999994 0.02527396648810981139 0.00000000099999999994 0.00000000099999999994 0.96704957208840913729 0.00767645742348105689 0.00000000099999999994 
0.00000000099999999994 0.00000000099999999994 0.00000000099999999994 0.00000000099999999994 0.00000000099999999994 0.99999999399999994765 0.00000000099999999994 
0.00000000099999999993 0.01440055502023505039 0.00000000099999999993 0.00000000099999999993 0.98559943997976506846 0.00000000099999999993 0.00000000099999999993 
0.00000000099999999996 0.00000000099999999996 0.00000000099999999996 0.00000000099999999996 0.99999999400000005867 0.00000000099999999996 0.00000000099999999996 
0.00000000099999999987 0.00000000099999999987 0.00000000099999999987 0.00000000099999999987 0.00000000099999999987 0.99999999399999994765 0.00000000099999999987 
0.00000000099999999979 0.99999999400000005867 0.00000000099999999979 0.00000000099999999979 0.00000000099999999979 0.00000000099999999979 0.00000000099999999979 
0.00000000099999999986 0.99999999400000016969 0.00000000099999999986 0.00000000099999999986 0.00000000099999999986 0.00000000099999999986 0.00000000099999999986 
0.00000000099999999988 0.00000000099999999988 0.00000000099999999988 0.00000000099999999988 0.99999999400000005867 0.00000000099999999988 0.00000000099999999988 
0.00000000099999999991 0.00000000099999999991 0.00000000099999999991 0.00000000099999999991 0.99999999400000005867 0.00000000099999999991 0.00000000099999999991 
0.00000000099999999989 0.00000000099999999989 0.00000000099999999989 0.00000000099999999989 0.99999999400000005867 0.00000000099999999989 0.00000000099999999989 
0.00000000099999999988 0.99999999400000005867 0.00000000099999999988 0.00000000099999999988 0.00000000099999999988 0.00000000099999999988 0.00000000099999999988 
0.00000000099999999995 0.96162824111844813491 0.00000000099999999995 0.00000000099999999995 0.03837175388155190242 0.00000000099999999995 0.00000000099999999995 
0.00000000099999999990 0.00000000099999999990 0.00000000099999999990 0.00000000099999999990 0.99999999399999994765 0.00000000099999999990 0.00000000099999999990 
0.00000000099999999988 0.00000000099999999988 0.00000000099999999988 0.00000000099999999988 0.00000000099999999988 0.99999999400000005867 0.00000000099999999988 
0.03339313054248522344 0.03064979920140442279 0.00000000099999999998 0.00000000099999999998 0.87817324323453194168 0.05778382402157847958 0.00000000099999999998 
0.00000000099999999982 0.99999999400000005867 0.00000000099999999982 0.00000000099999999982 0.00000000099999999982 0.00000000099999999982 0.00000000099999999982 
0.00000000099999999988 0.00000000099999999988 0.00000000099999999988 0.00000000099999999988 0.99999999399999994765 0.00000000099999999988 0.00000000099999999988 
0.01356848854934065464 0.00000000099999999999 0.08691310261567267159 0.05982072693819908554 0.00000000099999999999 0.02685998619249333960 0.81283769370429426182 
0.00000000099999999994 0.83383157345235503488 0.00000000099999999994 0.00000000099999999994 0.00724300389906189657 0.15892541864858306111 0.00000000099999999994 
0.01405150550471935544 0.00000000099999999998 0.02332158883162994273 0.00000000099999999998 0.07732732615311257995 0.00000000099999999998 0.88529957651053814427 
0.00000000099999999981 0.99999999400000016969 0.00000000099999999981 0.00000000099999999981 0.00000000099999999981 0.00000000099999999981 0.00000000099999999981 
0.00000000099999999993 0.00000000099999999993 0.00000000099999999993 0.00000000099999999993 0.99999999399999994765 0.00000000099999999993 0.00000000099999999993 
0.00000000099999999989 0.00000000099999999989 0.00000000099999999989 0.00000000099999999989 0.99999999399999994765 0.00000000099999999989 0.00000000099999999989 
0.00000000099999999986 0.99999999400000005867 0.00000000099999999986 0.00000000099999999986 0.00000000099999999986 0.00000000099999999986 0.00000000099999999986 
0.00000000099999999989 0.00000000099999999989 0.00000000099999999989 0.00000000099999999989 0.99999999400000005867 0.00000000099999999989 0.00000000099999999989 
0.07100416960587209447 0.01006718760502959241 0.00000000100000000000 0.09022689160072989989 0.64465939802351546195 0.04592258462127576241 0.13811976754357713215 
0.00000000099999999989 0.99999999400000016969 0.00000000099999999989 0.00000000099999999989 0.00000000099999999989 0.00000000099999999989 0.00000000099999999989 
0.00000000099999999998 0.00000017722160043201 0.00000000099999999998 0.00000000099999999998 0.99999981777839963559 0.00000000099999999998 0.00000000099999999998 
0.00214812536671856119 0.00000000099999999996 0.77421372512362296447 0.10657412540238549170 0.00000000099999999996 0.00000000099999999996 0.11706402110727297250 
0.99999999400000016969 0.00000000099999999962 0.00000000099999999962 0.00000000099999999962 0.00000000099999999962 0.00000000099999999962 0.00000000099999999962 
0.00000000099999999993 0.00000000099999999993 0.03803611319221996551 0.00000000099999999993 0.00000000099999999993 0.00000000099999999993 0.96196388180777991916 
0.00000000099999999995 0.00000000099999999995 0.00000000099999999995 0.11695562824457733653 0.00000000099999999995 0.00000000099999999995 0.88304436675542274937 
0.00000000099999999995 0.00000000099999999995 0.00000000099999999995 0.17711479934438878470 0.00000000099999999995 0.00000000099999999995 0.82288519565561124569 
0.00000000099999999996 0.00000000099999999996 0.03363787367568896874 0.00000000099999999996 0.00000000099999999996 0.00000000099999999996 0.96636212132431098532 
0.00000000099999999998 0.01586652244403641276 0.07335988353908229342 0.00000000099999999998 0.00000000099999999998 0.00000000099999999998 0.91077359001688118489 
0.00484550013333449013 0.02018146828743334897 0.12739855533162511292 0.10629431057280069872 0.07933916691353871953 0.00000000100000000000 0.66194099776126746892 
0.00000000099999999993 0.00000000099999999993 0.00000000099999999993 0.00000000099999999993 0.00000000099999999993 0.00000000099999999993 0.99999999400000005867 
0.00000000099999999980 0.99999999400000005867 0.00000000099999999980 0.00000000099999999980 0.00000000099999999980 0.00000000099999999980 0.00000000099999999980 
0.01554738603347202187 0.00000000099999999997 0.00000000099999999997 0.15158870218785472361 0.00000000099999999997 0.00000000099999999997 0.83286390777867314039 
0.99999999400000005867 0.00000000099999999964 0.00000000099999999964 0.00000000099999999964 0.00000000099999999964 0.00000000099999999964 0.00000000099999999964 
0.00000000099999999996 0.00000000099999999996 0.00000008142872733754 0.10065113265107801521 0.00000000099999999996 0.00000000099999999996 0.89934878192019473975 
0.00000000099999999988 0.00000000099999999988 0.99999999400000005867 0.00000000099999999988 0.00000000099999999988 0.00000000099999999988 0.00000000099999999988 
0.00000000099999999989 0.00000000099999999989 0.00000000099999999989 0.00000000099999999989 0.99999999400000005867 0.00000000099999999989 0.00000000099999999989 
0.00000000099999999985 0.00000000099999999985 0.79146734599671220156 0.20853264900328763454 0.00000000099999999985 0.00000000099999999985 0.00000000099999999985 
0.00000000099999999989 0.00000000099999999989 0.86450536065244343309 0.13549463434755654179 0.00000000099999999989 0.00000000099999999989 0.00000000099999999989 
0.00695603207761649397 0.00000000100000000000 0.05301662484747440840 0.06115243392227216052 0.00713450665955192836 0.01398538239825621553 0.85775501909482887442 
0.00000000099999999997 0.00000000099999999997 0.00000000099999999997 0.20765384555637911301 0.00000000099999999997 0.00039868754089676867 0.79194746290272410860 
0.00000000099999999990 0.00000000099999999990 0.99999999400000005867 0.00000000099999999990 0.00000000099999999990 0.00000000099999999990 0.00000000099999999990 
0.00000000099999999987 0.00000000099999999987 0.77861114110939710908 0.22138885389060297681 0.00000000099999999987 0.00000000099999999987 0.00000000099999999987 
0.00000000099999999994 0.00000000099999999994 0.00000000099999999994 0.20227397123273752055 0.00000000099999999994 0.00000000099999999994 0.79772602376726253759 
0.00000000099999999989 0.00000000099999999989 0.00000000099999999989 0.00000000099999999989 0.99999999400000005867 0.00000000099999999989 0.00000000099999999989 
0.00887152395649200981 0.01712248399426920253 0.06901014140574333877 0.07726861073068645724 0.00000000099999999999 0.00000000099999999999 0.82772723791280888861 
0.00000000099999999989 0.00000000099999999989 0.88954386768225923721 0.11045612731774076543 0.00000000099999999989 0.00000000099999999989 0.00000000099999999989 
0.00240321072381175947 0.00000000099999999999 0.00000000099999999999 0.10164442270917592448 0.00000000099999999999 0.02312495276691922674 0.87282741080009307311 
0.00000000099999999997 0.00000000099999999997 0.00000000161061812661 0.12704303221348087205 0.00000000099999999997 0.00000000099999999997 0.87295696217590101895 
0.00000000099999999991 0.00000000099999999991 0.99999999400000005867 0.00000000099999999991 0.00000000099999999991 0.00000000099999999991 0.00000000099999999991 
0.00000000099999999990 0.00000000099999999990 0.00000000099999999990 0.00000000099999999990 0.99999999399999994765 0.00000000099999999990 0.00000000099999999990 
0.00000000099999999994 0.00000000099999999994 0.86493551195046680657 0.13506448304953319606 0.00000000099999999994 0.00000000099999999994 0.00000000099999999994 
0.00000000099999999998 0.00004914385190537946 0.04868945702847028711 0.00000000099999999998 0.00000000099999999998 0.00000000099999999998 0.95126139511962437556 
0.00000000099999999999 0.00180666109495075558 0.06082191856403765945 0.00000000099999999999 0.00000000099999999999 0.03871159338345452755 0.89865982395755705792 
0.00000000099999999993 0.00000000099999999993 0.00000000099999999993 0.21211844221932527055 0.00000000099999999993 0.00000000099999999993 0.78788155278067473208 
0.00000000099999999988 0.00000000099999999988 0.00000000099999999988 0.00000000099999999988 0.99999999399999994765 0.00000000099999999988 0.00000000099999999988 
0.00000000099999999998 0.00000000099999999998 0.04624167108782765295 0.06857457320845937454 0.00000000099999999998 0.14030405102375220761 0.74487970167996087056 
0.00621158380986117174 0.00000000099999999997 0.10209112024144770259 0.00000000099999999997 0.00000000099999999997 0.00000000099999999997 0.89169729194869107314 
0.00000000099999999994 0.00000000099999999994 0.00000000099999999994 0.00000000099999999994 0.00000000099999999994 0.00000000099999999994 0.99999999400000005867 
0.01254502067208988422 0.00000000099999999998 0.00000000099999999998 0.19893271456925099017 0.00000000099999999998 0.00000000099999999998 0.78852226075865916588 
0.00000000099999999998 0.00000000099999999998 0.66614633468308115383 0.33099880706053208534 0.00000000099999999998 0.00000000099999999998 0.00285485425638675079 
0.00000000099999999998 0.00000000099999999998 0.00000000099999999998 0.13838144011956532431 0.86161855488043470608 0.00000000099999999998 0.00000000099999999998 
0.00000000099999999998 0.00000000099999999998 0.00000000099999999998 0.09226272557208685388 0.00000000099999999998 0.06606061585345145148 0.84167665457446161348 
0.00000000099999999981 0.00000000099999999981 0.99999999399999994765 0.00000000099999999981 0.00000000099999999981 0.00000000099999999981 0.00000000099999999981 
0.00000000099999999997 0.00000000099999999997 0.99999999399999994765 0.00000000099999999997 0.00000000099999999997 0.00000000099999999997 0.00000000099999999997 
0.00000000099999999998 0.05252326501626496807 0.62671948967196733360 0.00000000099999999998 0.00000000099999999998 0.00000000099999999998 0.32075724131176786003 
0.00000000099999999999 0.00000000099999999999 0.36287551716470234364 0.00000000099999999999 0.39493715578414906320 0.07039951825827614473 0.17178780579287233898 
0.00000000099999999991 0.00000000099999999991 0.00013282322489474466 0.00000000099999999991 0.00000000099999999991 0.00000000099999999991 0.99986717177510520127 
0.02366826536339149828 0.06240600705775728452 0.10084379080289034014 0.00000000100000000000 0.41024367352625329408 0.00000000100000000000 0.40283826124970761873 
0.00000000099999999998 0.00000000099999999998 0.00000115473285517820 0.07254064416032147966 0.00000000099999999998 0.20405723843166043152 0.72340095967516293562 
0.00000000099999999997 0.00000000099999999997 0.00000000099999999997 0.00000000099999999997 0.00000000099999999997 0.00000000099999999997 0.99999999400000005867 
0.00000000099999999999 0.00000000099999999999 0.00000000099999999999 0.04177749812729620454 0.35793127828653420464 0.00139100948355321149 0.59890021110261648651 
0.00000000099999999980 0.00000000099999999980 0.00000000099999999980 0.99999999399999994765 0.00000000099999999980 0.00000000099999999980 0.00000000099999999980 
0.00000000099999999998 0.80732638998948158537 0.00047376772299074040 0.03222888213502695526 0.00000000099999999998 0.00000000099999999998 0.15997095715250081449 
0.00000000099999999987 0.00000000099999999987 0.00000000099999999987 0.00000000099999999987 0.00000000099999999987 0.99999999400000005867 0.00000000099999999987 
0.00000000099999999997 0.00000000099999999997 0.08594959987012132374 0.00000000099999999997 0.00000000099999999997 0.00000000099999999997 0.91405039512987873440 
0.00000000099999999990 0.00000000099999999990 0.99999999400000005867 0.00000000099999999990 0.00000000099999999990 0.00000000099999999990 0.00000000099999999990 
0.00000000099999999993 0.00000000099999999993 0.99999999400000005867 0.00000000099999999993 0.00000000099999999993 0.00000000099999999993 0.00000000099999999993 
0.00000000099999999989 0.00000000099999999989 0.99999999399999994765 0.00000000099999999989 0.00000000099999999989 0.00000000099999999989 0.00000000099999999989 
0.99999999400000016969 0.00000000099999999986 0.00000000099999999986 0.00000000099999999986 0.00000000099999999986 0.00000000099999999986 0.00000000099999999986 
0.00000000099999999999 0.00000000099999999999 0.06700597917548711813 0.00000000099999999999 0.00000000099999999999 0.00162084139167220490 0.93137317543284059429 
0.00000000099999999993 0.00000000099999999993 0.04125276052105066732 0.00000000099999999993 0.00000000099999999993 0.00000000099999999993 0.95874723447894938388 
0.00000000099999999993 0.00000000099999999993 0.73661509694972648887 0.26338489805027354151 0.00000000099999999993 0.00000000099999999993 0.00000000099999999993 
0.00000000099999999997 0.00000000099999999997 0.00000000099999999997 0.20053772600257294134 0.00000000099999999997 0.00000000099999999997 0.79946226899742700578 
0.00000000099999999989 0.00000000099999999989 0.99999999400000005867 0.00000000099999999989 0.00000000099999999989 0.00000000099999999989 0.00000000099999999989 
0.99999999400000005867 0.00000000099999999962 0.00000000099999999962 0.00000000099999999962 0.00000000099999999962 0.00000000099999999962 0.00000000099999999962 
0.00000000099999999990 0.00000000099999999990 0.99999999399999994765 0.00000000099999999990 0.00000000099999999990 0.00000000099999999990 0.00000000099999999990 
0.00000000099999999993 0.00000000099999999993 0.99999999399999994765 0.00000000099999999993 0.00000000099999999993 0.00000000099999999993 0.00000000099999999993 
0.99999999400000005867 0.00000000099999999962 0.00000000099999999962 0.00000000099999999962 0.00000000099999999962 0.00000000099999999962 0.00000000099999999962 
0.99999999400000005867 0.00000000099999999979 0.00000000099999999979 0.00000000099999999979 0.00000000099999999979 0.00000000099999999979 0.00000000099999999979 
0.00966011629265589415 0.00000000099999999998 0.00000000197341057841 0.00000000099999999998 0.00000000099999999998 0.00000000099999999998 0.99033987773393350462 
0.00000000099999999983 0.00000000099999999983 0.99999999399999994765 0.00000000099999999983 0.00000000099999999983 0.00000000099999999983 0.00000000099999999983 
0.02356274319067453923 0.00000000099999999997 0.07733925996804726088 0.00000000099999999997 0.00000000099999999997 0.00376432982964888634 0.89533366401162939319 
0.00000000099999999987 0.00000000099999999987 0.99999999400000005867 0.00000000099999999987 0.00000000099999999987 0.00000000099999999987 0.00000000099999999987 
