0.00000088887285129347 0.02392655502380260785 0.00000000099999999999 0.00000000099999999999 0.00008543460414667058 0.07959105639780733599 0.33120689102425204808 0.56518912663327469659 0.00000004544386531554 
0.00000000099999999996 0.66418720409875553479 0.02258609610028352102 0.00000000099999999996 0.00000000099999999996 0.31322669380096113123 0.00000000099999999996 0.00000000099999999996 0.00000000099999999996 
0.00000000099999999995 0.90526908413099160811 0.00000000099999999995 0.00000000099999999995 0.00000000099999999995 0.00000000099999999995 0.00000000099999999995 0.09473090886900864538 0.00000000099999999995 
0.00000000099999999997 0.56058756098446449467 0.00661225519442253194 0.00000000099999999997 0.00000000099999999997 0.35862331886474774212 0.00000000099999999997 0.07417685995636551233 0.00000000099999999997 
0.00000000099999999994 0.26091574497638470032 0.00000000099999999994 0.00000000099999999994 0.11271562479499119824 0.62636862422862404909 0.00000000099999999994 0.00000000099999999994 0.00000000099999999994 
0.00000000099999999993 0.45606088929971305701 0.00000000099999999993 0.00000000099999999993 0.00000000099999999993 0.54393910370028675239 0.00000000099999999993 0.00000000099999999993 0.00000000099999999993 
0.00000000099999999980 0.00000000099999999980 0.00000000099999999980 0.00000000099999999980 0.00000000099999999980 0.00000000099999999980 0.00000000099999999980 0.00000000099999999980 0.99999999199999989319 
0.00000000099999999976 0.00000000099999999976 0.00000000099999999976 0.00000000099999999976 0.99999999200000000421 0.00000000099999999976 0.00000000099999999976 0.00000000099999999976 0.00000000099999999976 
0.01042728164330383213 0.46086834356047196026 0.00000000099999999992 0.00000000099999999992 0.00000190443375069982 0.46852399713929865355 0.00000000099999999992 0.06017846922317481029 0.00000000099999999992 
0.00000000099999999984 0.00000000099999999984 0.00000000099999999984 0.45255788237996597001 0.00000000099999999984 0.00000000099999999984 0.00000000099999999984 0.00000000099999999984 0.54744211062003389490 
0.00000000099999999988 0.00000000099999999988 0.00000000099999999988 0.49012123226073622817 0.00000000099999999988 0.00000000099999999988 0.00000000099999999988 0.00000000099999999988 0.50987876073926363674 
0.00000000099999999991 0.00000000099999999991 0.00000000099999999991 0.49272918430534040635 0.00000000099999999991 0.00000000099999999991 0.00000000099999999991 0.00000000099999999991 0.50727080869465945856 
0.00000000099999999982 0.00000000099999999982 0.99999999200000011523 0.00000000099999999982 0.00000000099999999982 0.00000000099999999982 0.00000000099999999982 0.00000000099999999982 0.00000000099999999982 
0.00000000099999999997 0.00000000099999999997 0.14176359253139994565 0.17162709804763306987 0.00000000099999999997 0.13312224843674277941 0.16886716444194632691 0.00000000099999999997 0.38461989254227801904 
0.00000000099999999998 0.00000000099999999998 0.41772996047031107913 0.00000000099999999998 0.17155588772783669782 0.00000000099999999998 0.41071414580185239274 0.00000000099999999998 0.00000000099999999998 
0.00000000099999999979 0.00000000099999999979 0.00000000099999999979 0.00000000099999999979 0.00000000099999999979 0.00000000099999999979 0.00000000099999999979 0.00000000099999999979 0.99999999200000000421 
0.00000000099999999997 0.00000000099999999997 0.19812176676571174871 0.15155523946865526175 0.00000000099999999997 0.00000000099999999997 0.23782606017794041819 0.11175761665079114726 0.30073931293690131517 
0.00000000099999999999 0.03574776475906368822 0.19160511201516902680 0.00000000099999999999 0.18248884030458406569 0.00797017853496134569 0.23878378361074037439 0.34340431777548147130 0.00000000099999999999 
0.00000000099999999962 0.00000000099999999962 0.00000000099999999962 0.00000000099999999962 0.00000000099999999962 0.00000000099999999962 0.99999999199999989319 0.00000000099999999962 0.00000000099999999962 
0.00000000099999999996 0.00000000099999999996 0.50308389478644055526 0.00000000099999999996 0.00000000099999999996 0.00000000099999999996 0.49413595994685499679 0.00000000099999999996 0.00278013926670469917 
0.00000000099999999967 0.00000000099999999967 0.99999999200000011523 0.00000000099999999967 0.00000000099999999967 0.00000000099999999967 0.00000000099999999967 0.00000000099999999967 0.00000000099999999967 
0.00000000099999999987 0.00000000099999999987 0.00000000099999999987 0.00000000099999999987 0.00000000099999999987 0.00000000099999999987 0.00000000099999999987 0.00000000099999999987 0.99999999200000000421 
0.00000000099999999974 0.00000000099999999974 0.00000000099999999974 0.00000000099999999974 0.00000000099999999974 0.00000000099999999974 0.99999999199999989319 0.00000000099999999974 0.00000000099999999974 
0.00000000099999999995 0.90060246778860975070 0.02650591223071260827 0.00000000099999999995 0.00000000099999999995 0.00000000099999999995 0.00000000099999999995 0.07289161398067763031 0.00000000099999999995 
0.00000000099999999989 0.00000000099999999989 0.00990719774485047250 0.53396706008626004802 0.00000000099999999989 0.00000000099999999989 0.00000000099999999989 0.00000000099999999989 0.45612573616888951733 
0.00000000099999999974 0.00000000099999999974 0.00000000099999999974 0.99999999200000011523 0.00000000099999999974 0.00000000099999999974 0.00000000099999999974 0.00000000099999999974 0.00000000099999999974 
0.00000000099999999991 0.00000000099999999991 0.99999999200000000421 0.00000000099999999991 0.00000000099999999991 0.00000000099999999991 0.00000000099999999991 0.00000000099999999991 0.00000000099999999991 
0.00474736916840139914 0.71350707513306010910 0.02660591851350990397 0.00000000099999999998 0.02091999645679346390 0.23421963672823517544 0.00000000099999999998 0.00000000099999999998 0.00000000099999999998 
0.00000000099999999993 0.33310437001341652863 0.00000000099999999993 0.00000000099999999993 0.00000000099999999993 0.61044448419142360862 0.00000000099999999993 0.05645113979515976182 0.00000000099999999993 
0.00000000099999999990 0.00000000099999999990 0.00000000099999999990 0.00000000099999999990 0.00000000099999999990 0.00000000099999999990 0.00000000099999999990 0.00000000099999999990 0.99999999199999989319 
0.00000000099999999998 0.00000000099999999998 0.00000000099999999998 0.00000000099999999998 0.08507393093955883945 0.00000000099999999998 0.00000171964289118844 0.00000000099999999998 0.91492434341755002336 
0.00000000099999999982 0.00000000099999999982 0.00000000099999999982 0.99999999200000011523 0.00000000099999999982 0.00000000099999999982 0.00000000099999999982 0.00000000099999999982 0.00000000099999999982 
0.00000000099999999997 0.93703011218618181832 0.06296983629858898812 0.00000000099999999997 0.00000004551522921978 0.00000000099999999997 0.00000000099999999997 0.00000000099999999997 0.00000000099999999997 
0.99999999200000022626 0.00000000099999999973 0.00000000099999999973 0.00000000099999999973 0.00000000099999999973 0.00000000099999999973 0.00000000099999999973 0.00000000099999999973 0.00000000099999999973 
0.02757788580942930473 0.00000000099999999998 0.00000000099999999998 0.00000000099999999998 0.07729976596605091232 0.89512234222451991794 0.00000000099999999998 0.00000000099999999998 0.00000000099999999998 
0.00000000099999999974 0.00000000099999999974 0.00000000099999999974 0.99999999200000011523 0.00000000099999999974 0.00000000099999999974 0.00000000099999999974 0.00000000099999999974 0.00000000099999999974 
0.00000000099999999980 0.00000000099999999980 0.00000000099999999980 0.00000000099999999980 0.00000000099999999980 0.00000000099999999980 0.99999999200000000421 0.00000000099999999980 0.00000000099999999980 
0.99999999200000011523 0.00000000099999999956 0.00000000099999999956 0.00000000099999999956 0.00000000099999999956 0.00000000099999999956 0.00000000099999999956 0.00000000099999999956 0.00000000099999999956 
0.00000000099999999993 0.00000000099999999993 0.00000000099999999993 0.28922251086331235426 0.00000000099999999993 0.00000000099999999993 0.00000000099999999993 0.00000000099999999993 0.71077748213668756616 
0.00000000099999999983 0.00000000099999999983 0.00000000099999999983 0.00000000099999999983 0.00000000099999999983 0.00000000099999999983 0.00000000099999999983 0.00000000099999999983 0.99999999199999989319 
0.00000000099999999986 0.00000000099999999986 0.00000000099999999986 0.00000000099999999986 0.00000000099999999986 0.00000000099999999986 0.00000000099999999986 0.00000000099999999986 0.99999999200000000421 
0.00000000099999999989 0.00000000099999999989 0.00000000099999999989 0.00000000099999999989 0.59653247651501228876 0.00000000099999999989 0.00000000099999999989 0.40346751648498774268 0.00000000099999999989 
0.00087177852155714646 0.00000000099999999999 0.00000000099999999999 0.09283608618778239896 0.32942147152885215000 0.08178190226343143299 0.00000000099999999999 0.49508875749837677471 0.00000000099999999999 
0.00000000099999999988 0.00000000099999999988 0.99999999200000000421 0.00000000099999999988 0.00000000099999999988 0.00000000099999999988 0.00000000099999999988 0.00000000099999999988 0.00000000099999999988 
0.00000000099999999997 0.31105984258292540545 0.48246503982716648640 0.00000000099999999997 0.00000000099999999997 0.19758161921754641144 0.00000000099999999997 0.00889349337236170628 0.00000000099999999997 
0.00000000099999999981 0.00000000099999999981 0.00000000099999999981 0.00000000099999999981 0.99999999200000000421 0.00000000099999999981 0.00000000099999999981 0.00000000099999999981 0.00000000099999999981 
0.00000000099999999994 0.00000000099999999994 0.00000000099999999994 0.61354820791644781863 0.00000000099999999994 0.00000000099999999994 0.00000000099999999994 0.00000000099999999994 0.38645178508355221281 
0.00000000099999999978 0.00000000099999999978 0.00000000099999999978 0.00000000099999999978 0.00000000099999999978 0.00000000099999999978 0.00000000099999999978 0.99999999199999989319 0.00000000099999999978 
0.00000000099999999989 0.00000000099999999989 0.00000000099999999989 0.00000000099999999989 0.68017412618590766815 0.00000000099999999989 0.00000000099999999989 0.31982586681409241880 0.00000000099999999989 
0.00000000099999999981 0.00000000099999999981 0.00000000099999999981 0.00000000099999999981 0.00000000099999999981 0.00000000099999999981 0.00000000099999999981 0.99999999200000000421 0.00000000099999999981 
0.02332130057003318352 0.53475791966886399020 0.00000000099999999997 0.00000000099999999997 0.12453034342368315968 0.31739043133741967617 0.00000000099999999997 0.00000000099999999997 0.00000000099999999997 
0.00000000099999999982 0.00000000099999999982 0.00000000099999999982 0.00000000099999999982 0.59224483519746196070 0.00000000099999999982 0.00000000099999999982 0.40775515780253795972 0.00000000099999999982 
0.00000000099999999987 0.02418840210873026905 0.00000000099999999987 0.00000000099999999987 0.28036634293517509464 0.00000000099999999987 0.00000000099999999987 0.69544524895609438619 0.00000000099999999987 
0.00000000099999999990 0.00000000099999999990 0.47571971287958597641 0.12271600263065789160 0.00000000099999999990 0.00000000099999999990 0.00000030918864315875 0.00000000099999999990 0.40156397030111307123 
0.00000000099999999998 0.83241814757404763991 0.00000000099999999998 0.00000000099999999998 0.16758184542595239153 0.00000000099999999998 0.00000000099999999998 0.00000000099999999998 0.00000000099999999998 
0.00000004981436911272 0.45206658720869979939 0.00000000099999999996 0.00000000099999999996 0.37661207202009328032 0.00000000099999999996 0.00000000099999999996 0.17132128595683776551 0.00000000099999999996 
0.00000000099999999982 0.00000000099999999982 0.00000000099999999982 0.00000000099999999982 0.99999999200000011523 0.00000000099999999982 0.00000000099999999982 0.00000000099999999982 0.00000000099999999982 
0.00448131867052382286 0.63191681276036948400 0.00000000099999999995 0.00000000099999999995 0.00000000099999999995 0.36360186256910675962 0.00000000099999999995 0.00000000099999999995 0.00000000099999999995 
0.00000000099999999989 0.02042092558143642281 0.00000000099999999989 0.00000000099999999989 0.59060282736251701330 0.00000000099999999989 0.00000000099999999989 0.38897624105604661215 0.00000000099999999989 
0.00000000099999999984 0.99999999200000022626 0.00000000099999999984 0.00000000099999999984 0.00000000099999999984 0.00000000099999999984 0.00000000099999999984 0.00000000099999999984 0.00000000099999999984 
0.00000000099999999988 0.99999999200000011523 0.00000000099999999988 0.00000000099999999988 0.00000000099999999988 0.00000000099999999988 0.00000000099999999988 0.00000000099999999988 0.00000000099999999988 
0.00000000099999999992 0.00000000099999999992 0.00000000099999999992 0.00000000099999999992 0.33718799851602698769 0.03319090566579385032 0.00000000099999999992 0.62962108981817899167 0.00000000099999999992 
0.00000000099999999981 0.00000000099999999981 0.00000000099999999981 0.00000000099999999981 0.00000000099999999981 0.00000000099999999981 0.00000000099999999981 0.99999999199999989319 0.00000000099999999981 
0.00000000099999999997 0.00000000099999999997 0.00000000099999999997 0.09938340043431867499 0.00000000099999999997 0.00000000099999999997 0.90061659256568127319 0.00000000099999999997 0.00000000099999999997 
0.00000000099999999988 0.99999996113706479672 0.00000000099999999988 0.00000000099999999988 0.00000000099999999988 0.00000000099999999988 0.00000000099999999988 0.00000003186293537068 0.00000000099999999988 
0.00000000099999999990 0.00000000099999999990 0.00000000099999999990 0.00000000099999999990 0.00000000099999999990 0.00000000099999999990 0.00000000099999999990 0.99999999199999989319 0.00000000099999999990 
0.00000000099999999982 0.00000000099999999982 0.00000000099999999982 0.00000000099999999982 0.00000000099999999982 0.00000000099999999982 0.99999999199999989319 0.00000000099999999982 0.00000000099999999982 
0.00736042637797422114 0.00000000099999999994 0.00000000099999999994 0.27745895097968237275 0.00000000099999999994 0.00000000099999999994 0.00000000099999999994 0.00000000099999999994 0.71518061664234322539 
0.00000000099999999988 0.99999999200000011523 0.00000000099999999988 0.00000000099999999988 0.00000000099999999988 0.00000000099999999988 0.00000000099999999988 0.00000000099999999988 0.00000000099999999988 
0.00000000099999999989 0.00000000099999999989 0.00000000099999999989 0.00000000099999999989 0.00000000099999999989 0.00000000099999999989 0.99999999200000000421 0.00000000099999999989 0.00000000099999999989 
0.00000000099999999986 0.00000000099999999986 0.00228447765971071231 0.00000000099999999986 0.00000000099999999986 0.00000000099999999986 0.99771551534028923847 0.00000000099999999986 0.00000000099999999986 
0.00000000099999999993 0.00000000099999999993 0.00000000099999999993 0.00000000099999999993 0.00000000099999999993 0.00000000099999999993 0.95938684136103524747 0.00000000099999999993 0.04061315163896480479 
0.00000000099999999987 0.00000000099999999987 0.99999999200000011523 0.00000000099999999987 0.00000000099999999987 0.00000000099999999987 0.00000000099999999987 0.00000000099999999987 0.00000000099999999987 
0.00335057345243638472 0.00000000099999999991 0.62031032650048356647 0.00000000099999999991 0.00000000099999999991 0.00000000099999999991 0.37633909404708004720 0.00000000099999999991 0.00000000099999999991 
0.01814405171835202502 0.00000000099999999999 0.52442060539291934784 0.04391217643941723592 0.00000000099999999999 0.00000000099999999999 0.27053569736364702081 0.14298746508566451130 0.00000000099999999999 
0.00000000099999999989 0.00000000099999999989 0.99999999200000000421 0.00000000099999999989 0.00000000099999999989 0.00000000099999999989 0.00000000099999999989 0.00000000099999999989 0.00000000099999999989 
0.00000000099999999988 0.00000000099999999988 0.00000000099999999988 0.46944196308806368512 0.00000000099999999988 0.00000000099999999988 0.00000000099999999988 0.00000000099999999988 0.53055802991193612428 
0.00000000099999999980 0.00000000099999999980 0.00000000099999999980 0.00000000099999999980 0.00000000099999999980 0.00000000099999999980 0.99999999200000000421 0.00000000099999999980 0.00000000099999999980 
0.01811932323505949585 0.00000000099999999986 0.64157500261552635745 0.00000000099999999986 0.00000000099999999986 0.00000000099999999986 0.34030566814941431986 0.00000000099999999986 0.00000000099999999986 
0.02284415294402424371 0.00000000099999999989 0.60390397297324505121 0.00000000099999999989 0.00000000099999999989 0.00000000099999999989 0.37325186808273086436 0.00000000099999999989 0.00000000099999999989 
0.03688554240964320857 0.00000000099999999998 0.03665750014337757628 0.00009841321793562886 0.00000000099999999998 0.00000000099999999998 0.85106771984417772803 0.00000000099999999998 0.07529082038486585582 
0.00479341285753138481 0.00000000099999999999 0.54778367949043127449 0.00000000099999999999 0.00000000099999999999 0.21043447022082334419 0.07417731792585195716 0.00000000099999999999 0.16281111550536206400 
0.00268670686527145092 0.13333772608460739417 0.00000000099999999999 0.30166024491432563703 0.00000000099999999999 0.00000000099999999999 0.06743988342739039299 0.00732513632556286778 0.48755029938284205615 
0.00000000099999999989 0.00000000099999999989 0.99999999200000011523 0.00000000099999999989 0.00000000099999999989 0.00000000099999999989 0.00000000099999999989 0.00000000099999999989 0.00000000099999999989 
0.00917693685697731909 0.00000000099999999995 0.00000000099999999995 0.00812701999859367745 0.00000000099999999995 0.00000000099999999995 0.98269603714442899101 0.00000000099999999995 0.00000000099999999995 
0.00000000099999999983 0.00000000099999999983 0.00000000099999999983 0.00000000099999999983 0.00000000099999999983 0.00000000099999999983 0.00000000099999999983 0.00000000099999999983 0.99999999199999989319 
0.00000000099999999994 0.00000000099999999994 0.00139733136502255616 0.00000000099999999994 0.00000000099999999994 0.00000000099999999994 0.03292451058021642063 0.00000000099999999994 0.96567815205476104090 
0.00000000099999999985 0.00000000099999999985 0.96403715915159371441 0.00000000099999999985 0.00000000099999999985 0.00000000099999999985 0.00000000099999999985 0.00000000099999999985 0.03596283384840634478 
0.00000000099999999977 0.00000000099999999977 0.00000000099999999977 0.99999999200000000421 0.00000000099999999977 0.00000000099999999977 0.00000000099999999977 0.00000000099999999977 0.00000000099999999977 
0.00929494673678866318 0.00000000099999999990 0.62323382394222737179 0.00000000099999999990 0.00000000099999999990 0.00000000099999999990 0.36747122332098414166 0.00000000099999999990 0.00000000099999999990 
0.00000000099999999998 0.00000000099999999998 0.96075756854877569779 0.00000000099999999998 0.03924055389706399694 0.00000000099999999998 0.00000000099999999998 0.00000187155416019890 0.00000000099999999998 
0.00000000099999999988 0.00000000099999999988 0.00000000099999999988 0.00000000099999999988 0.00000000099999999988 0.00000000099999999988 0.92570810163229044765 0.00000000099999999988 0.07429189136770954216 
0.00000000099999999996 0.00000000099999999996 0.98344157307429080905 0.01655837360002557906 0.00000000099999999996 0.00000000099999999996 0.00000000099999999996 0.00000000099999999996 0.00000004732568377995 
0.00000000099999999992 0.00000000099999999992 0.01369527692092776562 0.39640315356894773036 0.00000000099999999992 0.00000000099999999992 0.04660038216528281096 0.00000000099999999992 0.54330118234484170436 
0.00000000099999999980 0.00000000099999999980 0.00000000099999999980 0.00000000099999999980 0.99999999200000000421 0.00000000099999999980 0.00000000099999999980 0.00000000099999999980 0.00000000099999999980 
0.00000000099999999972 0.00000000099999999972 0.00000000099999999972 0.00000000099999999972 0.00000000099999999972 0.00000000099999999972 0.00000000099999999972 0.99999999200000000421 0.00000000099999999972 
0.00000000099999999989 0.00000000099999999989 0.00000000099999999989 0.00000000099999999989 0.00000000099999999989 0.99999999200000000421 0.00000000099999999989 0.00000000099999999989 0.00000000099999999989 
0.00000000099999999988 0.99999999042954024198 0.00000000099999999988 0.00000000099999999988 0.00000000257045993645 0.00000000099999999988 0.00000000099999999988 0.00000000099999999988 0.00000000099999999988 
0.04691186451234502508 0.00000017903514708582 0.00543443683688732589 0.00670630573407029335 0.03849062682416283521 0.00000000100000000000 0.90245658405738748975 0.00000000100000000000 0.00000000100000000000 
0.00000000099999999995 0.54923955595634010862 0.07969753040236780828 0.00000000099999999995 0.00000000099999999995 0.30956510626779182305 0.00000000099999999995 0.06149780237350038758 0.00000000099999999995 
0.00000000099999999987 0.00000000099999999987 0.00000000099999999987 0.00000000099999999987 0.00000000099999999987 0.99999999200000011523 0.00000000099999999987 0.00000000099999999987 0.00000000099999999987 
0.00000000099999999997 0.00000000099999999997 0.00000000099999999997 0.00000000099999999997 0.00000000099999999997 0.00000000099999999997 0.83581743681613462904 0.12438033366806715285 0.03980222351579825596 
0.02129561351331911781 0.54400770355364702624 0.01028958856651364384 0.00000000099999999999 0.00000000126381751814 0.21511440998658673540 0.00000000099999999999 0.09609177206444183272 0.11320090905167437545 
0.00000000099999999975 0.00000000099999999975 0.00000000099999999975 0.00000000099999999975 0.00000000099999999975 0.00000000099999999975 0.00000000099999999975 0.99999999199999989319 0.00000000099999999975 
0.00000000099999999998 0.00000000099999999998 0.00000000099999999998 0.00877234042048545375 0.00000000099999999998 0.05896466649263074761 0.81345326913020610249 0.11880971895667762073 0.00000000099999999998 
0.00000000099999999985 0.00000000099999999985 0.00000000099999999985 0.00000000099999999985 0.00000000099999999985 0.00000000099999999985 0.08971838906354644150 0.00000000099999999985 0.91028160393645363158 
0.00000000099999999981 0.00000000099999999981 0.00000000099999999981 0.00000000099999999981 0.00000000099999999981 0.00000000099999999981 0.99999999200000000421 0.00000000099999999981 0.00000000099999999981 
0.00000000099999999983 0.00000000099999999983 0.99999999200000011523 0.00000000099999999983 0.00000000099999999983 0.00000000099999999983 0.00000000099999999983 0.00000000099999999983 0.00000000099999999983 
0.00000000099999999992 0.00000000099999999992 0.00000000099999999992 0.52853499834814654523 0.00000000099999999992 0.00000000099999999992 0.00000000099999999992 0.00000000099999999992 0.47146499465185343070 
0.00000000099999999994 0.50590329725547422690 0.00000000099999999994 0.00000000099999999994 0.00000000099999999994 0.49409669574452591556 0.00000000099999999994 0.00000000099999999994 0.00000000099999999994 
0.00000000100000000000 0.31427776393165290925 0.00007544286847926328 0.00000000100000000000 0.00000000979226051785 0.47198125781355793062 0.17212907416767286861 0.04153644842637632673 0.00000000100000000000 
0.00000000099999999996 0.72762671846313775603 0.00000000099999999996 0.00000000099999999996 0.00000000099999999996 0.24478569136434819020 0.00000000099999999996 0.02758758417251410203 0.00000000099999999996 
0.00000000099999999988 0.00000000099999999988 0.00000000099999999988 0.00000000099999999988 0.00000000099999999988 0.99999999200000000421 0.00000000099999999988 0.00000000099999999988 0.00000000099999999988 
0.00000000099999999993 0.99999931159756372256 0.00000000099999999993 0.00000000099999999993 0.00000000099999999993 0.00000000099999999993 0.00000000099999999993 0.00000068140243626456 0.00000000099999999993 
0.00000000099999999982 0.00000000099999999982 0.00000000099999999982 0.00000000099999999982 0.01652664079172823375 0.98347335220827170055 0.00000000099999999982 0.00000000099999999982 0.00000000099999999982 
0.00000000099999999992 0.00000000099999999992 0.00000000099999999992 0.24989162496268663149 0.00000000099999999992 0.00000000099999999992 0.02033042957185399527 0.00000000099999999992 0.72977793946545943538 
0.00000000099999999993 0.00000000099999999993 0.99999999200000000421 0.00000000099999999993 0.00000000099999999993 0.00000000099999999993 0.00000000099999999993 0.00000000099999999993 0.00000000099999999993 
0.00000000099999999991 0.00000000099999999991 0.00000000099999999991 0.31786193201368467820 0.00000000099999999991 0.00000000099999999991 0.01173992744299923695 0.00000000099999999991 0.67039813454331587117 
0.00000000099999999983 0.00000000099999999983 0.00000000099999999983 0.99999999200000000421 0.00000000099999999983 0.00000000099999999983 0.00000000099999999983 0.00000000099999999983 0.00000000099999999983 
0.00000000099999999982 0.00000000099999999982 0.99999999200000011523 0.00000000099999999982 0.00000000099999999982 0.00000000099999999982 0.00000000099999999982 0.00000000099999999982 0.00000000099999999982 
0.00000000099999999972 0.00000000099999999972 0.00000000099999999972 0.00000000099999999972 0.00000000099999999972 0.00000000099999999972 0.99999999200000000421 0.00000000099999999972 0.00000000099999999972 
0.00000000099999999982 0.00000000099999999982 0.00000000099999999982 0.00000000099999999982 0.00000000099999999982 0.00000000099999999982 0.99999999199999989319 0.00000000099999999982 0.00000000099999999982 
0.00000000099999999982 0.00000000099999999982 0.00000000099999999982 0.00000000099999999982 0.00000000099999999982 0.00000000099999999982 0.00000000099999999982 0.00000000099999999982 0.99999999199999989319 
0.00000000099999999988 0.00000000099999999988 0.00000000099999999988 0.47088811645429090591 0.00000000099999999988 0.00000000099999999988 0.00000000099999999988 0.00000000099999999988 0.52911187654570901451 
0.00000000099999999985 0.00000000099999999985 0.00000000099999999985 0.44504903840924175951 0.00000000099999999985 0.00000000099999999985 0.00000000099999999985 0.00000000099999999985 0.55495095459075816091 
0.00000000099999999984 0.00000000099999999984 0.00000000099999999984 0.00000000099999999984 0.00000000099999999984 0.00000000099999999984 0.99999999200000000421 0.00000000099999999984 0.00000000099999999984 
0.00000000099999999993 0.00000000099999999993 0.00000000099999999993 0.06094688707469570615 0.00000000099999999993 0.00000000099999999993 0.93905310592530422120 0.00000000099999999993 0.00000000099999999993 
0.00000000099999999982 0.00000000099999999982 0.00000000099999999982 0.00000000099999999982 0.00000000099999999982 0.00000000099999999982 0.00000000099999999982 0.00000000099999999982 0.99999999199999989319 
0.00000000099999999985 0.00000000099999999985 0.99999999200000011523 0.00000000099999999985 0.00000000099999999985 0.00000000099999999985 0.00000000099999999985 0.00000000099999999985 0.00000000099999999985 
0.03690379063750499899 0.00000000099999999996 0.02945756984957798377 0.00000002264926086859 0.00000000099999999996 0.00000000099999999996 0.03400789803841375303 0.00000000099999999996 0.89963071482524237243 
0.00000000099999999976 0.00000000099999999976 0.00000000099999999976 0.00000000099999999976 0.00000000099999999976 0.00000000099999999976 0.99999999199999989319 0.00000000099999999976 0.00000000099999999976 
0.00000000099999999986 0.00000000099999999986 0.00000000099999999986 0.32457605463517719135 0.00000000099999999986 0.00000000099999999986 0.00000000099999999986 0.00000000099999999986 0.67542393836482250702 
0.01000207901988537339 0.60022290694105207010 0.02522268397021217717 0.00028763048991788250 0.09792989329749829386 0.26633480328143421811 0.00000000099999999998 0.00000000099999999998 0.00000000099999999998 
0.00000000099999999991 0.00000000099999999991 0.15055126383260525325 0.00000000099999999991 0.00000000099999999991 0.00000000099999999991 0.82676917888940049117 0.00000000099999999991 0.02267955127799430037 
0.00708783139503137410 0.57112894216081100396 0.00000000099999999997 0.08459865911008210282 0.00000000099999999997 0.33718456233407562150 0.00000000099999999997 0.00000000099999999997 0.00000000099999999997 
0.00000000099999999976 0.00000000099999999976 0.00000000099999999976 0.00000000099999999976 0.00000000099999999976 0.00000000099999999976 0.99999999199999989319 0.00000000099999999976 0.00000000099999999976 
0.00000000099999999990 0.00000000099999999990 0.00000000099999999990 0.26631910349746951150 0.00000000099999999990 0.00000000099999999990 0.00000000099999999990 0.00000000099999999990 0.73368088950253029790 
0.00000000099999999986 0.00000000099999999986 0.00000000099999999986 0.23914951576096846186 0.00000000099999999986 0.00000000099999999986 0.00000000099999999986 0.00000000099999999986 0.76085047723903143080 
0.00000000099999999981 0.00000000099999999981 0.00000000099999999981 0.00000000099999999981 0.00000000099999999981 0.00000000099999999981 0.99999999200000000421 0.00000000099999999981 0.00000000099999999981 
0.00000000099999999972 0.00000000099999999972 0.00000000099999999972 0.99999999200000011523 0.00000000099999999972 0.00000000099999999972 0.00000000099999999972 0.00000000099999999972 0.00000000099999999972 
0.07113321897264980598 0.00000000100000000000 0.01634752868857155053 0.00000007619243072251 0.00000000100000000000 0.21335697386789215235 0.01762616808399804572 0.02523798699193588110 0.65629804520252188471 
0.00000000099999999985 0.00000000099999999985 0.00000000099999999985 0.00000000099999999985 0.00000000099999999985 0.00000000099999999985 0.99999999199999989319 0.00000000099999999985 0.00000000099999999985 
0.00000000099999999995 0.00000000099999999995 0.00000000099999999995 0.61053644301041753994 0.00000000099999999995 0.00000000099999999995 0.00000000099999999995 0.00000000099999999995 0.38946354998958243598 
0.00000000099999999990 0.00000000099999999990 0.00000000099999999990 0.00000000099999999990 0.00000000099999999990 0.14559348225491058892 0.00000000099999999990 0.85440651074508933149 0.00000000099999999990 
0.99999999200000022626 0.00000000099999999949 0.00000000099999999949 0.00000000099999999949 0.00000000099999999949 0.00000000099999999949 0.00000000099999999949 0.00000000099999999949 0.00000000099999999949 
0.00000000099999999987 0.99999999200000011523 0.00000000099999999987 0.00000000099999999987 0.00000000099999999987 0.00000000099999999987 0.00000000099999999987 0.00000000099999999987 0.00000000099999999987 
0.00000000099999999983 0.00000000099999999983 0.00000000099999999983 0.00000000099999999983 0.00000000099999999983 0.99999999200000011523 0.00000000099999999983 0.00000000099999999983 0.00000000099999999983 
0.00000000099999999994 0.51694927603469509325 0.00000000099999999994 0.00000000099999999994 0.00000000099999999994 0.48305071696530510472 0.00000000099999999994 0.00000000099999999994 0.00000000099999999994 
0.00000000099999999995 0.61977512303542958705 0.00000000099999999995 0.00000000099999999995 0.00386363104100648919 0.37636123992356401713 0.00000000099999999995 0.00000000099999999995 0.00000000099999999995 
0.00000000099999999992 0.99999999200000022626 0.00000000099999999992 0.00000000099999999992 0.00000000099999999992 0.00000000099999999992 0.00000000099999999992 0.00000000099999999992 0.00000000099999999992 
0.00866821277936878631 0.69849294156176222614 0.00000000099999999999 0.02474202952245659407 0.19852022186511936175 0.00000011977926437215 0.01795571394394121501 0.00000000099999999999 0.05162075854808724495 
0.00000000099999999985 0.99999999200000011523 0.00000000099999999985 0.00000000099999999985 0.00000000099999999985 0.00000000099999999985 0.00000000099999999985 0.00000000099999999985 0.00000000099999999985 
0.00000000099999999974 0.00000000099999999974 0.00000000099999999974 0.00000000099999999974 0.00000000099999999974 0.00000000099999999974 0.99999999200000000421 0.00000000099999999974 0.00000000099999999974 
0.01068426733447415400 0.80019841432467830877 0.00000000099999999995 0.00000000099999999995 0.04728577219775407375 0.14183154114309348692 0.00000000099999999995 0.00000000099999999995 0.00000000099999999995 
0.99999999200000022626 0.00000000099999999951 0.00000000099999999951 0.00000000099999999951 0.00000000099999999951 0.00000000099999999951 0.00000000099999999951 0.00000000099999999951 0.00000000099999999951 
0.00000000099999999990 0.99333431468361854666 0.00000000099999999990 0.00000000099999999990 0.00000000099999999990 0.00000000099999999990 0.00000000099999999990 0.00666567831638158453 0.00000000099999999990 
0.00000000099999999978 0.00000000099999999978 0.00000000099999999978 0.00000000099999999978 0.99999999200000011523 0.00000000099999999978 0.00000000099999999978 0.00000000099999999978 0.00000000099999999978 
0.00000000099999999986 0.00000000099999999986 0.00000000099999999986 0.42300940460191344128 0.00000000099999999986 0.00000000099999999986 0.00000000099999999986 0.00000000099999999986 0.57699058839808647914 
0.00000000099999999983 0.00000000099999999983 0.00000000099999999983 0.00000000099999999983 0.34977177360539835060 0.00000000099999999983 0.00000000099999999983 0.65022821939460151430 0.00000000099999999983 
0.00000000099999999986 0.00000000099999999986 0.00000000099999999986 0.00000000099999999986 0.38158475376437350768 0.00000000099999999986 0.00000000099999999986 0.61841523923562635723 0.00000000099999999986 
0.00000000099999999997 0.98485751581131142363 0.00000000099999999997 0.00000000099999999997 0.00000000099999999997 0.00000000099999999997 0.00000000099999999997 0.01514247718868868588 0.00000000099999999997 
0.00000000099999999996 0.47509166926825552313 0.02452450145758445013 0.00000000099999999996 0.00892250833984489268 0.43978126916855359019 0.00000000099999999996 0.05168004776576157894 0.00000000099999999996 
0.00000000099999999978 0.00000000099999999978 0.00000000099999999978 0.00000000099999999978 0.99999999200000000421 0.00000000099999999978 0.00000000099999999978 0.00000000099999999978 0.00000000099999999978 
0.00000000099999999980 0.00000000099999999980 0.00000000099999999980 0.00000000099999999980 0.00000000099999999980 0.00000000099999999980 0.00000000099999999980 0.99999999200000000421 0.00000000099999999980 
0.00000000099999999986 0.00000000099999999986 0.00000000099999999986 0.00000000099999999986 0.00000000099999999986 0.99999999200000011523 0.00000000099999999986 0.00000000099999999986 0.00000000099999999986 
0.00000000099999999986 0.00000000099999999986 0.00000000099999999986 0.33853147761270718785 0.00000000099999999986 0.00000000099999999986 0.00000000099999999986 0.00000000099999999986 0.66146851538729278808 
0.01147602717069954800 0.77314341316573798046 0.00000000099999999998 0.00000000099999999998 0.00000000099999999998 0.10211179554923140167 0.00898614332613738818 0.10428261678819379654 0.00000000099999999998 
0.00000000099999999978 0.00000000099999999978 0.00000000099999999978 0.00000000099999999978 0.99999999200000000421 0.00000000099999999978 0.00000000099999999978 0.00000000099999999978 0.00000000099999999978 
0.00261404840712386793 0.38205673062364836623 0.01280629698875908502 0.00000000099999999998 0.02501623540684265803 0.57750668457362597241 0.00000000099999999998 0.00000000099999999998 0.00000000099999999998 
0.00000000099999999996 0.49114642904803096357 0.00000000099999999996 0.00000000099999999996 0.00000000099999999996 0.44426432586931535740 0.00000000099999999996 0.06458923908265365443 0.00000000099999999996 
0.00000000099999999981 0.00000000099999999981 0.00000000099999999981 0.00000000099999999981 0.99999999200000011523 0.00000000099999999981 0.00000000099999999981 0.00000000099999999981 0.00000000099999999981 
0.00000000099999999970 0.00000000099999999970 0.00000000099999999970 0.99999999200000000421 0.00000000099999999970 0.00000000099999999970 0.00000000099999999970 0.00000000099999999970 0.00000000099999999970 
0.00000000099999999992 0.00000000099999999992 0.00000000099999999992 0.00000000099999999992 0.64936185124505896304 0.00000000099999999992 0.00000000099999999992 0.35063814175494112391 0.00000000099999999992 
0.00000000099999999997 0.41016914778408453124 0.00000000099999999997 0.00000000099999999997 0.00011325690017537105 0.57511686675447537542 0.00000000099999999997 0.01460072356126454994 0.00000000099999999997 
0.00000000099999999999 0.62093178683502148196 0.03473280532602911197 0.00000000099999999999 0.00000000099999999999 0.31755851026894837963 0.00000000099999999999 0.02677689257000125458 0.00000000099999999999 
0.00000000099999999991 0.99993603869943736839 0.00000000099999999991 0.00000000099999999991 0.00000932131245896393 0.00000000099999999991 0.00000000099999999991 0.00005463398810377554 0.00000000099999999991 
0.00000000099999999981 0.00000000099999999981 0.00000000099999999981 0.00000000099999999981 0.00000000099999999981 0.00000000099999999981 0.00000000099999999981 0.00000000099999999981 0.99999999200000000421 
0.00000000099999999994 0.00000000099999999994 0.13534868586382065025 0.00000000099999999994 0.04852949960426189424 0.81612180853191740315 0.00000000099999999994 0.00000000099999999994 0.00000000099999999994 
0.00000000099999999992 0.91177951042341753851 0.00000000099999999992 0.00000000099999999992 0.08822048257658260395 0.00000000099999999992 0.00000000099999999992 0.00000000099999999992 0.00000000099999999992 
0.00000000099999999986 0.00000000099999999986 0.00000000099999999986 0.00000000099999999986 0.00000000099999999986 0.99999999200000000421 0.00000000099999999986 0.00000000099999999986 0.00000000099999999986 
0.01215761016897203353 0.48408053720997579195 0.00000000099999999998 0.00000000099999999998 0.00000000099999999998 0.49836342652273274423 0.00000000099999999998 0.00539842109831934706 0.00000000099999999998 
0.00000000099999999998 0.13229366419263757781 0.00201689333873546119 0.00000000099999999998 0.50835976830091855749 0.00001033645147010274 0.00000000099999999998 0.32719180098207684138 0.03012753373416139288 
0.00000000099999999998 0.00000000099999999998 0.00000000099999999998 0.17953228270352661333 0.13776688817592219749 0.00000000099999999998 0.00000000099999999998 0.00000000099999999998 0.68270082312055113682 
0.00000000099999999998 0.59078352321627114474 0.06530576252385696112 0.00000000099999999998 0.00197329070085178453 0.33473520760315245148 0.00000000099999999998 0.00720221195586760211 0.00000000099999999998 
0.00000000099999999970 0.00000000099999999970 0.00000000099999999970 0.00000000099999999970 0.00000000099999999970 0.00000000099999999970 0.00000000099999999970 0.99999999200000000421 0.00000000099999999970 
0.00000000099999999997 0.00000000099999999997 0.00000000099999999997 0.00000000099999999997 0.59962275050409807875 0.00457669717764432916 0.00000000099999999997 0.39580054631825745126 0.00000000099999999997 
0.00000000099999999997 0.00000000099999999997 0.00000000099999999997 0.00000000099999999997 0.19549226951678491671 0.36382267424704223258 0.04151651790534296310 0.39916853333082980004 0.00000000099999999997 
0.00000000099999999999 0.00010090678990972255 0.03713165266311449497 0.00000000099999999999 0.00000000099999999999 0.12137330274320858037 0.00000000099999999999 0.41392466169019381805 0.42746947211357344543 
0.00000000099999999981 0.00000000099999999981 0.00000000099999999981 0.00000000099999999981 0.00000000099999999981 0.99999999200000000421 0.00000000099999999981 0.00000000099999999981 0.00000000099999999981 
0.02774351814899170265 0.30350022552798128217 0.00000000100000000000 0.00000000100000000000 0.10225948651307562032 0.09643945362331440840 0.06007227561036754260 0.00000064917513566091 0.40998438940113390849 
0.00000000099999999997 0.33560522130520969997 0.20181252146971548345 0.00000000099999999997 0.04023221681986490633 0.42235003540520987819 0.00000000099999999997 0.00000000099999999997 0.00000000099999999997 
0.00000000099999999992 0.00000000099999999992 0.00000000099999999992 0.00000000099999999992 0.00000000099999999992 0.99999999200000000421 0.00000000099999999992 0.00000000099999999992 0.00000000099999999992 
