0.00000000099999999998 0.00000000099999999998 0.54977144230233576661 0.00000000099999999998 0.00000000099999999998 0.00000000099999999998 0.00016954854928258686 0.11838026194839788852 0.33167874219998372265 
0.42230421191286160454 0.00000000099999999997 0.00000000099999999997 0.00000000099999999997 0.00000000099999999997 0.01809712738499806919 0.00000000099999999997 0.55959865470214020799 0.00000000099999999997 
0.65141645853818141987 0.00000000099999999997 0.08631783173159422728 0.00000127845884740028 0.00000000099999999997 0.00000000099999999997 0.00003661991002346245 0.26222780736135331559 0.00000000099999999997 
0.99999999200000011523 0.00000000099999999986 0.00000000099999999986 0.00000000099999999986 0.00000000099999999986 0.00000000099999999986 0.00000000099999999986 0.00000000099999999986 0.00000000099999999986 
0.32818389236168643563 0.00000000099999999995 0.08847158831672509438 0.00000000099999999995 0.00000000099999999995 0.00000000099999999995 0.00000000099999999995 0.58334451332158832049 0.00000000099999999995 
0.00000000099999999991 0.00000000099999999991 0.00000000099999999991 0.00000000099999999991 0.00000000099999999991 0.00000000099999999991 0.00000000099999999991 0.99999999199999989319 0.00000000099999999991 
0.00000000099999999977 0.99999999200000011523 0.00000000099999999977 0.00000000099999999977 0.00000000099999999977 0.00000000099999999977 0.00000000099999999977 0.00000000099999999977 0.00000000099999999977 
0.00000000099999999984 0.00000000099999999984 0.99999999200000000421 0.00000000099999999984 0.00000000099999999984 0.00000000099999999984 0.00000000099999999984 0.00000000099999999984 0.00000000099999999984 
0.00000000099999999989 0.00000000099999999989 0.02999322770682407921 0.00000000099999999989 0.00572635062964509112 0.00000000099999999989 0.00000000099999999989 0.96428041566353084324 0.00000000099999999989 
0.00000000099999999986 0.39842913495018811298 0.00000000099999999986 0.00000000099999999986 0.00000000099999999986 0.00000000099999999986 0.60157085804981180743 0.00000000099999999986 0.00000000099999999986 
0.00000000099999999983 0.99999999200000011523 0.00000000099999999983 0.00000000099999999983 0.00000000099999999983 0.00000000099999999983 0.00000000099999999983 0.00000000099999999983 0.00000000099999999983 
0.00000000099999999993 0.42852345584542200774 0.00000000099999999993 0.00000000099999999993 0.00000000099999999993 0.00000000099999999993 0.57147653715457791268 0.00000000099999999993 0.00000000099999999993 
0.00000000099999999979 0.00000000099999999979 0.00000000099999999979 0.99999999200000000421 0.00000000099999999979 0.00000000099999999979 0.00000000099999999979 0.00000000099999999979 0.00000000099999999979 
0.00000000099999999997 0.20149277774562268650 0.00000000099999999997 0.00000000099999999997 0.00000000099999999997 0.27174927649083191472 0.38070822982453372818 0.08180145861802448626 0.06424825332098725583 
0.00000000099999999986 0.00000000099999999986 0.00000000099999999986 0.00000000099999999986 0.00000000099999999986 0.99999999200000011523 0.00000000099999999986 0.00000000099999999986 0.00000000099999999986 
0.00000000099999999975 0.00000000099999999975 0.00000000099999999975 0.00000000099999999975 0.00000000099999999975 0.00000000099999999975 0.99999999199999989319 0.00000000099999999975 0.00000000099999999975 
0.00000000099999999997 0.21988772960808741774 0.02255992703380729075 0.00000000099999999997 0.00000000099999999997 0.38213826030108555276 0.26095526052058337640 0.00000000099999999997 0.11445881853643642689 
0.00000000099999999994 0.00000000099999999994 0.53399839218996436596 0.00000000099999999994 0.00000000099999999994 0.39990141243932464388 0.00000000099999999994 0.00000000099999999994 0.06610018937071110434 
0.00000000099999999958 0.00000000099999999958 0.00000000099999999958 0.00000000099999999958 0.00000000099999999958 0.22262247380856489687 0.00000000099999999958 0.00000000099999999958 0.77737751919143516233 
0.00000000099999999990 0.00000000099999999990 0.00000000099999999990 0.00000000099999999990 0.00000000099999999990 0.65039445451981192647 0.00000000099999999990 0.00000000099999999990 0.34960553848018816048 
0.00000000099999999931 0.00000000099999999931 0.00000000099999999931 0.00000000099999999931 0.00000000099999999931 0.99999999200000000421 0.00000000099999999931 0.00000000099999999931 0.00000000099999999931 
0.00000000099999999990 0.32909100746796060566 0.00000000099999999990 0.01812540172356599463 0.00000000099999999990 0.00000000099999999990 0.65278358480847342715 0.00000000099999999990 0.00000000099999999990 
0.00000000099999999977 0.00000000099999999977 0.00000000099999999977 0.00000000099999999977 0.00000000099999999977 0.00000000099999999977 0.00000000099999999977 0.00000000099999999977 0.99999999200000000421 
0.99999999200000011523 0.00000000099999999988 0.00000000099999999988 0.00000000099999999988 0.00000000099999999988 0.00000000099999999988 0.00000000099999999988 0.00000000099999999988 0.00000000099999999988 
0.00000000099999999990 0.40878925704757457238 0.00000000099999999990 0.02611792776841926483 0.00000000099999999990 0.00000000099999999990 0.56509280918400606186 0.00000000099999999990 0.00000000099999999990 
0.00000000099999999993 0.44277014103210077245 0.00000000099999999993 0.00000000099999999993 0.00000000099999999993 0.00000889096524278092 0.55722096200265636146 0.00000000099999999993 0.00000000099999999993 
0.00000000099999999988 0.00000000099999999988 0.00000000099999999988 0.99999999200000011523 0.00000000099999999988 0.00000000099999999988 0.00000000099999999988 0.00000000099999999988 0.00000000099999999988 
0.60731127665324791121 0.00000000099999999997 0.00000000099999999997 0.01741126656292175945 0.00000000571725271151 0.00000000099999999997 0.00000000099999999997 0.37527744606657764681 0.00000000099999999997 
0.43326707254404778213 0.00000000099999999993 0.04894010499047476287 0.00000000099999999993 0.00000000099999999993 0.00000000099999999993 0.00000000099999999993 0.51779281646547725693 0.00000000099999999993 
0.00000000099999999989 0.00000000099999999989 0.00000000099999999989 0.00000000099999999989 0.00000000099999999989 0.00000000099999999989 0.99999999199999989319 0.00000000099999999989 0.00000000099999999989 
0.00000000099999999997 0.00000000099999999997 0.05148940670670541092 0.00000000099999999997 0.00000000099999999997 0.00000000099999999997 0.94851058629329454419 0.00000000099999999997 0.00000000099999999997 
0.00000000099999999995 0.52849384529367704477 0.00000000099999999995 0.00000000099999999995 0.01491641553306305781 0.03718233839650095934 0.41339357142757349184 0.00000000099999999995 0.00601382534918562962 
0.54875391094064973618 0.00000000099999999995 0.00000000099999999995 0.06767356039713565141 0.00000000099999999995 0.00000000099999999995 0.00000000099999999995 0.38357252266221469883 0.00000000099999999995 
0.00000000099999999972 0.00000000099999999972 0.00000000099999999972 0.00000000099999999972 0.99999999200000011523 0.00000000099999999972 0.00000000099999999972 0.00000000099999999972 0.00000000099999999972 
0.34937662470985347829 0.00000000099999999999 0.08445568107106850297 0.00000000099999999999 0.03912175726871446740 0.00719920502125353037 0.00000000099999999999 0.51984672792910990857 0.00000000099999999999 
0.00000000099999999978 0.99999999200000011523 0.00000000099999999978 0.00000000099999999978 0.00000000099999999978 0.00000000099999999978 0.00000000099999999978 0.00000000099999999978 0.00000000099999999978 
0.00000000099999999981 0.00000000099999999981 0.00000000099999999981 0.00000000099999999981 0.00000000099999999981 0.00000000099999999981 0.00000000099999999981 0.00000000099999999981 0.99999999200000000421 
0.00000000099999999956 0.00000000099999999956 0.00000000099999999956 0.00000000099999999956 0.99999999200000000421 0.00000000099999999956 0.00000000099999999956 0.00000000099999999956 0.00000000099999999956 
0.00000000099999999985 0.00000000099999999985 0.00000000099999999985 0.00000000099999999985 0.00000000099999999985 0.00000000099999999985 0.99999999200000000421 0.00000000099999999985 0.00000000099999999985 
0.00000000099999999989 0.43351606446639540104 0.00000000099999999989 0.00000000099999999989 0.00000000099999999989 0.00000000099999999989 0.56155919468224579916 0.00000000099999999989 0.00492473485135877694 
0.00000000099999999982 0.00000000099999999982 0.00000000099999999982 0.00000000099999999982 0.00000000099999999982 0.00000000099999999982 0.99999999200000000421 0.00000000099999999982 0.00000000099999999982 
0.00000000099999999988 0.00000000099999999988 0.99999999200000011523 0.00000000099999999988 0.00000000099999999988 0.00000000099999999988 0.00000000099999999988 0.00000000099999999988 0.00000000099999999988 
0.08528928361292879845 0.08736276952859481360 0.82275863656041059446 0.00000000099999999999 0.00232277511781893214 0.00226653118024688297 0.00000000099999999999 0.00000000099999999999 0.00000000099999999999 
0.00000000099999999984 0.00000000099999999984 0.00000000099999999984 0.99999999200000011523 0.00000000099999999984 0.00000000099999999984 0.00000000099999999984 0.00000000099999999984 0.00000000099999999984 
0.35370082826586735081 0.00000000099999999996 0.00000000099999999996 0.46430123365103426192 0.00000000099999999996 0.01658230481615736995 0.00000000099999999996 0.16541562826694089505 0.00000000099999999996 
0.00000000099999999985 0.00000000099999999985 0.99999999200000000421 0.00000000099999999985 0.00000000099999999985 0.00000000099999999985 0.00000000099999999985 0.00000000099999999985 0.00000000099999999985 
0.00000000099999999989 0.99999999200000011523 0.00000000099999999989 0.00000000099999999989 0.00000000099999999989 0.00000000099999999989 0.00000000099999999989 0.00000000099999999989 0.00000000099999999989 
0.00000000099999999985 0.00000000099999999985 0.99999999200000011523 0.00000000099999999985 0.00000000099999999985 0.00000000099999999985 0.00000000099999999985 0.00000000099999999985 0.00000000099999999985 
0.00000000099999999988 0.00000000099999999988 0.99999999200000011523 0.00000000099999999988 0.00000000099999999988 0.00000000099999999988 0.00000000099999999988 0.00000000099999999988 0.00000000099999999988 
0.00000000099999999986 0.00000000099999999986 0.99999999200000000421 0.00000000099999999986 0.00000000099999999986 0.00000000099999999986 0.00000000099999999986 0.00000000099999999986 0.00000000099999999986 
0.54883700253617362375 0.00000000099999999996 0.08467067599212298179 0.00000000099999999996 0.01967838043989464727 0.00490479471458629517 0.00000000099999999996 0.34190914231722246974 0.00000000099999999996 
0.00000000099999999979 0.00000000099999999979 0.99999999200000011523 0.00000000099999999979 0.00000000099999999979 0.00000000099999999979 0.00000000099999999979 0.00000000099999999979 0.00000000099999999979 
0.05849318403717036069 0.00000000099999999984 0.94150680896282967769 0.00000000099999999984 0.00000000099999999984 0.00000000099999999984 0.00000000099999999984 0.00000000099999999984 0.00000000099999999984 
0.00000000099999999992 0.34436921776798656847 0.00000000099999999992 0.45985465200097602745 0.00000000099999999992 0.03305384186580091754 0.16272228336523644754 0.00000000099999999992 0.00000000099999999992 
0.60641388143461183446 0.00000000099999999999 0.12440097132789752765 0.00630328571717869799 0.00000000099999999999 0.00000000099999999999 0.00000000099999999999 0.26288185652031192951 0.00000000099999999999 
0.43312003688114714128 0.00000000099999999996 0.56507234672776440743 0.00000000099999999996 0.00180761039108869124 0.00000000099999999996 0.00000000099999999996 0.00000000099999999996 0.00000000099999999996 
0.01404661120607237149 0.00000000099999999991 0.98595338179392777445 0.00000000099999999991 0.00000000099999999991 0.00000000099999999991 0.00000000099999999991 0.00000000099999999991 0.00000000099999999991 
0.34364043010667094658 0.00000000099999999994 0.00000000099999999994 0.00000000099999999994 0.00660055075156195693 0.00000000099999999994 0.00000000099999999994 0.64975901314176698342 0.00000000099999999994 
0.02091536692683352086 0.00000000099999999989 0.97908462607316659732 0.00000000099999999989 0.00000000099999999989 0.00000000099999999989 0.00000000099999999989 0.00000000099999999989 0.00000000099999999989 
0.00000000099999999988 0.00000000099999999988 0.00000000099999999988 0.00000000099999999988 0.00000000099999999988 0.00000000099999999988 0.00000000099999999988 0.99999999199999989319 0.00000000099999999988 
0.99999999200000011523 0.00000000099999999979 0.00000000099999999979 0.00000000099999999979 0.00000000099999999979 0.00000000099999999979 0.00000000099999999979 0.00000000099999999979 0.00000000099999999979 
0.00000000239021405412 0.00000000099999999993 0.95340156776287510176 0.00000000099999999993 0.00000000099999999993 0.00000000099999999993 0.00000000099999999993 0.04659842384691084693 0.00000000099999999993 
0.00000000099999999985 0.00000000099999999985 0.99999999200000011523 0.00000000099999999985 0.00000000099999999985 0.00000000099999999985 0.00000000099999999985 0.00000000099999999985 0.00000000099999999985 
0.00000000099999999996 0.09802014150283985816 0.00000000099999999996 0.00000000099999999996 0.00000000099999999996 0.00000000099999999996 0.00000000099999999996 0.00000000099999999996 0.90197985149715997899 
0.48496838445348611213 0.00000000099999999990 0.00785129145121739834 0.00000000099999999990 0.00000000099999999990 0.00000000099999999990 0.00000000099999999990 0.50718031809529628973 0.00000000099999999990 
0.01817998119445553284 0.00000000099999999996 0.96172209869443170405 0.00000000099999999996 0.01581237783516723644 0.00000000099999999996 0.00000000099999999996 0.00000000099999999996 0.00428553727594545731 
0.00000000099999999985 0.00000000099999999985 0.00000000099999999985 0.00000000099999999985 0.00000000099999999985 0.00000000099999999985 0.00000000099999999985 0.00000000099999999985 0.99999999200000000421 
0.00000000099999999985 0.00000000099999999985 0.00000000099999999985 0.00000000099999999985 0.00000000099999999985 0.00000000099999999985 0.99999999199999989319 0.00000000099999999985 0.00000000099999999985 
0.00000000099999999990 0.00000000099999999990 0.00000000099999999990 0.00000000099999999990 0.00000000099999999990 0.00000000099999999990 0.00000000099999999990 0.99999999200000000421 0.00000000099999999990 
0.00000000099999999991 0.00000000099999999991 0.00000000099999999991 0.00000000099999999991 0.00000000099999999991 0.00000000099999999991 0.00000000099999999991 0.00000000099999999991 0.99999999200000000421 
0.00000000099999999986 0.00000000099999999986 0.00000000099999999986 0.01442636782835642409 0.00000000099999999986 0.00000000099999999986 0.00000000099999999986 0.00000000099999999986 0.98557362517164359694 
0.00000000099999999992 0.00000000099999999992 0.00000000099999999992 0.00000000099999999992 0.00000000099999999992 0.00000000099999999992 0.04586063217827614918 0.00000000099999999992 0.95413936082172379205 
0.00000000099999999983 0.00000000099999999983 0.00000000099999999983 0.99999999200000000421 0.00000000099999999983 0.00000000099999999983 0.00000000099999999983 0.00000000099999999983 0.00000000099999999983 
0.00000000099999999990 0.00000000099999999990 0.00000000099999999990 0.64170204258601326597 0.00000000099999999990 0.00000000099999999990 0.00000000099999999990 0.00000000099999999990 0.35829795041398698752 
0.00000029112150803842 0.03303423773273075903 0.13546929098788057511 0.51938865082079876956 0.02135761640209898546 0.03436458385476656024 0.00000000100000000000 0.00000000100000000000 0.25638532708021649631 
0.00000000099999999988 0.00000000099999999988 0.00000000099999999988 0.99999999200000011523 0.00000000099999999988 0.00000000099999999988 0.00000000099999999988 0.00000000099999999988 0.00000000099999999988 
0.00000000099999999979 0.99999999200000022626 0.00000000099999999979 0.00000000099999999979 0.00000000099999999979 0.00000000099999999979 0.00000000099999999979 0.00000000099999999979 0.00000000099999999979 
0.00000000099999999983 0.00000000099999999983 0.00000000099999999983 0.00000000099999999983 0.00000000099999999983 0.00000000099999999983 0.00000000099999999983 0.00000000099999999983 0.99999999200000000421 
0.00000000099999999988 0.00000000099999999988 0.00000000099999999988 0.65975641870262791144 0.00469620878635527116 0.00000000099999999988 0.00000000099999999988 0.00000000099999999988 0.33554736651101685352 
0.00000000099999999990 0.00000000099999999990 0.00000000099999999990 0.62558487858686240290 0.01120291127196963374 0.00000000099999999990 0.00000000099999999990 0.00000000099999999990 0.36321220414116806019 
0.00000000099999999998 0.08193395542699433154 0.00000000099999999998 0.04510751642855548998 0.03507905167969149057 0.00000000099999999998 0.00000000099999999998 0.00000000099999999998 0.83787947146475871829 
0.00000000099999999999 0.12082562235357645342 0.00000000099999999999 0.50881886702328493755 0.00618763819429762538 0.07266341768431584802 0.04499664781838128708 0.19785409186228999912 0.04865371306385390254 
0.14708805444218517322 0.38738780362364949594 0.00000000099999999999 0.00000009450277517198 0.00128344128950353309 0.00000000099999999999 0.39972695902378518884 0.00000000099999999999 0.06451364411810145416 
0.00000000099999999989 0.00000000099999999989 0.00000000099999999989 0.99999996975305205371 0.00000000099999999989 0.00000002324694800006 0.00000000099999999989 0.00000000099999999989 0.00000000099999999989 
0.00000000099999999995 0.02111480688205810002 0.00000000099999999995 0.00000000099999999995 0.00219969157735107118 0.00000000099999999995 0.00000000099999999995 0.00000000099999999995 0.97668549554059091999 
0.00000000099999999980 0.00000000099999999980 0.00000000099999999980 0.00000000099999999980 0.00000000099999999980 0.00000000099999999980 0.99999999199999989319 0.00000000099999999980 0.00000000099999999980 
0.00000000099999999996 0.54596160206417421179 0.00000000099999999996 0.02316135881046717249 0.00000000099999999996 0.00000000099999999996 0.39671183427479100869 0.00000000099999999996 0.03416519985056786640 
0.00000000099999999985 0.00000000099999999985 0.00000000099999999985 0.99999999200000011523 0.00000000099999999985 0.00000000099999999985 0.00000000099999999985 0.00000000099999999985 0.00000000099999999985 
0.00000000099999999983 0.99999999200000011523 0.00000000099999999983 0.00000000099999999983 0.00000000099999999983 0.00000000099999999983 0.00000000099999999983 0.00000000099999999983 0.00000000099999999983 
0.00000000099999999990 0.00000000099999999990 0.00000000099999999990 0.64151203782528976038 0.00000000099999999990 0.00000000099999999990 0.00000000099999999990 0.00000000099999999990 0.35848795517471032657 
0.00000000099999999994 0.00000000099999999994 0.00552155485685330762 0.99447843814314673683 0.00000000099999999994 0.00000000099999999994 0.00000000099999999994 0.00000000099999999994 0.00000000099999999994 
0.00000000099999999990 0.00000000099999999990 0.00000000099999999990 0.00000000099999999990 0.00000000099999999990 0.00000000099999999990 0.07352864386254946705 0.00000000099999999990 0.92647134913745066154 
0.00000000099999999993 0.00000000115233593859 0.00000000099999999993 0.99999999184766419358 0.00000000099999999993 0.00000000099999999993 0.00000000099999999993 0.00000000099999999993 0.00000000099999999993 
0.00000000099999999994 0.53293430917404016611 0.00000000099999999994 0.02141734185186026235 0.00000000099999999994 0.00000000099999999994 0.39949924872469505521 0.00000000099999999994 0.04614909524940451202 
0.00000000099999999987 0.00000000099999999987 0.99999999200000011523 0.00000000099999999987 0.00000000099999999987 0.00000000099999999987 0.00000000099999999987 0.00000000099999999987 0.00000000099999999987 
0.00000000099999999974 0.00000000099999999974 0.99999999200000000421 0.00000000099999999974 0.00000000099999999974 0.00000000099999999974 0.00000000099999999974 0.00000000099999999974 0.00000000099999999974 
0.27184784258109712107 0.00000000099999999993 0.00000028792924763487 0.00000000099999999993 0.02511928840244432790 0.00000000099999999993 0.00000000099999999993 0.70303257608721081429 0.00000000099999999993 
0.45778507751277786042 0.00000000099999999990 0.00002649432596372432 0.00000000099999999990 0.00000000099999999990 0.00000000099999999990 0.00000000099999999990 0.54218842216125828770 0.00000000099999999990 
0.02568001218059678958 0.02087076991911173546 0.00838211347461441207 0.00000000099999999999 0.04133950719719562544 0.02657004790609473338 0.00000000099999999999 0.00000000099999999999 0.87715754632238662758 
0.05015196797017570929 0.00000000099999999994 0.03875220230916026631 0.08599237566268627675 0.00000000099999999994 0.00000000099999999994 0.00000000099999999994 0.82510344905797783355 0.00000000099999999994 
0.00000000099999999991 0.00000000099999999991 0.00000000099999999991 0.00000000099999999991 0.00000000099999999991 0.00000000099999999991 0.00000000099999999991 0.99999999199999989319 0.00000000099999999991 
0.00000000099999999998 0.02466287758225131979 0.12354774355466327518 0.00000000099999999998 0.00066242554412702991 0.00000000099999999998 0.00000000099999999998 0.00000000099999999998 0.85112694831895840952 
0.41503595818261079797 0.00000000099999999998 0.07797922158989323282 0.00000000099999999998 0.01557712577933292875 0.00734309154017386174 0.12036778118824735528 0.36369681871974163245 0.00000000099999999998 
0.00000000099999999981 0.00000000099999999981 0.99999999200000011523 0.00000000099999999981 0.00000000099999999981 0.00000000099999999981 0.00000000099999999981 0.00000000099999999981 0.00000000099999999981 
0.00000000099999999999 0.00621933348567716392 0.11229881417204976013 0.00000000099999999999 0.00000000099999999999 0.00000000099999999999 0.00000000099999999999 0.06621786178383923249 0.81526398555843382354 
0.00000000099999999988 0.39663779726969794481 0.00000000099999999988 0.00000000099999999988 0.00000000099999999988 0.06692871744839626325 0.49026931351653990632 0.00000000099999999988 0.04616416676536595765 
0.00000000099999999982 0.00000000099999999982 0.00000000099999999982 0.00000000099999999982 0.00000000099999999982 0.00000000099999999982 0.00000000099999999982 0.00000000099999999982 0.99999999199999989319 
0.00000000099999999987 0.00000000099999999987 0.00000000099999999987 0.84207251036787467147 0.00000000099999999987 0.15792748263212522120 0.00000000099999999987 0.00000000099999999987 0.00000000099999999987 
0.00000000099999999993 0.69142411662024727548 0.00000000099999999993 0.00000000099999999993 0.00000000099999999993 0.00000000099999999993 0.30857587637975275596 0.00000000099999999993 0.00000000099999999993 
0.22745518393284044900 0.00000000099999999993 0.00000000099999999993 0.00000000099999999993 0.00000000099999999993 0.00000000099999999993 0.00000000099999999993 0.77254480906715949917 0.00000000099999999993 
0.00000066195433834232 0.00000000099999999999 0.02608862875781265897 0.00000000099999999999 0.00000000099999999999 0.03322146974083604182 0.00000036844432657152 0.78938107688821534946 0.15130779121447113234 
0.99999999200000011523 0.00000000099999999984 0.00000000099999999984 0.00000000099999999984 0.00000000099999999984 0.00000000099999999984 0.00000000099999999984 0.00000000099999999984 0.00000000099999999984 
0.00000000099999999993 0.00000000099999999993 0.06475608961744647174 0.00000000099999999993 0.00000000099999999993 0.00000000099999999993 0.00000000099999999993 0.93524390338255336541 0.00000000099999999993 
0.69469085316123257989 0.00000000099999999995 0.01109451321957857610 0.00000000099999999995 0.00000000099999999995 0.00000000099999999995 0.00000000099999999995 0.29421462761918881768 0.00000000099999999995 
0.00000000099999999984 0.00000000099999999984 0.04177648159154052909 0.00000000099999999984 0.00000000099999999984 0.00000000099999999984 0.00000000099999999984 0.95822351140845951623 0.00000000099999999984 
0.00000000099999999993 0.61190051593148464537 0.00000000099999999993 0.00000000099999999993 0.00000000099999999993 0.01374457827874957759 0.36042135474513287141 0.00000000099999999993 0.01393354604463311643 
0.00000000099999999991 0.00000000099999999991 0.00000000099999999991 0.99999999200000011523 0.00000000099999999991 0.00000000099999999991 0.00000000099999999991 0.00000000099999999991 0.00000000099999999991 
0.00000000099999999992 0.64529807106658743088 0.00000000099999999992 0.00551486979288890421 0.00000000099999999992 0.00000000099999999992 0.34606702170954184439 0.00000000099999999992 0.00312003243098199316 
0.00000000099999999994 0.53540495693212486472 0.00000000099999999994 0.00000000099999999994 0.00000000099999999994 0.00000000099999999994 0.46459503606787516672 0.00000000099999999994 0.00000000099999999994 
0.00000000099999999981 0.00000000099999999981 0.00000000099999999981 0.99999999200000011523 0.00000000099999999981 0.00000000099999999981 0.00000000099999999981 0.00000000099999999981 0.00000000099999999981 
0.00000000099999999974 0.00000000099999999974 0.00000000099999999974 0.00000000099999999974 0.00000000099999999974 0.00000000099999999974 0.00000000099999999974 0.00000000099999999974 0.99999999199999989319 
0.00000000099999999984 0.00000000099999999984 0.00000000099999999984 0.00000000099999999984 0.00000000099999999984 0.00000000099999999984 0.00000000099999999984 0.00000000099999999984 0.99999999199999989319 
0.00000000099999999987 0.47454492091198235970 0.00000000099999999987 0.00000000099999999987 0.00000000099999999987 0.00000000099999999987 0.52545507208801744969 0.00000000099999999987 0.00000000099999999987 
0.00000000099999999990 0.37737489356335163215 0.00000000099999999990 0.00000000099999999990 0.00000000099999999990 0.00000000099999999990 0.62262509943664812173 0.00000000099999999990 0.00000000099999999990 
0.00000000099999999987 0.45083919328472393806 0.00000000099999999987 0.00000000099999999987 0.00000000099999999987 0.00000000099999999987 0.54916079971527598236 0.00000000099999999987 0.00000000099999999987 
0.00000000099999999986 0.00000000099999999986 0.00000000099999999986 0.00000000099999999986 0.00000000099999999986 0.00000000099999999986 0.00000000099999999986 0.00000000099999999986 0.99999999199999989319 
0.00000000099999999995 0.04866630547002501195 0.00000000099999999995 0.00000000099999999995 0.00000000099999999995 0.00000000099999999995 0.00000000099999999995 0.00000000099999999995 0.95133368752997504725 
0.00000000099999999988 0.44478577307268729601 0.00000000099999999988 0.00000000099999999988 0.00000000099999999988 0.00000000099999999988 0.55521421992731256889 0.00000000099999999988 0.00000000099999999988 
0.00000000099999999984 0.00000000099999999984 0.00000000099999999984 0.99999999200000000421 0.00000000099999999984 0.00000000099999999984 0.00000000099999999984 0.00000000099999999984 0.00000000099999999984 
0.00000000099999999997 0.33963873943082933948 0.00000000099999999997 0.05503313396024126641 0.03156907658924112958 0.00000000099999999997 0.54251334991606114944 0.00000000099999999997 0.03124569610362708943 
0.00000000099999999978 0.00000000099999999978 0.00000000099999999978 0.00000000099999999978 0.00000000099999999978 0.00000000099999999978 0.00000000099999999978 0.00000000099999999978 0.99999999200000000421 
0.00000000099999999988 0.47435980638182662084 0.00000000099999999988 0.00000000099999999988 0.00000000099999999988 0.00000000099999999988 0.52564018661817335509 0.00000000099999999988 0.00000000099999999988 
0.39698308702982920693 0.00153324300980858829 0.07069879961507700983 0.00836227607224601134 0.01123083596529333636 0.01247838105572490579 0.00000000099999999998 0.49871337525202086294 0.00000000099999999998 
0.00000000099999999992 0.00000000099999999992 0.00000000099999999992 0.16933866617725537584 0.00000000099999999992 0.00000000099999999992 0.00690322017051650440 0.00000000099999999992 0.82375810765222812204 
0.43090000642934711550 0.00000000099999999996 0.00000000099999999996 0.00000000099999999996 0.01019221778795599727 0.00000000099999999996 0.07477234700170057313 0.48413542378099622132 0.00000000099999999996 
0.00000000099999999978 0.00000000099999999978 0.00000000099999999978 0.00000000099999999978 0.00000000099999999978 0.00000000099999999978 0.00000000099999999978 0.00000000099999999978 0.99999999200000000421 
0.00000000099999999990 0.33423119134129941621 0.00000000099999999990 0.00000000099999999990 0.00000000099999999990 0.00000000099999999990 0.66576880165870044870 0.00000000099999999990 0.00000000099999999990 
0.00000000099999999988 0.36825234109818394401 0.00000000099999999988 0.00000000099999999988 0.00000000099999999988 0.00000000099999999988 0.63174765190181592089 0.00000000099999999988 0.00000000099999999988 
0.00000000099999999982 0.00000000099999999982 0.00000000099999999982 0.00000000099999999982 0.00000000099999999982 0.00000000099999999982 0.00000000099999999982 0.00000000099999999982 0.99999999200000000421 
0.00000000099999999987 0.41090033428029465457 0.00000000099999999987 0.00000000099999999987 0.00000000099999999987 0.00000000099999999987 0.58909965871970515483 0.00000000099999999987 0.00000000099999999987 
0.20317186322868407977 0.00000000100000000000 0.02581243044336081066 0.00000000635929572221 0.06859814332910929568 0.03114305064647064289 0.67127450299307944714 0.00000000100000000000 0.00000000100000000000 
0.00000000099999999986 0.00000000099999999986 0.00000000099999999986 0.00000000099999999986 0.00000000099999999986 0.00000000099999999986 0.00000000099999999986 0.00000000099999999986 0.99999999200000000421 
0.00000000099999999997 0.61331181149806934805 0.00000000099999999997 0.00000000099999999997 0.00000000099999999997 0.00000000099999999997 0.38668818150193090544 0.00000000099999999997 0.00000000099999999997 
0.16024244452582897535 0.00000000099999999992 0.83975754449861972351 0.00000000099999999992 0.00000000454271669596 0.00000000099999999992 0.00000000099999999992 0.00000000143283479308 0.00000000099999999992 
0.00000000099999999949 0.00000000099999999949 0.00000000099999999949 0.00000000099999999949 0.99999999200000000421 0.00000000099999999949 0.00000000099999999949 0.00000000099999999949 0.00000000099999999949 
0.99999999200000011523 0.00000000099999999978 0.00000000099999999978 0.00000000099999999978 0.00000000099999999978 0.00000000099999999978 0.00000000099999999978 0.00000000099999999978 0.00000000099999999978 
0.00000000099999999988 0.00000000099999999988 0.00000000099999999988 0.00000000099999999988 0.00000000099999999988 0.00000000099999999988 0.00000000099999999988 0.99999999200000000421 0.00000000099999999988 
0.00000000099999999990 0.00000000099999999990 0.00000000099999999990 0.00000000099999999990 0.00000000099999999990 0.00000000099999999990 0.00000000099999999990 0.99999999200000000421 0.00000000099999999990 
0.00000000099999999992 0.00000000099999999992 0.00000000099999999992 0.00000000099999999992 0.00000000099999999992 0.00001263738601219683 0.00000000099999999992 0.99998735561398777172 0.00000000099999999992 
0.65930220644762504989 0.00000000099999999994 0.00000000099999999994 0.00000000099999999994 0.00000000099999999994 0.00000000099999999994 0.00000000099999999994 0.34069778655237503706 0.00000000099999999994 
0.05900452928730560986 0.00000000099999999999 0.16908405296630218961 0.00000000099999999999 0.00280079136712989762 0.02207343480458493629 0.09096703832375274690 0.65607014936470331445 0.00000000188622139357 
0.00000000099999999989 0.00000000099999999989 0.00000000099999999989 0.00000000099999999989 0.00000000099999999989 0.00000000099999999989 0.00000000099999999989 0.99999999200000000421 0.00000000099999999989 
0.00000000099999999976 0.00000000099999999976 0.00000000099999999976 0.00000000099999999976 0.00000000099999999976 0.00000000099999999976 0.00000000099999999976 0.00000000099999999976 0.99999999199999989319 
0.00000000099999999995 0.00000000099999999995 0.02990936002748172118 0.00000000099999999995 0.00422189081346042994 0.00000000099999999995 0.00000000099999999995 0.96586874315905790755 0.00000000099999999995 
0.00000000099999999951 0.00000000099999999951 0.00000000099999999951 0.00000000099999999951 0.99999999200000011523 0.00000000099999999951 0.00000000099999999951 0.00000000099999999951 0.00000000099999999951 
0.00000000099999999991 0.00000000099999999991 0.01017661764236799105 0.00000000099999999991 0.00000000099999999991 0.00000000099999999991 0.00000000099999999991 0.98982337535763187386 0.00000000099999999991 
0.00000000099999999985 0.00000000099999999985 0.99999986399971418916 0.00000000099999999985 0.00000000099999999985 0.00000000099999999985 0.00000000099999999985 0.00000012900028583095 0.00000000099999999985 
0.00000000099999999988 0.45782673858262284972 0.00000000099999999988 0.00000000099999999988 0.00000000099999999988 0.00000000099999999988 0.54217325441737695968 0.00000000099999999988 0.00000000099999999988 
0.00000000099999999980 0.00000000099999999980 0.99999999200000011523 0.00000000099999999980 0.00000000099999999980 0.00000000099999999980 0.00000000099999999980 0.00000000099999999980 0.00000000099999999980 
0.00611602204102630782 0.00000000099999999985 0.99388397095897385025 0.00000000099999999985 0.00000000099999999985 0.00000000099999999985 0.00000000099999999985 0.00000000099999999985 0.00000000099999999985 
0.99999999200000022626 0.00000000099999999989 0.00000000099999999989 0.00000000099999999989 0.00000000099999999989 0.00000000099999999989 0.00000000099999999989 0.00000000099999999989 0.00000000099999999989 
0.00044587036184931707 0.00000000099999999994 0.08210637741317479421 0.02525523507439065424 0.00000000099999999994 0.00000000099999999994 0.00000000099999999994 0.89219251215058525961 0.00000000099999999994 
0.00000000099999999989 0.00000000099999999989 0.99999999200000011523 0.00000000099999999989 0.00000000099999999989 0.00000000099999999989 0.00000000099999999989 0.00000000099999999989 0.00000000099999999989 
0.00000000099999999984 0.00000000099999999984 0.99999999200000000421 0.00000000099999999984 0.00000000099999999984 0.00000000099999999984 0.00000000099999999984 0.00000000099999999984 0.00000000099999999984 
0.00000000099999999993 0.00000000099999999993 0.05908012586871178029 0.00000000099999999993 0.00000000099999999993 0.00000000099999999993 0.00000000099999999993 0.94091986713128816788 0.00000000099999999993 
0.00000000099999999977 0.99999999200000011523 0.00000000099999999977 0.00000000099999999977 0.00000000099999999977 0.00000000099999999977 0.00000000099999999977 0.00000000099999999977 0.00000000099999999977 
0.29741706199590611792 0.00000000099999999999 0.07267594715971251174 0.00000000099999999999 0.00489302630519690158 0.00000000099999999999 0.00000000099999999999 0.60925923373824608653 0.01575472680093839561 
0.00000000099999999983 0.00000000099999999983 0.99999999200000011523 0.00000000099999999983 0.00000000099999999983 0.00000000099999999983 0.00000000099999999983 0.00000000099999999983 0.00000000099999999983 
0.00000000099999999996 0.00000000099999999996 0.00002745135737771744 0.03454208733034760254 0.00000000099999999996 0.00000000099999999996 0.00000000099999999996 0.96543045531227467126 0.00000000099999999996 
0.99999999200000022626 0.00000000099999999983 0.00000000099999999983 0.00000000099999999983 0.00000000099999999983 0.00000000099999999983 0.00000000099999999983 0.00000000099999999983 0.00000000099999999983 
0.00000000099999999987 0.00000000099999999987 0.99999999200000011523 0.00000000099999999987 0.00000000099999999987 0.00000000099999999987 0.00000000099999999987 0.00000000099999999987 0.00000000099999999987 
0.00000000099999999974 0.99999999200000022626 0.00000000099999999974 0.00000000099999999974 0.00000000099999999974 0.00000000099999999974 0.00000000099999999974 0.00000000099999999974 0.00000000099999999974 
0.00000000099999999992 0.00000000099999999992 0.99999999200000000421 0.00000000099999999992 0.00000000099999999992 0.00000000099999999992 0.00000000099999999992 0.00000000099999999992 0.00000000099999999992 
0.59829203017600274261 0.00000000099999999994 0.00000000099999999994 0.00000000099999999994 0.00000000099999999994 0.00000000099999999994 0.00000000099999999994 0.40170796282399739985 0.00000000099999999994 
0.22240298182503795421 0.00000000099999999999 0.00854725697221005859 0.04353921802768952187 0.00000000099999999999 0.00000000099999999999 0.00000000099999999999 0.72551052361425538706 0.00000001556080714089 
0.33664205869014374173 0.00000000099999999995 0.02398248736916789789 0.00000372935937868141 0.00000000099999999995 0.00000000099999999995 0.00000000099999999995 0.63937171958130956106 0.00000000099999999995 
0.00000000099999999987 0.47871978994398517449 0.00000000099999999987 0.00000000099999999987 0.00000000099999999987 0.00000000099999999987 0.52128020305601485695 0.00000000099999999987 0.00000000099999999987 
0.00000000099999999995 0.00000000099999999995 0.04427320419915714567 0.14984379022389557323 0.00000000099999999995 0.00000000099999999995 0.00000000099999999995 0.80588299957694731201 0.00000000099999999995 
0.99999999200000022626 0.00000000099999999983 0.00000000099999999983 0.00000000099999999983 0.00000000099999999983 0.00000000099999999983 0.00000000099999999983 0.00000000099999999983 0.00000000099999999983 
0.33402680121462868801 0.00000000099999999991 0.00000000099999999991 0.00000000099999999991 0.00000000099999999991 0.00000000099999999991 0.00000000099999999991 0.66597319178537106588 0.00000000099999999991 
0.27280602003293813462 0.00000000099999999997 0.00000000099999999997 0.00000000099999999997 0.01558334697828122999 0.00000000099999999997 0.00000000099999999997 0.71161062698878041477 0.00000000099999999997 
0.00000000099999999998 0.00000000099999999998 0.82388930530290827026 0.00701873642974048129 0.00000000099999999998 0.00000000099999999998 0.02909281183378285840 0.13999914143356834151 0.00000000099999999998 
0.00000000099999999998 0.42960307349540988175 0.13285207139827612255 0.00000000099999999998 0.00000000099999999998 0.00000000099999999998 0.43754484910631408212 0.00000000099999999998 0.00000000099999999998 
0.20585095582028595240 0.00000000099999999997 0.00240555591214496479 0.06741203762226045948 0.00000000099999999997 0.00000000099999999997 0.00000000099999999997 0.72433144564530849152 0.00000000099999999997 
0.00000000099999999975 0.00000000099999999975 0.99999999200000011523 0.00000000099999999975 0.00000000099999999975 0.00000000099999999975 0.00000000099999999975 0.00000000099999999975 0.00000000099999999975 
0.02931938897657048251 0.00000000099999999997 0.97068060402342959403 0.00000000099999999997 0.00000000099999999997 0.00000000099999999997 0.00000000099999999997 0.00000000099999999997 0.00000000099999999997 
0.00000002482778213682 0.00000000099999999997 0.62149766644053960896 0.00000000099999999997 0.00000000099999999997 0.00000000099999999997 0.00000000099999999997 0.32582480589906759327 0.05267749783261090057 
0.02814319200831254947 0.44624072646504420181 0.35499076637505078136 0.03296328585121692523 0.00000000099999999998 0.00000000099999999998 0.00000000099999999998 0.13766202530037568996 0.00000000099999999998 
0.00000000099999999984 0.00000000099999999984 0.00000000099999999984 0.00000000099999999984 0.00000000099999999984 0.00000000099999999984 0.00000000099999999984 0.99999999199999989319 0.00000000099999999984 
0.26942488909230827288 0.00000097852496056992 0.07225132111237772548 0.00051824231076490451 0.01486469216673298038 0.00000000100000000000 0.40360957017178100692 0.16464087299098212336 0.07468943263009229783 
0.16749550255559966794 0.00000000099999999996 0.00067934356275205839 0.21700789842632459137 0.00000000099999999996 0.00000000099999999996 0.00000000099999999996 0.61481725045532342744 0.00000000099999999996 
0.00000000099999999996 0.00000000099999999996 0.00000000099999999996 0.00000000099999999996 0.00000000099999999996 0.00000000099999999996 0.00000000099999999996 0.99999999200000000421 0.00000000099999999996 
