0.33117445877432738488 0.00043192355366238364 0.00000000099999999999 0.54648850553083760939 0.00000000099999999999 0.00000000127633302060 0.12190510886483972575 
0.00000000099999999997 0.28727690628147284357 0.02201220851661080113 0.00000000099999999997 0.00000000099999999997 0.00000000099999999997 0.69071088120191626025 
0.00000000099999999997 0.00000000099999999997 0.00000000099999999997 0.07934432487397681533 0.00000000099999999997 0.00000000099999999997 0.92065567012602333996 
0.00000000099999999998 0.31405059144244273917 0.00542915858802334433 0.03716403144123533314 0.00000000099999999998 0.00000000099999999998 0.64335621552829846959 
0.00000000099999999996 0.27569077309453504654 0.00000000099999999996 0.09108754000840291187 0.00000000099999999996 0.00000000099999999996 0.63322168289706193267 
0.00000000099999999990 0.00000000099999999990 0.00000000099999999990 0.00000000099999999990 0.00000000099999999990 0.00000000099999999990 0.99999999399999994765 
0.00000000099999999989 0.00000000099999999989 0.02826694540441869116 0.00000000099999999989 0.97173304959558126637 0.00000000099999999989 0.00000000099999999989 
0.00000000099999999990 0.00000000099999999990 0.00000000099999999990 0.99999999400000005867 0.00000000099999999990 0.00000000099999999990 0.00000000099999999990 
0.00000000099999999991 0.00000000099999999991 0.00000000099999999991 0.00000000099999999991 0.00000000099999999991 0.00000000099999999991 0.99999999399999994765 
0.00000000099999999988 0.00000000099999999988 0.00000000099999999988 0.00000000099999999988 0.99999999399999994765 0.00000000099999999988 0.00000000099999999988 
0.00000000099999999992 0.00000000099999999992 0.00000000099999999992 0.00000000099999999992 0.99999999399999994765 0.00000000099999999992 0.00000000099999999992 
0.00000000099999999994 0.00000000099999999994 0.00000000099999999994 0.00000000099999999994 0.99999999400000005867 0.00000000099999999994 0.00000000099999999994 
0.00000000099999999987 0.00000000099999999987 0.99999999400000005867 0.00000000099999999987 0.00000000099999999987 0.00000000099999999987 0.00000000099999999987 
0.16773332051409065024 0.13182312680138394412 0.15127323966063555005 0.00000000099999999998 0.54917031002388982941 0.00000000099999999998 0.00000000099999999998 
0.41171584427796709127 0.00000000099999999999 0.42275163287201433793 0.16553251885001862842 0.00000000099999999999 0.00000000099999999999 0.00000000099999999999 
0.00000000099999999990 0.00000000099999999990 0.00000021204641097953 0.00000000099999999990 0.99999978295358904479 0.00000000099999999990 0.00000000099999999990 
0.23991807101711143391 0.01242895819257161354 0.20291208384800069053 0.09568682104279753464 0.44905406389951890711 0.00000000099999999999 0.00000000099999999999 
0.23916924933002087217 0.00000000099999999999 0.18593278281406569463 0.50680183143928325684 0.00000000099999999999 0.00000000099999999999 0.06809613341663020569 
0.99999999400000005867 0.00000000099999999972 0.00000000099999999972 0.00000000099999999972 0.00000000099999999972 0.00000000099999999972 0.00000000099999999972 
0.49499375599001577131 0.00000000099999999997 0.50500623900998420357 0.00000000099999999997 0.00000000099999999997 0.00000000099999999997 0.00000000099999999997 
0.00000000099999999975 0.00000000099999999975 0.99999999400000005867 0.00000000099999999975 0.00000000099999999975 0.00000000099999999975 0.00000000099999999975 
0.00000000099999999992 0.00000000099999999992 0.02151695652637637332 0.00000000099999999992 0.97848303847362350094 0.00000000099999999992 0.00000000099999999992 
0.99999999400000005867 0.00000000099999999980 0.00000000099999999980 0.00000000099999999980 0.00000000099999999980 0.00000000099999999980 0.00000000099999999980 
0.00000000099999999998 0.38975369796274522693 0.04839169659305826016 0.08696775774149327620 0.00000000099999999998 0.00000000099999999998 0.47488684470270314808 
0.00000000099999999992 0.00000000099999999992 0.02580435991896656150 0.00000000099999999992 0.97419563508103346194 0.00000000099999999992 0.00000000099999999992 
0.00000000099999999993 0.00000000099999999993 0.00015883927806909352 0.00000000099999999993 0.99984115572193077437 0.00000000099999999993 0.00000000099999999993 
0.00000000099999999993 0.00000000099999999993 0.99999999399999994765 0.00000000099999999993 0.00000000099999999993 0.00000000099999999993 0.00000000099999999993 
0.00000000099999999999 0.46975018518804673162 0.02813911599193842650 0.00012098309434385782 0.00000000099999999999 0.00496061011602302177 0.49702910360964802639 
0.00000000099999999992 0.00000000099999999992 0.00000000099999999992 0.00000020423366138073 0.00000000099999999992 0.00000000099999999992 0.99999979076633849218 
0.00000000099999999998 0.00000000099999999998 0.00000005170672988156 0.00000000099999999998 0.99999994329327002163 0.00000000099999999998 0.00000000099999999998 
0.03330618928972465392 0.00000000099999999999 0.00000000099999999999 0.08345725288306740652 0.88323295557063807859 0.00000359925656971755 0.00000000099999999999 
0.01673870195691664828 0.00000000099999999995 0.03495644125751849740 0.00000000099999999995 0.93353134469817578012 0.01477350908738895609 0.00000000099999999995 
0.00000000099999999998 0.27862333734948840913 0.06795411231264993079 0.00000222300919727689 0.00000000099999999998 0.00000000099999999998 0.65342032432866414826 
0.00000000099999999979 0.00000000099999999979 0.00000000099999999979 0.00000000099999999979 0.00000000099999999979 0.99999999399999994765 0.00000000099999999979 
0.00000000099999999998 0.96383317173993343641 0.00000000099999999998 0.01870242999012933921 0.00000000099999999998 0.01746439426993736874 0.00000000099999999998 
0.00092711470857666212 0.00000000099999999994 0.00000000099999999994 0.00000000099999999994 0.99907288029142327090 0.00000000099999999994 0.00000000099999999994 
0.99999999400000005867 0.00000000099999999985 0.00000000099999999985 0.00000000099999999985 0.00000000099999999985 0.00000000099999999985 0.00000000099999999985 
0.00000000099999999967 0.00000000099999999967 0.00000000099999999967 0.00000000099999999967 0.00000000099999999967 0.99999999400000005867 0.00000000099999999967 
0.00000000099999999995 0.00000000099999999995 0.00000000099999999995 0.00000000099999999995 0.99999999399999994765 0.00000000099999999995 0.00000000099999999995 
0.00781476363502204424 0.00000000099999999991 0.00000000099999999991 0.00000000099999999991 0.99218523136497793757 0.00000000099999999991 0.00000000099999999991 
0.00000000099999999993 0.00000000099999999993 0.04112742969727899850 0.00000000099999999993 0.95887256530272102495 0.00000000099999999993 0.00000000099999999993 
0.00000000099999999991 0.00000000099999999991 0.00000000099999999991 0.99999999399999994765 0.00000000099999999991 0.00000000099999999991 0.00000000099999999991 
0.00000000099999999999 0.09849370891979218612 0.00000000099999999999 0.81390317307896675736 0.08404659731035893366 0.00355651769088222462 0.00000000099999999999 
0.00000000099999999991 0.00000000099999999991 0.99999999399999994765 0.00000000099999999991 0.00000000099999999991 0.00000000099999999991 0.00000000099999999991 
0.00000000099999999996 0.00000000099999999996 0.48192315588647172131 0.00000000099999999996 0.00000000099999999996 0.00000000099999999996 0.51807683911352819806 
0.00000000099999999990 0.00000000099999999990 0.00000000099999999990 0.99999999400000005867 0.00000000099999999990 0.00000000099999999990 0.00000000099999999990 
0.00000000099999999997 0.00000000099999999997 0.01046090540632312743 0.00000000099999999997 0.98109164629523959444 0.00844744429843705992 0.00000000099999999997 
0.00000000099999999990 0.00000000099999999990 0.00000000099999999990 0.99999999399999994765 0.00000000099999999990 0.00000000099999999990 0.00000000099999999990 
0.00000000099999999992 0.00000000099999999992 0.00000000099999999992 0.99999999400000005867 0.00000000099999999992 0.00000000099999999992 0.00000000099999999992 
0.00000000099999999990 0.00000000099999999990 0.00000000099999999990 0.99999999399999994765 0.00000000099999999990 0.00000000099999999990 0.00000000099999999990 
0.00000000099999999993 0.95260046975803558400 0.00000000099999999993 0.04739939074224948368 0.00000000099999999993 0.00000013549971485620 0.00000000099999999993 
0.00000000099999999986 0.00000000099999999986 0.00000000099999999986 0.99999999400000005867 0.00000000099999999986 0.00000000099999999986 0.00000000099999999986 
0.00000000099999999990 0.03147569616109747309 0.00000000099999999990 0.96852429883890256423 0.00000000099999999990 0.00000000099999999990 0.00000000099999999990 
0.00115054910010394429 0.00000000099999999992 0.48030794092511391868 0.00000000099999999992 0.51816422530332406637 0.00037728167145796462 0.00000000099999999992 
0.00605545041607530917 0.42907006257127910942 0.01426891952671376085 0.14466496395000319475 0.00000000100000000000 0.00000000100000000000 0.40594060153592886886 
0.00000000099999999998 0.41414265151118734298 0.00000000099999999998 0.58272396518699354218 0.00000000099999999998 0.00298263344466226463 0.00015074685715684113 
0.00000000099999999994 0.00001057755387203577 0.00000000099999999994 0.99998894877585764451 0.00000000099999999994 0.00000000099999999994 0.00000046967027032903 
0.00000000099999999996 0.41021881726386488776 0.00000000099999999996 0.00000000099999999996 0.00000000099999999996 0.00417150573379297413 0.58560967300234201272 
0.00000000099999999992 0.05019089018203521518 0.00000000099999999992 0.94980910481796487765 0.00000000099999999992 0.00000000099999999992 0.00000000099999999992 
0.00000000099999999985 0.99999999400000016969 0.00000000099999999985 0.00000000099999999985 0.00000000099999999985 0.00000000099999999985 0.00000000099999999985 
0.00000000099999999993 0.00000000099999999993 0.00000000099999999993 0.00000000099999999993 0.00000000099999999993 0.00000000099999999993 0.99999999399999994765 
0.00000000099999999995 0.00000000099999999995 0.00000000099999999995 0.93540058158542838118 0.00000000099999999995 0.00000000099999999995 0.06459941341457171859 
0.00000000099999999991 0.00000000099999999991 0.00000000099999999991 0.99999999399999994765 0.00000000099999999991 0.00000000099999999991 0.00000000099999999991 
0.91628005607047802172 0.01091500851873741622 0.00000000099999999998 0.00000000099999999998 0.07280493141078460406 0.00000000099999999998 0.00000000099999999998 
0.00000000099999999994 0.50611812965261060437 0.00000000099999999994 0.00291532977602374779 0.00000000099999999994 0.00000000099999999994 0.49096653657136585247 
0.00272386294770735884 0.07102645687441362654 0.00000000099999999997 0.91789426051267197781 0.00000000099999999997 0.00835541666520700846 0.00000000099999999997 
0.99999999400000016969 0.00000000099999999986 0.00000000099999999986 0.00000000099999999986 0.00000000099999999986 0.00000000099999999986 0.00000000099999999986 
0.00000017882665379948 0.00000000099999999996 0.00000000099999999996 0.00000000099999999996 0.99089567177647630558 0.00910414539686988690 0.00000000099999999996 
0.00000000099999999995 0.35713145036389443154 0.00000000099999999995 0.00000000099999999995 0.00000000099999999995 0.00000000099999999995 0.64286854463610532129 
0.99999999400000016969 0.00000000099999999992 0.00000000099999999992 0.00000000099999999992 0.00000000099999999992 0.00000000099999999992 0.00000000099999999992 
0.99929456687200046705 0.00000000099999999989 0.00070542812799963381 0.00000000099999999989 0.00000000099999999989 0.00000000099999999989 0.00000000099999999989 
0.97846725722989313923 0.00000000099999999995 0.00000000099999999995 0.00000000099999999995 0.02153273777010696055 0.00000000099999999995 0.00000000099999999995 
0.00000000099999999990 0.00000000099999999990 0.99999999399999994765 0.00000000099999999990 0.00000000099999999990 0.00000000099999999990 0.00000000099999999990 
0.37665163313913485599 0.00000000099999999994 0.61931750980133326578 0.00000000099999999994 0.00000000099999999994 0.00403085305953190722 0.00000000099999999994 
0.27389216467692117929 0.00005651739616779238 0.53792020497567627491 0.14011296172850176700 0.02194448817223354151 0.02607366205049942848 0.00000000100000000000 
0.00000000099999999991 0.00000000099999999991 0.99999999400000005867 0.00000000099999999991 0.00000000099999999991 0.00000000099999999991 0.00000000099999999991 
0.00000000099999999991 0.00000000099999999991 0.00000000099999999991 0.00000000099999999991 0.99999999400000005867 0.00000000099999999991 0.00000000099999999991 
0.99999999400000005867 0.00000000099999999985 0.00000000099999999985 0.00000000099999999985 0.00000000099999999985 0.00000000099999999985 0.00000000099999999985 
0.34122963077183771086 0.00000000099999999990 0.64092979946319417195 0.00000000099999999990 0.00000000099999999990 0.01784056576496810195 0.00000000099999999990 
0.37445871134328162499 0.00000000099999999992 0.60172412317098300516 0.00000000099999999992 0.00000000099999999992 0.02381716148573542052 0.00000000099999999992 
0.85298435469226407957 0.00000000099999999999 0.03749003197698919793 0.00000000099999999999 0.07266647355847960510 0.03685913677226708429 0.00000000099999999999 
0.07596471683025760036 0.00000000100000000000 0.55206379070258437824 0.00000000100000000000 0.16109255147404935582 0.00547357466772276698 0.20540536432538586409 
0.07103205265559003889 0.04205134652199848250 0.00000000100000000000 0.00062811138685557968 0.79014392480726058920 0.00189339491812805369 0.09425116871016744891 
0.00000000099999999991 0.00000000099999999991 0.99999999399999994765 0.00000000099999999991 0.00000000099999999991 0.00000000099999999991 0.00000000099999999991 
0.99053560008070129506 0.00000000099999999996 0.00000000099999999996 0.00000000099999999996 0.00000000660600611267 0.00946438931329268186 0.00000000099999999996 
0.00000000099999999990 0.00000000099999999990 0.00000000099999999990 0.00000000099999999990 0.99999999400000005867 0.00000000099999999990 0.00000000099999999990 
0.03535438856805346586 0.00000000099999999996 0.03390074040080744838 0.00000000099999999996 0.93074486703113912256 0.00000000099999999996 0.00000000099999999996 
0.00000000099999999989 0.00000000099999999989 0.99999999399999994765 0.00000000099999999989 0.00000000099999999989 0.00000000099999999989 0.00000000099999999989 
0.01217263748545300769 0.00000000099999999995 0.00317032850256239104 0.00000000099999999995 0.98465703001198467970 0.00000000099999999995 0.00000000099999999995 
0.36775014421325891156 0.00000000099999999993 0.62226590913220636292 0.00000000099999999993 0.00000000099999999993 0.00998394265453465303 0.00000000099999999993 
0.00000000099999999998 0.00000000099999999998 0.96040674693303729192 0.03959324806696266907 0.00000000099999999998 0.00000000099999999998 0.00000000099999999998 
0.93179419504930094398 0.00000000099999999991 0.00000000099999999991 0.00000000099999999991 0.06820579995069918355 0.00000000099999999991 0.00000000099999999991 
0.00000000099999999996 0.00000000099999999996 0.98718193888576666328 0.00000000099999999996 0.01281805611423323353 0.00000000099999999996 0.00000000099999999996 
0.04897204812210980557 0.00000000099999999994 0.01826254378223251748 0.00000000099999999994 0.93276540409565777967 0.00000000099999999994 0.00000000099999999994 
0.00000000099999999991 0.00000000099999999991 0.00000000099999999991 0.99999999399999994765 0.00000000099999999991 0.00000000099999999991 0.00000000099999999991 
0.00000000099999999981 0.00000000099999999981 0.00000000099999999981 0.99999999400000005867 0.00000000099999999981 0.00000000099999999981 0.00000000099999999981 
0.00000000099999999995 0.29571336608888915132 0.00000000099999999995 0.00000000099999999995 0.00000000099999999995 0.02268359639614035000 0.68160303351497031343 
0.00000000099999999994 0.55978303259678585668 0.00000000099999999994 0.01061935815257821283 0.00000000099999999994 0.00000000099999999994 0.42959760525063606096 
0.90747833437007008328 0.02163066455504526059 0.00770471865712631619 0.01511469268053073668 0.00026529849083308036 0.04780629024639458657 0.00000000100000000000 
0.00000000099999999997 0.30767358047871584681 0.07878592770833778292 0.04165407443836455226 0.00000000099999999997 0.00000000099999999997 0.57188641437458176409 
0.00000000099999999996 0.44326132613581420427 0.00000000099999999996 0.00000000099999999996 0.00000000099999999996 0.00000000099999999996 0.55673866886418554856 
0.85336642539585427780 0.00000000099999999999 0.00000000099999999999 0.12320819803530488890 0.01841028310001864912 0.00501509046882201749 0.00000000099999999999 
0.00000000099999999999 0.33421812639346204499 0.02242889788743358467 0.08211423132068951247 0.10374875436405747720 0.01941649626111727200 0.43807349277324020287 
0.00000000099999999987 0.00000000099999999987 0.00000000099999999987 0.99999999399999994765 0.00000000099999999987 0.00000000099999999987 0.00000000099999999987 
0.82160564463151053438 0.06210307728379774878 0.00000000120712119016 0.11628964934417033994 0.00000141655687040808 0.00000000099999999999 0.00000020997652991432 
0.08513424090519966514 0.00000000099999999990 0.02179767959487884446 0.00000000099999999990 0.89306807549992162087 0.00000000099999999990 0.00000000099999999990 
0.99999999400000016969 0.00000000099999999985 0.00000000099999999985 0.00000000099999999985 0.00000000099999999985 0.00000000099999999985 0.00000000099999999985 
0.00000000099999999987 0.00000000099999999987 0.99999999399999994765 0.00000000099999999987 0.00000000099999999987 0.00000000099999999987 0.00000000099999999987 
0.00000000099999999995 0.00000000099999999995 0.00005223941467543347 0.00000000099999999995 0.99994775558532467130 0.00000000099999999995 0.00000000099999999995 
0.00000000099999999995 0.55164123983262147721 0.00000000099999999995 0.00000000099999999995 0.00000000099999999995 0.00000000099999999995 0.44835875516737855317 
0.17094649032884709494 0.11079225126439427862 0.00957019566878917691 0.03076179832875357290 0.00000000100000000000 0.00000000100000000000 0.67792926240921580483 
0.00000000099999999997 0.23451313317307229123 0.00000000099999999997 0.01825572902486059801 0.00000000099999999997 0.00000000099999999997 0.74723113380206707124 
0.00000000099999999996 0.53918508222679217834 0.00000000099999999996 0.04137652332284421502 0.00000000099999999996 0.00000000099999999996 0.41943839045036374058 
0.00000000099999999998 0.45361120192512133231 0.00000000099999999998 0.02447160435072413473 0.00000000099999999998 0.00000000099999999998 0.52191718972415435118 
0.00000000099999999991 0.50789314960832665502 0.00000000099999999991 0.06443369818582640740 0.00000000099999999991 0.00000000099999999991 0.42767314820584700907 
0.02573739648902314756 0.00000000099999999994 0.00757743116813043485 0.00000000099999999994 0.96668516834284645700 0.00000000099999999994 0.00000000099999999994 
0.00000000099999999994 0.00000000099999999994 0.99999999400000005867 0.00000000099999999994 0.00000000099999999994 0.00000000099999999994 0.00000000099999999994 
0.01455862590684755577 0.00000000099999999994 0.00000217965557111162 0.00000000099999999994 0.98543919043758143594 0.00000000099999999994 0.00000000099999999994 
0.00000000099999999996 0.00000000099999999996 0.00000000099999999996 0.00000000099999999996 0.99999999400000005867 0.00000000099999999996 0.00000000099999999996 
0.00000000099999999986 0.00000000099999999986 0.99999999399999994765 0.00000000099999999986 0.00000000099999999986 0.00000000099999999986 0.00000000099999999986 
0.99999999400000005867 0.00000000099999999979 0.00000000099999999979 0.00000000099999999979 0.00000000099999999979 0.00000000099999999979 0.00000000099999999979 
0.99999999400000016969 0.00000000099999999986 0.00000000099999999986 0.00000000099999999986 0.00000000099999999986 0.00000000099999999986 0.00000000099999999986 
0.00000000099999999987 0.00000000099999999987 0.00000000099999999987 0.00000000099999999987 0.99999999399999994765 0.00000000099999999987 0.00000000099999999987 
0.00000000099999999991 0.00000000099999999991 0.00000000099999999991 0.00000000099999999991 0.99999999399999994765 0.00000000099999999991 0.00000000099999999991 
0.00000000099999999989 0.00000000099999999989 0.00000000099999999989 0.00000000099999999989 0.99999999400000005867 0.00000000099999999989 0.00000000099999999989 
0.99999999400000005867 0.00000000099999999987 0.00000000099999999987 0.00000000099999999987 0.00000000099999999987 0.00000000099999999987 0.00000000099999999987 
0.96132498829845869359 0.00000000099999999996 0.00000000099999999996 0.00000000099999999996 0.03867500670154133680 0.00000000099999999996 0.00000000099999999996 
0.00000000099999999990 0.00000000099999999990 0.00000000099999999990 0.00000000099999999990 0.99999999400000005867 0.00000000099999999990 0.00000000099999999990 
0.00000000099999999989 0.00000000099999999989 0.99999999399999994765 0.00000000099999999989 0.00000000099999999989 0.00000000099999999989 0.00000000099999999989 
0.03082156197081348595 0.00000000099999999998 0.05783222179502802568 0.00000000099999999998 0.87796973543769207815 0.03337647779646645690 0.00000000099999999998 
0.99999999400000016969 0.00000000099999999982 0.00000000099999999982 0.00000000099999999982 0.00000000099999999982 0.00000000099999999982 0.00000000099999999982 
0.00000001855314529967 0.00000000099999999989 0.00000000099999999989 0.00000000099999999989 0.99999997644685478804 0.00000000099999999989 0.00000000099999999989 
0.00000000099999999999 0.14125029264728425349 0.02967782184755995631 0.07003121850158995632 0.00000000099999999999 0.00650038594856684315 0.75254027905499909501 
0.83391175707396836270 0.00000000099999999993 0.15802896251257814164 0.00000000099999999993 0.00805927641345362787 0.00000000099999999993 0.00000000099999999993 
0.00000000099999999998 0.46214480501590438077 0.00000000099999999998 0.00000000099999999998 0.07299573289551250510 0.01344194379466226441 0.45141751529392087905 
0.99999999400000016969 0.00000000099999999982 0.00000000099999999982 0.00000000099999999982 0.00000000099999999982 0.00000000099999999982 0.00000000099999999982 
0.00000000099999999993 0.00000000099999999993 0.00000588714877089106 0.00000000099999999993 0.99999410785122921919 0.00000000099999999993 0.00000000099999999993 
0.00000000099999999989 0.00000000099999999989 0.00000000099999999989 0.00000000099999999989 0.99999999400000005867 0.00000000099999999989 0.00000000099999999989 
0.99999999400000005867 0.00000000099999999986 0.00000000099999999986 0.00000000099999999986 0.00000000099999999986 0.00000000099999999986 0.00000000099999999986 
0.00000000099999999989 0.00000000099999999989 0.00000000099999999989 0.00000000099999999989 0.99999999399999994765 0.00000000099999999989 0.00000000099999999989 
0.01460320335016270475 0.19127956532265691370 0.04099028970247716591 0.03652426774620039229 0.64524396906372705196 0.07135857240223543452 0.00000013241254034126 
0.99999999400000016969 0.00000000099999999988 0.00000000099999999988 0.00000000099999999988 0.00000000099999999988 0.00000000099999999988 0.00000000099999999988 
0.00010536184540537081 0.00000000099999999998 0.00000000099999999998 0.00000002435919595388 0.99989460979539857011 0.00000000099999999998 0.00000000099999999998 
0.00000000099999999996 0.14599968696042897598 0.00000000099999999996 0.85202779917741422455 0.00000000099999999996 0.00197250986215676211 0.00000000099999999996 
0.00000000099999999962 0.00000000099999999962 0.00000000099999999962 0.00000000099999999962 0.00000000099999999962 0.99999999400000005867 0.00000000099999999962 
0.00000000099999999993 0.37202554087091044277 0.00000000099999999993 0.00000000099999999993 0.00000000099999999993 0.00000000099999999993 0.62797445412908936557 
0.00000000099999999991 0.00000000099999999991 0.00000000099999999991 0.00000000099999999991 0.00000000099999999991 0.00000000099999999991 0.99999999399999994765 
0.00000000099999999993 0.00000000099999999993 0.00000000099999999993 0.00000000099999999993 0.00000000099999999993 0.00000000099999999993 0.99999999399999994765 
0.00000000099999999994 0.62700701261618851934 0.00000000099999999994 0.00000000099999999994 0.00000000099999999994 0.00000000099999999994 0.37299298238381167758 
0.00000000099999999988 0.99999999400000016969 0.00000000099999999988 0.00000000099999999988 0.00000000099999999988 0.00000000099999999988 0.00000000099999999988 
0.02093435032188957490 0.43504414716630845916 0.00000000100000000000 0.15953108772423749140 0.07843938592115644315 0.00140422091958908833 0.30464680694681894879 
0.00000000099999999985 0.99999999400000005867 0.00000000099999999985 0.00000000099999999985 0.00000000099999999985 0.00000000099999999985 0.00000000099999999985 
0.99999999400000016969 0.00000000099999999981 0.00000000099999999981 0.00000000099999999981 0.00000000099999999981 0.00000000099999999981 0.00000000099999999981 
0.00000000099999999997 0.45200138361456448921 0.00000000099999999997 0.01455128160274223210 0.00000000099999999997 0.01291674545844877578 0.52053058632424453744 
0.00000000099999999964 0.00000000099999999964 0.00000000099999999964 0.00000000099999999964 0.00000000099999999964 0.99999999400000005867 0.00000000099999999964 
0.00000000099999999996 0.19575801211776058808 0.00000000099999999996 0.01226153172400439029 0.00000000099999999996 0.00000000099999999996 0.79198045215823498211 
0.00000000099999999990 0.00000000099999999990 0.00000000099999999990 0.99999999399999994765 0.00000000099999999990 0.00000000099999999990 0.00000000099999999990 
0.00000000099999999989 0.00000000099999999989 0.00000000099999999989 0.00000000099999999989 0.99999999399999994765 0.00000000099999999989 0.00000000099999999989 
0.00000000099999999987 0.00000000099999999987 0.00000000099999999987 0.99999999399999994765 0.00000000099999999987 0.00000000099999999987 0.00000000099999999987 
0.00000000099999999990 0.00000000099999999990 0.00000000099999999990 0.99999999397587402417 0.00000000099999999990 0.00000000099999999990 0.00000000102412603404 
0.00000000100000000000 0.45341843854777869049 0.01278813547671153045 0.03525162566015281607 0.00337121247924001850 0.00313567141066731832 0.49203491542544958159 
0.00000000099999999997 0.42520956812399879343 0.02458745772677925837 0.05498285665939756789 0.00000000099999999997 0.00000000099999999997 0.49522011448982428128 
0.00000000099999999992 0.00000000099999999992 0.00000000099999999992 0.99999999400000005867 0.00000000099999999992 0.00000000099999999992 0.00000000099999999992 
0.00000000099999999990 0.00000026722328573011 0.00000000099999999990 0.99999972777671430890 0.00000000099999999990 0.00000000099999999990 0.00000000099999999990 
0.00000000099999999988 0.99999999400000016969 0.00000000099999999988 0.00000000099999999988 0.00000000099999999988 0.00000000099999999988 0.00000000099999999988 
0.00000000099999999989 0.00000000099999999989 0.00000000099999999989 0.00000000099999999989 0.99999999400000005867 0.00000000099999999989 0.00000000099999999989 
0.01525748237477971524 0.40935055101446443659 0.00000000099999999999 0.07046553467931955528 0.00000000099999999999 0.00509739965554175094 0.49982903027589453693 
0.00000000099999999989 0.00000000099999999989 0.00000000099999999989 0.99999999400000005867 0.00000000099999999989 0.00000000099999999989 0.00000000099999999989 
0.00000000099999999993 0.99999999400000005867 0.00000000099999999993 0.00000000099999999993 0.00000000099999999993 0.00000000099999999993 0.00000000099999999993 
0.00000000099999999989 0.99999999400000016969 0.00000000099999999989 0.00000000099999999989 0.00000000099999999989 0.00000000099999999989 0.00000000099999999989 
0.00000000099999999990 0.00000000099999999990 0.00000000099999999990 0.99999999400000005867 0.00000000099999999990 0.00000000099999999990 0.00000000099999999990 
0.00000000099999999990 0.00000000099999999990 0.00000000099999999990 0.00000000099999999990 0.99999999400000005867 0.00000000099999999990 0.00000000099999999990 
0.00000000099999999995 0.00000000099999999995 0.00000000099999999995 0.99999999399999994765 0.00000000099999999995 0.00000000099999999995 0.00000000099999999995 
0.00000000099999999997 0.54338735543891591995 0.00000000099999999997 0.00000033691074130146 0.00000000099999999997 0.00000000099999999997 0.45661230365034277678 
0.00000000099999999999 0.23367945891657099233 0.03711094440138702766 0.00594980944974929111 0.00000000099999999999 0.00000000099999999999 0.72325978423229253522 
0.00000000099999999992 0.00000000099999999992 0.00000000099999999992 0.00000000099999999992 0.00000000099999999992 0.00000000099999999992 0.99999999400000005867 
0.00000000099999999989 0.00000000099999999989 0.00000000099999999989 0.00000000099999999989 0.99999999399999994765 0.00000000099999999989 0.00000000099999999989 
0.00000000099999999998 0.23747585757856468081 0.13813838191409136269 0.04639385835797989188 0.00000000099999999998 0.00000000099999999998 0.57799189914936399681 
0.00000000099999999997 0.23852832609909357942 0.00012654203939026877 0.04994298907796197728 0.00000000099999999997 0.00028307291236254862 0.71111906787119172346 
0.00000000099999999989 0.00000000099999999989 0.00000000099999999989 0.00000000099999999989 0.00000000099999999989 0.00000000099999999989 0.99999999399999994765 
0.00000000099999999998 0.00000000099999999998 0.00000000099999999998 0.00000000099999999998 0.00000000099999999998 0.00005789194575791169 0.99994210305424213736 
0.00000000099999999998 0.00000000099999999998 0.00307591579489230630 0.80877931700293770323 0.02341361845630426236 0.00000000099999999998 0.16473114574586594783 
0.00000000099999999998 0.01715771439287755093 0.00000000099999999998 0.11973451185925622353 0.86310776974786618254 0.00000000099999999998 0.00000000099999999998 
0.00000000099999999998 0.20864327754278336191 0.06037346838860922077 0.00015938019340243261 0.00000000099999999998 0.00000000099999999998 0.73082387087520506164 
0.00000000099999999983 0.00000000099999999983 0.00000000099999999983 0.99999999399999994765 0.00000000099999999983 0.00000000099999999983 0.00000000099999999983 
0.00000000099999999998 0.04946177277779267856 0.00000000099999999998 0.95053822222220729632 0.00000000099999999998 0.00000000099999999998 0.00000000099999999998 
0.04907591849836259734 0.00000000099999999998 0.00000000099999999998 0.60696601940068406478 0.00000000099999999998 0.00000000099999999998 0.34395805810095342325 
0.00000000099999999999 0.10624171259126259648 0.06932234167466012897 0.35350943351461516784 0.39501171543581115042 0.00000000099999999999 0.07591479478365097122 
0.00000000099999999983 0.99999999400000016969 0.00000000099999999983 0.00000000099999999983 0.00000000099999999983 0.00000000099999999983 0.00000000099999999983 
0.06349940637764336926 0.00000438689925520230 0.00000014478255417912 0.06992761922056818513 0.40819285290264917254 0.02817303616458602042 0.43020255365274401305 
0.00000000099999999998 0.45970581567812823787 0.20277919881865597018 0.00158685392514781799 0.00000000099999999998 0.00000000099999999998 0.33592812857806803040 
0.00000000099999999994 0.99999999400000005867 0.00000000099999999994 0.00000000099999999994 0.00000000099999999994 0.00000000099999999994 0.00000000099999999994 
0.00000000099999999999 0.37266544501469534012 0.00156073334280481049 0.00000000099999999999 0.35724281333708673980 0.00000000099999999999 0.26853100530541307300 
0.00000000099999999999 0.24258079798358564427 0.00000000099999999999 0.33571005769962319887 0.02002780639273364291 0.00000000099999999999 0.40168133492405749818 
0.81140432618493540939 0.18853299127723921469 0.00000000099999999998 0.00006267853782526082 0.00000000099999999998 0.00000000099999999998 0.00000000099999999998 
0.00000000099999999987 0.00000000099999999987 0.99999999399999994765 0.00000000099999999987 0.00000000099999999987 0.00000000099999999987 0.00000000099999999987 
0.00000000099999999992 0.00000000099999999992 0.00000000099999999992 0.00000000099999999992 0.00000000099999999992 0.00000000099999999992 0.99999999399999994765 
0.00000000099999999991 0.00000000099999999991 0.00000000099999999991 0.99999999400000005867 0.00000000099999999991 0.00000000099999999991 0.00000000099999999991 
0.00000000099999999994 0.00000000099999999994 0.00000000099999999994 0.99999999400000005867 0.00000000099999999994 0.00000000099999999994 0.00000000099999999994 
0.00000000099999999990 0.00000000099999999990 0.00000000099999999990 0.99999999399999994765 0.00000000099999999990 0.00000000099999999990 0.00000000099999999990 
0.00000000099999999987 0.00000000099999999987 0.00000000099999999987 0.00000000099999999987 0.00000000099999999987 0.99999999400000005867 0.00000000099999999987 
0.00000000099999999992 0.99999999400000005867 0.00000000099999999992 0.00000000099999999992 0.00000000099999999992 0.00000000099999999992 0.00000000099999999992 
0.00000000099999999989 0.00000000099999999989 0.00000000099999999989 0.00000000099999999989 0.00000000099999999989 0.00000000099999999989 0.99999999399999994765 
0.00000000099999999996 0.09151188154487915893 0.00000000099999999996 0.89566105674014617755 0.00000000099999999996 0.01282705771497461879 0.00000000099999999996 
0.00000000099999999998 0.40166627081648276221 0.00801765938581661466 0.06073800852090231045 0.00000000099999999998 0.00000000099999999998 0.52957805827679838018 
0.00000000099999999990 0.00000000099999999990 0.00000000099999999990 0.99999999399999994765 0.00000000099999999990 0.00000000099999999990 0.00000000099999999990 
0.00000000099999999962 0.00000000099999999962 0.00000000099999999962 0.00000000099999999962 0.00000000099999999962 0.99999999400000005867 0.00000000099999999962 
0.00000000099999999992 0.00000000099999999992 0.00000000099999999992 0.99999885538686117403 0.00000000099999999992 0.00000000099999999992 0.00000113961313882002 
0.00000000099999999994 0.02264121437109159474 0.00000000099999999994 0.97735878062890846341 0.00000000099999999994 0.00000000099999999994 0.00000000099999999994 
0.00000000099999999962 0.00000000099999999962 0.00000000099999999962 0.00000000099999999962 0.00000000099999999962 0.99999999399999994765 0.00000000099999999962 
0.00000000099999999979 0.00000000099999999979 0.00000000099999999979 0.00000000099999999979 0.00000000099999999979 0.99999999400000005867 0.00000000099999999979 
0.00000000099999999992 0.00000000099999999992 0.00000000099999999992 0.00000000099999999992 0.00000000099999999992 0.00000000099999999992 0.99999999400000005867 
0.00000000099999999984 0.00000000099999999984 0.00000000099999999984 0.99999999399999994765 0.00000000099999999984 0.00000000099999999984 0.00000000099999999984 
0.00000000099999999995 0.00000000099999999995 0.00000000099999999995 0.00000000099999999995 0.00000000099999999995 0.00717939576054030682 0.99282059923945964464 
0.00000000099999999988 0.00000000099999999988 0.00000000099999999988 0.99999999400000005867 0.00000000099999999988 0.00000000099999999988 0.00000000099999999988 
