0.00000000099999999999 0.55466509538098929255 0.00060376852197666509 0.33099212997146160165 0.11373900412557254314 0.00000000099999999999 
0.00000000099999999998 0.00000034348529263063 0.00000000099999999998 0.00000000099999999998 0.97281548901927528128 0.02718416449543200122 
0.02318296628512294191 0.13825503843215328215 0.00000000099999999999 0.00486260463949926905 0.83366009749697278508 0.00003929214625157257 
0.00000000099999999998 0.06518511216574769673 0.00000000099999999998 0.00000000099999999998 0.92503125854299850239 0.00978362629125387878 
0.00000000099999999997 0.10440864815556794021 0.00000000099999999997 0.00000000099999999997 0.89559134784443195088 0.00000000099999999997 
0.00000000099999999996 0.00000000925848985553 0.00000000099999999996 0.00000000099999999996 0.99999998674151002742 0.00000000099999999996 
0.97160805831851893011 0.00000000099999999991 0.00000000099999999991 0.00000000099999999991 0.00000000099999999991 0.02839193768148111016 
0.00000000099999999990 0.99999999500000003039 0.00000000099999999990 0.00000000099999999990 0.00000000099999999990 0.00000000099999999990 
0.00000000099999999994 0.05663761836281110823 0.01667188472904726146 0.00000000099999999994 0.92669049390814151046 0.00000000099999999994 
0.99999999500000003039 0.00000000099999999991 0.00000000099999999991 0.00000000099999999991 0.00000000099999999991 0.00000000099999999991 
0.99999677823604071758 0.00000000099999999995 0.00000000099999999995 0.00000000881115956440 0.00000000099999999995 0.00000320995279973249 
0.99999999500000014141 0.00000000099999999996 0.00000000099999999996 0.00000000099999999996 0.00000000099999999996 0.00000000099999999996 
0.00000000099999999989 0.00000000099999999989 0.00000000099999999989 0.00000000099999999989 0.00000000099999999989 0.99999999499999991937 
0.55054226622638147148 0.00000574064010332869 0.00000000099999999999 0.16978683309914638366 0.12487100015729654667 0.15479415887707231869 
0.00000000099999999999 0.16587018889350502171 0.00000000099999999999 0.41150423214655484916 0.00000000099999999999 0.42262557595994021398 
0.99984535167665433697 0.00000000099999999992 0.00000000099999999992 0.00000000099999999992 0.00000000099999999992 0.00015464432334578751 
0.44821939762366697080 0.10379551572746108234 0.00000000099999999999 0.24030057470162058397 0.00251282174672490515 0.20517168920052641923 
0.00000000099999999999 0.52769289641426175841 0.00000000099999999999 0.23986690476060523736 0.04255111511215953907 0.18988908171297355643 
0.00000000099999999977 0.00000000099999999977 0.00000000099999999977 0.99999999500000003039 0.00000000099999999977 0.00000000099999999977 
0.00000001113322977128 0.00000000099999999998 0.00000000099999999998 0.49514640404446585986 0.00000000099999999998 0.50485358182230422042 
0.00000000099999999980 0.00000000099999999980 0.00000000099999999980 0.00000000099999999980 0.00000000099999999980 0.99999999500000003039 
0.97806095737817866365 0.00000000099999999994 0.00000000099999999994 0.00000000099999999994 0.00000000099999999994 0.02193903862182144254 
0.00000000099999999984 0.00000000099999999984 0.00000000099999999984 0.99999999500000003039 0.00000000099999999984 0.00000000099999999984 
0.00000000099999999998 0.10595281998880844154 0.00000000099999999998 0.00000000099999999998 0.84295365173525882430 0.05109352527593289534 
0.97396154342420993011 0.00000000099999999994 0.00000000099999999994 0.00000000099999999994 0.00000000099999999994 0.02603845257579011016 
0.99851359848698462152 0.00000000099999999995 0.00000000099999999995 0.00000000099999999995 0.00000000099999999995 0.00148639751301544130 
0.00000000099999999994 0.00000000099999999994 0.00000000099999999994 0.00000000099999999994 0.00000000099999999994 0.99999999500000003039 
0.00000000099999999999 0.01932605422354141331 0.00609037719680349376 0.00422425572056887161 0.94317527526319810960 0.02718403659588812180 
0.00000000099999999996 0.06474472732931908781 0.00000000099999999996 0.00000000099999999996 0.93525526867068076164 0.00000000099999999996 
0.99976509415713765705 0.00000000099999999999 0.00000000099999999999 0.00000000099999999999 0.00000000099999999999 0.00023490184286240509 
0.88286080339228989455 0.08340458286454198455 0.00002939556743881939 0.03370075839313745047 0.00000000100000000000 0.00000445878259181539 
0.93350559475509631291 0.00000000099999999997 0.01482779392367694626 0.01662391477682774801 0.00000000099999999997 0.03504269454439899040 
0.00080211270675707030 0.01692348422183708595 0.00000013376453247853 0.00000000099999999999 0.91226961765369696256 0.07000465065317641733 
0.00000000099999999983 0.00000000099999999983 0.99999999500000003039 0.00000000099999999983 0.00000000099999999983 0.00000000099999999983 
0.00000000099999999999 0.10590926341019418766 0.04280332410632248924 0.00000000099999999999 0.84576893252726137451 0.00551847795622197913 
0.99842869642868969926 0.00000000099999999996 0.00000000099999999996 0.00157129957131028441 0.00000000099999999996 0.00000000099999999996 
0.00000000099999999989 0.00000000099999999989 0.00000000099999999989 0.99999999500000003039 0.00000000099999999989 0.00000000099999999989 
0.00000000099999999973 0.00000000099999999973 0.99999999499999991937 0.00000000099999999973 0.00000000099999999973 0.00000000099999999973 
0.99999999500000003039 0.00000000099999999996 0.00000000099999999996 0.00000000099999999996 0.00000000099999999996 0.00000000099999999996 
0.99193636518442762640 0.00000000099999999993 0.00000000099999999993 0.00806363081557246071 0.00000000099999999993 0.00000000099999999993 
0.95862848839627945452 0.00000000099999999995 0.00000000099999999995 0.00000819667479270907 0.00000000099999999995 0.04136331192892798297 
0.00000000099999999992 0.99999999500000014141 0.00000000099999999992 0.00000000099999999992 0.00000000099999999992 0.00000000099999999992 
0.08573874963824977546 0.83520105002838251895 0.00487103322213641721 0.00000000100000000000 0.07270414274967312851 0.00148502336155802140 
0.00000000099999999993 0.00000000099999999993 0.00000000099999999993 0.00000000099999999993 0.00000000099999999993 0.99999999499999991937 
0.00000000099999999998 0.00830561690267904267 0.00000000099999999998 0.00000000099999999998 0.50746117918494126897 0.48423320091237970209 
0.00000000099999999991 0.99999999500000014141 0.00000000099999999991 0.00000000099999999991 0.00000000099999999991 0.00000000099999999991 
0.98078905156968188006 0.00000000099999999998 0.00847309027416493464 0.00000000099999999998 0.00000000099999999998 0.01073785515615340025 
0.00000000099999999990 0.99999999500000014141 0.00000000099999999990 0.00000000099999999990 0.00000000099999999990 0.00000000099999999990 
0.00000000099999999993 0.99999999500000003039 0.00000000099999999993 0.00000000099999999993 0.00000000099999999993 0.00000000099999999993 
0.00000000099999999991 0.99999999500000014141 0.00000000099999999991 0.00000000099999999991 0.00000000099999999991 0.00000000099999999991 
0.00000000099999999998 0.11386810611621749068 0.02731592061454185885 0.00000000099999999998 0.85881596879592059235 0.00000000247332000198 
0.00000000099999999986 0.99999999500000003039 0.00000000099999999986 0.00000000099999999986 0.00000000099999999986 0.00000000099999999986 
0.00000000099999999990 0.99362997498009320019 0.00000000099999999990 0.00000000099999999990 0.00637002101990684876 0.00000000099999999990 
0.51719334523856297370 0.00000000099999999995 0.00065222158742115732 0.00162211966195520115 0.00000000099999999995 0.48053231151206088345 
0.00000016200286982709 0.16643315592937327208 0.00000025025225191088 0.01211447682212614743 0.80265129884260499882 0.01880065615077386107 
0.00000000099999999998 0.59296033082674426407 0.00297504556934088428 0.00000000099999999998 0.40406462060391479252 0.00000000099999999998 
0.00000000099999999994 0.99992477104986932090 0.00000000099999999994 0.00000000099999999994 0.00007522495013085459 0.00000000099999999994 
0.00000000099999999997 0.00002684273759268618 0.00826480259719892738 0.00000000099999999997 0.99170835166520832082 0.00000000099999999997 
0.00000000099999999993 0.99757810774296495904 0.00000000099999999993 0.00000000099999999993 0.00242188825703510639 0.00000000099999999993 
0.00000000099999999994 0.00000000099999999994 0.00000000099999999994 0.00000000099999999994 0.99999999499999991937 0.00000000099999999994 
0.00000000099999999995 0.02744231911583064343 0.00000000099999999995 0.00000000099999999995 0.97255767688416927541 0.00000000099999999995 
0.00000000099999999996 0.95926848717649570997 0.00000000099999999996 0.00000000099999999996 0.04073150882350423663 0.00000000099999999996 
0.00000000099999999991 0.99999999500000003039 0.00000000099999999991 0.00000000099999999991 0.00000000099999999991 0.00000000099999999991 
0.07566376141504299602 0.00000011062320800588 0.00000000099999999999 0.92433611645062196960 0.00000000951112694288 0.00000000099999999999 
0.00000000099999999995 0.03159477565119841319 0.00000000099999999995 0.00000000099999999995 0.96840522034880149871 0.00000000099999999995 
0.00000000099999999998 0.97794004295479797229 0.01702452413386883884 0.00462406146461960890 0.00041136944671367535 0.00000000099999999998 
0.00000000099999999990 0.00000000099999999990 0.00000000099999999990 0.99999999500000003039 0.00000000099999999990 0.00000000099999999990 
0.99054104972738699075 0.00000000099999999997 0.00932068771945339554 0.00011681842455447918 0.00000000099999999997 0.00002144212860508453 
0.00000000099999999996 0.00000000099999999996 0.00000000099999999996 0.00000000099999999996 0.99999999499999991937 0.00000000099999999996 
0.00000000099999999994 0.00000000099999999994 0.00000000099999999994 0.99999999499999991937 0.00000000099999999994 0.00000000099999999994 
0.00000000099999999992 0.00000000099999999992 0.00000000099999999992 0.99846726753225423234 0.00000000099999999992 0.00153272846774591960 
0.02144081329049981471 0.00000000099999999996 0.00000000099999999996 0.97855918270950015270 0.00000000099999999996 0.00000000099999999996 
0.00000000099999999992 0.00000000099999999992 0.00000000099999999992 0.00000000099999999992 0.00000000099999999992 0.99999999499999991937 
0.00000000099999999995 0.00000000099999999995 0.00287692763894062918 0.37719937031854833265 0.00000000099999999995 0.61992369904251110047 
0.02242586443281191499 0.14032773672659748510 0.02549327679480856146 0.27486635455782199022 0.00021919410051382955 0.53666757338744630612 
0.00000000099999999993 0.00000000099999999993 0.00000000099999999993 0.00000000099999999993 0.00000000099999999993 0.99999999500000003039 
0.99999999500000014141 0.00000000099999999993 0.00000000099999999993 0.00000000099999999993 0.00000000099999999993 0.00000000099999999993 
0.00000000099999999989 0.00000000099999999989 0.00000000099999999989 0.99999999499999991937 0.00000000099999999989 0.00000000099999999989 
0.00000000099999999993 0.00000000099999999993 0.01761250842027848804 0.34101370150929904979 0.00000000099999999993 0.64137378707042236314 
0.00000000099999999994 0.00000000099999999994 0.02396283512368174023 0.37448158442107215560 0.00000000099999999994 0.60155557745524601554 
0.07270433071642581901 0.00000000099999999999 0.03716918367332212175 0.85264863675704094526 0.00000000099999999999 0.03747784685321103176 
0.16002882363777340413 0.00031693206192293311 0.00918324522367490806 0.07588582161350800048 0.20222571628917790365 0.55235946117394285615 
0.78983027024696716989 0.00318660136508038374 0.00259920482934859580 0.07074069568185017975 0.13356909878014913695 0.00007412909660447580 
0.00000000099999999993 0.00000000099999999993 0.00000000099999999993 0.00000000099999999993 0.00000000099999999993 0.99999999499999991937 
0.00001986180316426910 0.00000000099999999998 0.00928060243148006933 0.99069946159879440639 0.00000000099999999998 0.00000007216656121735 
0.99999999500000014141 0.00000000099999999992 0.00000000099999999992 0.00000000099999999992 0.00000000099999999992 0.00000000099999999992 
0.93027468767715248976 0.00000000099999999997 0.00000000099999999997 0.03528305134895086403 0.00000000099999999997 0.03444225797389664084 
0.00000000099999999991 0.00000000099999999991 0.00000000099999999991 0.00000000099999999991 0.00000000099999999991 0.99999999499999991937 
0.98352133266252261823 0.00000000099999999996 0.00000000099999999996 0.01189135298738844965 0.00000000099999999996 0.00458731135008912019 
0.00000000099999999995 0.00000000099999999995 0.01002495692485527723 0.36811071063691808147 0.00000000099999999995 0.62186432943822667063 
0.00000000099999999998 0.03906431344586942106 0.00000000099999999998 0.00000000099999999998 0.00000000099999999998 0.96093568255413064350 
0.06806237487288741006 0.00000000099999999993 0.00000000099999999993 0.93193762112711264756 0.00000000099999999993 0.00000000099999999993 
0.00003254760801030300 0.00000000099999999997 0.00000000099999999997 0.00000000099999999997 0.00000000099999999997 0.99996744839198969945 
0.93232545214435447178 0.00000000099999999996 0.00000000099999999996 0.04872164263967188047 0.00000000099999999996 0.01895290221597365279 
0.00000000099999999991 0.99999999500000003039 0.00000000099999999991 0.00000000099999999991 0.00000000099999999991 0.00000000099999999991 
0.00000000099999999982 0.99999999500000003039 0.00000000099999999982 0.00000000099999999982 0.00000000099999999982 0.00000000099999999982 
0.00000000099999999996 0.01503688926057437925 0.02948516908000142767 0.00000000099999999996 0.95547793865942420855 0.00000000099999999996 
0.00000000099999999995 0.02042888461640754785 0.00000011154420143479 0.00000000099999999995 0.97957100083939097068 0.00000000099999999995 
0.00063228526764605019 0.02484951473221856319 0.04918777667612849597 0.90788167460170787759 0.00842057659733445353 0.00902817212496452581 
0.00000000099999999997 0.05874733321015656456 0.00000000099999999997 0.00000000099999999997 0.85970183564086799510 0.08155082814897543497 
0.00000000099999999997 0.00000720967395422949 0.00000328201245969861 0.00000000099999999997 0.99998950531358599125 0.00000000099999999997 
0.01846895225079784805 0.12378264687698768698 0.00429450589262663808 0.85345389297958784702 0.00000000099999999999 0.00000000099999999999 
0.10424462735527210977 0.10045171507355048213 0.02096949472132783251 0.00000000099999999999 0.75056496670550088002 0.02376919514434868222 
0.00000000099999999988 0.99999999500000003039 0.00000000099999999988 0.00000000099999999988 0.00000000099999999988 0.00000000099999999988 
0.00010485636123903365 0.12588360315572660886 0.00000000099999999999 0.82429138064646034767 0.04970432007580873057 0.00001583876076537740 
0.89288539920975507069 0.00000000099999999993 0.00000000099999999993 0.08530213342777628882 0.00000000099999999993 0.02181246436246870452 
0.00000000099999999988 0.00000000099999999988 0.00000000099999999988 0.99999999499999991937 0.00000000099999999988 0.00000000099999999988 
0.00000000099999999990 0.00000000099999999990 0.00000000099999999990 0.00000000099999999990 0.00000000099999999990 0.99999999499999991937 
0.99891378288669430141 0.00000000099999999996 0.00000000099999999996 0.00000000099999999996 0.00000000099999999996 0.00108621311330581042 
0.00000000099999999996 0.00000430858618382826 0.00000000099999999996 0.00000000099999999996 0.99999568741381605896 0.00000000099999999996 
0.00000076598135721176 0.03991794402834242250 0.00006892234764121568 0.17035611934762939779 0.77976536017340736251 0.00989088812162244695 
0.00000000099999999998 0.03296231507172817793 0.00000000099999999998 0.00000000099999999998 0.96700143392702009315 0.00003624800125188606 
0.00000000099999999997 0.06972124461828542452 0.00000000099999999997 0.00000000099999999997 0.93027875138171445268 0.00000000099999999997 
0.00091535697030683920 0.05784213455406355536 0.00000000099999999999 0.00000000099999999999 0.94124250547562948732 0.00000000099999999999 
0.00000000099999999992 0.08212828601878485735 0.00000000099999999992 0.00000000099999999992 0.91787170998121503374 0.00000000099999999992 
0.96629663263341880608 0.00000000099999999996 0.00000000099999999996 0.02543359509916409342 0.00000000099999999996 0.00826976926741711596 
0.00000000099999999996 0.00000000099999999996 0.00000000099999999996 0.00000000099999999996 0.00000000099999999996 0.99999999500000003039 
0.98527630257426512816 0.00000000099999999995 0.00000000099999999995 0.01422394283767427180 0.00000000099999999995 0.00049975158806065941 
0.99999893653598270760 0.00000000099999999997 0.00000000099999999997 0.00000105946401733209 0.00000000099999999997 0.00000000099999999997 
0.00000000099999999989 0.00000000099999999989 0.00000000099999999989 0.00000000099999999989 0.00000000099999999989 0.99999999500000003039 
0.00000000099999999984 0.00000000099999999984 0.00000000099999999984 0.99999999500000003039 0.00000000099999999984 0.00000000099999999984 
0.00000000099999999990 0.00000000099999999990 0.00000000099999999990 0.99999999500000003039 0.00000000099999999990 0.00000000099999999990 
0.99999999500000003039 0.00000000099999999991 0.00000000099999999991 0.00000000099999999991 0.00000000099999999991 0.00000000099999999991 
0.99999999500000014141 0.00000000099999999993 0.00000000099999999993 0.00000000099999999993 0.00000000099999999993 0.00000000099999999993 
0.99999983970720163207 0.00000000099999999992 0.00000000099999999992 0.00000015629279848206 0.00000000099999999992 0.00000000099999999992 
0.00000000099999999991 0.00000000099999999991 0.00000000099999999991 0.99999999500000003039 0.00000000099999999991 0.00000000099999999991 
0.03868114219767714024 0.00000000099999999998 0.00000001567595123715 0.96131879056437530284 0.00000000099999999998 0.00000004956199649153 
0.99999999500000003039 0.00000000099999999993 0.00000000099999999993 0.00000000099999999993 0.00000000099999999993 0.00000000099999999993 
0.00000000099999999991 0.00000000099999999991 0.00000000099999999991 0.00000000099999999991 0.00000000099999999991 0.99999999500000003039 
0.87764414214587715968 0.00000000099999999999 0.03350661153213350257 0.03093651888843248002 0.00000000099999999999 0.05791272543355688307 
0.00000000099999999986 0.00000000099999999986 0.00000000099999999986 0.99999999500000003039 0.00000000099999999986 0.00000000099999999986 
0.99995633665386485234 0.00000000099999999992 0.00000000099999999992 0.00004365934613512439 0.00000000099999999992 0.00000000099999999992 
0.00000000099999999999 0.09445350586312600827 0.01195975699500902503 0.00000000099999999999 0.86421073231792211455 0.02937600282394290871 
0.00344112067601160063 0.00000000099999999996 0.00001652592239647355 0.83577651586764778457 0.00000000099999999996 0.16076583553394413473 
0.07446982959434618465 0.00074493535776457855 0.01554092289871489112 0.00000000099999999998 0.90924431014917439509 0.00000000099999999998 
0.00000000099999999986 0.00000000099999999986 0.00000000099999999986 0.99999999500000003039 0.00000000099999999986 0.00000000099999999986 
0.99952863758445742448 0.00000000099999999995 0.00000000099999999995 0.00000001340729007427 0.00000000099999999995 0.00047134600825270406 
0.99999999500000003039 0.00000000099999999991 0.00000000099999999991 0.00000000099999999991 0.00000000099999999991 0.00000000099999999991 
0.00000000099999999989 0.00000000099999999989 0.00000000099999999989 0.99999999499999991937 0.00000000099999999989 0.00000000099999999989 
0.99999999500000003039 0.00000000099999999992 0.00000000099999999992 0.00000000099999999992 0.00000000099999999992 0.00000000099999999992 
0.64347345404060518614 0.03441915174278269152 0.07035681108783523041 0.01337926817249029954 0.19311375872332817161 0.04525755623295844160 
0.00000000099999999991 0.00000000099999999991 0.00000000099999999991 0.99999999500000003039 0.00000000099999999991 0.00000000099999999991 
0.99929557366105037364 0.00000000099999999999 0.00000000099999999999 0.00070442233894968311 0.00000000099999999999 0.00000000099999999999 
0.00000000099999999996 0.85741194115581931268 0.00465703662714533114 0.00000000099999999996 0.13793101921703534996 0.00000000099999999996 
0.00000000099999999969 0.00000000099999999969 0.99999999499999991937 0.00000000099999999969 0.00000000099999999969 0.00000000099999999969 
0.00000000099999999993 0.00015276295392539850 0.00000000099999999993 0.00000000099999999993 0.99984723304607447947 0.00000000099999999993 
0.00000000099999999995 0.01229262264968196232 0.00000000099999999995 0.00000000099999999995 0.98770737335031810744 0.00000000099999999995 
0.00000000099999999997 0.00000079779558518957 0.00000000099999999997 0.00000000099999999997 0.99999919820441485196 0.00000000099999999997 
0.00000000099999999996 0.00406739925204234291 0.00000000099999999996 0.00000000099999999996 0.99593259674795764358 0.00000000099999999996 
0.00000000099999999998 0.02681833408647654737 0.00000000099999999998 0.01449309451025620685 0.95868856840326710511 0.00000000099999999998 
0.08034876420611822279 0.17722966714943383382 0.00576970350643753356 0.02052396161483287240 0.71612790252317759521 0.00000000100000000000 
0.00000000099999999994 0.00000000099999999994 0.00000000099999999994 0.00000000099999999994 0.99999999500000003039 0.00000000099999999994 
0.00000000099999999985 0.00000000099999999985 0.00000000099999999985 0.99999999499999991937 0.00000000099999999985 0.00000000099999999985 
0.00000000099999999998 0.04217479718071939082 0.01617937403893718665 0.00000000099999999998 0.94164582578034339289 0.00000000099999999998 
0.00000000099999999970 0.00000000099999999970 0.99999999499999991937 0.00000000099999999970 0.00000000099999999970 0.00000000099999999970 
0.00000000099999999997 0.03779736280525337194 0.00000000099999999997 0.00000000099999999997 0.96220263319474663710 0.00000000099999999997 
0.00000000099999999990 0.99999999364239189337 0.00000000099999999990 0.00000000099999999990 0.00000000235760813905 0.00000000099999999990 
0.99999999500000003039 0.00000000099999999992 0.00000000099999999992 0.00000000099999999992 0.00000000099999999992 0.00000000099999999992 
0.00000000099999999987 0.99999999500000014141 0.00000000099999999987 0.00000000099999999987 0.00000000099999999987 0.00000000099999999987 
0.00000000099999999990 0.99999999034938358289 0.00000000099999999990 0.00000000099999999990 0.00000000565061640576 0.00000000099999999990 
0.01002308100086514095 0.05666973933376075884 0.00569907644973882167 0.00000004831615470358 0.91401166674226874687 0.01359638815721183301 
0.00000000099999999997 0.07726378955184748376 0.00000000099999999997 0.00000000099999999997 0.89614074649795261163 0.02659546095019991660 
0.00000000099999999993 0.99999999500000003039 0.00000000099999999993 0.00000000099999999993 0.00000000099999999993 0.00000000099999999993 
0.00000000099999999990 0.99999999500000003039 0.00000000099999999990 0.00000000099999999990 0.00000000099999999990 0.00000000099999999990 
0.00000000099999999998 0.08276379999895962236 0.00000521317039228900 0.00000000099999999998 0.91723098014084358809 0.00000000468980448132 
0.99999999500000003039 0.00000000099999999992 0.00000000099999999992 0.00000000099999999992 0.00000000099999999992 0.00000000099999999992 
0.00000000100000000000 0.08959725332300676193 0.01025440802628801648 0.01702540820312382214 0.88312280627322681248 0.00000012317435441155 
0.00000000099999999989 0.99999999500000003039 0.00000000099999999989 0.00000000099999999989 0.00000000099999999989 0.00000000099999999989 
0.00000000099999999999 0.03010496102244262021 0.00034388586667156675 0.00000000099999999999 0.93730458962242013676 0.03224656148846563597 
0.00000000099999999997 0.05838393383060572206 0.00000000099999999997 0.00000000099999999997 0.94161606216939430780 0.00000000099999999997 
0.00000000099999999991 0.99999999500000014141 0.00000000099999999991 0.00000000099999999991 0.00000000099999999991 0.00000000099999999991 
0.99999999500000003039 0.00000000099999999992 0.00000000099999999992 0.00000000099999999992 0.00000000099999999992 0.00000000099999999992 
0.00000000099999999995 0.99999999500000014141 0.00000000099999999995 0.00000000099999999995 0.00000000099999999995 0.00000000099999999995 
0.00000002348679870365 0.02703842215098000920 0.00000000099999999999 0.00412172091816464473 0.96883983144405660948 0.00000000099999999999 
0.00000000441920083917 0.02629215666391993347 0.00000000100000000000 0.00173842997543812773 0.93218431112166688646 0.03978509681977429602 
0.00000000099999999996 0.04518182869071504099 0.00000000099999999996 0.00000000099999999996 0.94974509259040984510 0.00507307571887499753 
0.99999999500000014141 0.00000000099999999991 0.00000000099999999991 0.00000000099999999991 0.00000000099999999991 0.00000000099999999991 
0.00000000099999999998 0.05846774334422134151 0.00000000099999999998 0.00000000099999999998 0.80007823160476032598 0.14145402205101825777 
0.00000000099999999998 0.07357638819522166473 0.00935506980064300386 0.00000000099999999998 0.91701617974137128453 0.00005236026276413795 
0.00000000099999999994 0.00000000099999999994 0.00000000099999999994 0.00000000099999999994 0.99999999499999991937 0.00000000099999999994 
0.00000000099999999999 0.00199285097753910392 0.02106265704555196697 0.00000000099999999999 0.97694448897690888689 0.00000000099999999999 
0.02157729683904584250 0.82315545980816240412 0.00000000099999999999 0.00000000099999999999 0.13808028298939303835 0.01718695836339877159 
0.86556457451299106953 0.13443526721639598165 0.00000000099999999999 0.00000000099999999999 0.00000015527061283888 0.00000000099999999999 
0.00000000099999999999 0.01612363161750036619 0.00000000099999999999 0.00000000099999999999 0.91496889122385582915 0.06890747415864377501 
0.00000000099999999984 0.99999999500000014141 0.00000000099999999984 0.00000000099999999984 0.00000000099999999984 0.00000000099999999984 
0.00000000099999999998 0.99810879883014136382 0.00000000099999999998 0.00000000099999999998 0.00189119716985880460 0.00000000099999999998 
0.00000000099999999999 0.62851563054265424668 0.00000000099999999999 0.05294347540030718696 0.31854088942055774902 0.00000000263648078678 
0.39532886776564196696 0.35545060510379244967 0.00000473757545868537 0.00000000099999999999 0.17922883184651186572 0.06998695670859511608 
0.00000000099999999992 0.00000001755047670038 0.00000000099999999992 0.00000000099999999992 0.99999997844952337456 0.00000000099999999992 
0.41144879181457322259 0.09270164074367723273 0.02620448171336003246 0.06114101516906149392 0.40760638744135641032 0.00089768311797166220 
0.00000000099999999998 0.01777421181462471647 0.00000010299854428644 0.00000000099999999998 0.77476751715076852545 0.20745816603606243023 
0.00000000099999999999 0.00000000099999999999 0.00000000099999999999 0.00000000099999999999 0.99999646735879954562 0.00000352864120035441 
0.35607189258318155956 0.00000410664949692067 0.00000000099999999999 0.00000000099999999999 0.63939008650520223753 0.00453391226211905581 
0.02113723145470781245 0.34653136915213422764 0.00000000099999999999 0.00000000099999999999 0.63233139639315771863 0.00000000099999999999 
0.00000000099999999999 0.00810090719856919675 0.00000000099999999999 0.80906831559861214220 0.18283077420281854120 0.00000000099999999999 
0.00000000099999999989 0.00000000099999999989 0.00000000099999999989 0.00000000099999999989 0.00000000099999999989 0.99999999499999991937 
0.00000000099999999998 0.06174991393737683243 0.00000002850837541178 0.00000000099999999998 0.93824951068876161209 0.00000054486548625236 
0.00000000099999999991 0.99999999500000014141 0.00000000099999999991 0.00000000099999999991 0.00000000099999999991 0.00000000099999999991 
0.00000000099999999994 0.99999999500000014141 0.00000000099999999994 0.00000000099999999994 0.00000000099999999994 0.00000000099999999994 
0.00000000099999999991 0.99999999500000014141 0.00000000099999999991 0.00000000099999999991 0.00000000099999999991 0.00000000099999999991 
0.00000000099999999989 0.00000000099999999989 0.99999999500000003039 0.00000000099999999989 0.00000000099999999989 0.00000000099999999989 
0.00050537441934939186 0.02591823355913184385 0.00000000100000000000 0.00000003580307107816 0.96795199975565393569 0.00562435546279376440 
0.00000000099999999994 0.00890199293065618499 0.00000000099999999994 0.00000000099999999994 0.99109800306934370262 0.00000000099999999994 
0.00000000099999999996 0.93479356811963554286 0.01601261942305496136 0.00000000099999999996 0.04919380945730954247 0.00000000099999999996 
0.00000000099999999998 0.08284566165331941345 0.00004016337508161205 0.00000000099999999998 0.90322536909935968730 0.01388880387223919571 
0.00000000099999999990 0.99999999500000014141 0.00000000099999999990 0.00000000099999999990 0.00000000099999999990 0.00000000099999999990 
0.00000000099999999969 0.00000000099999999969 0.99999999499999991937 0.00000000099999999969 0.00000000099999999969 0.00000000099999999969 
0.00000000099999999992 0.99999999428443830940 0.00000000099999999992 0.00000000099999999992 0.00000000171556164594 0.00000000099999999992 
0.00000000099999999994 0.99973182081962641554 0.00000000099999999994 0.00000000099999999994 0.00026817518037357388 0.00000000099999999994 
0.00000000099999999969 0.00000000099999999969 0.99999999500000003039 0.00000000099999999969 0.00000000099999999969 0.00000000099999999969 
0.00000000099999999983 0.00000000099999999983 0.99999999500000003039 0.00000000099999999983 0.00000000099999999983 0.00000000099999999983 
0.00000000099999999998 0.00000000099999999998 0.00979352868381218843 0.00000000099999999998 0.99013085663614985865 0.00007561168003803121 
0.00000000099999999985 0.99999999500000014141 0.00000000099999999985 0.00000000099999999985 0.00000000099999999985 0.00000000099999999985 
0.00000000099999999998 0.03715100142069806960 0.02494767664550789563 0.00000000099999999998 0.92652871971300010401 0.01137260022079396131 
0.00000000099999999989 0.99999999500000014141 0.00000000099999999989 0.00000000099999999989 0.00000000099999999989 0.00000000099999999989 
