0.00000000099999999999 0.00000000099999999999 0.00069759732073853729 0.00000000099999999999 0.29989381676840082269 0.00000000099999999999 0.33087057743865389003 0.10081496143131539467 0.00173974469930331804 0.26598329834158801477 
0.00000000099999999996 0.00000000099999999996 0.00000000099999999996 0.01764237258737077693 0.00000000099999999996 0.00000000099999999996 0.00000000099999999996 0.39435653739782999816 0.58800108301479925288 0.00000000099999999996 
0.00000000099999999995 0.00000000099999999995 0.00000000099999999995 0.00000000099999999995 0.11563642748910253621 0.00000000099999999995 0.00000000099999999995 0.00000000099999999995 0.88436356451089748187 0.00000000099999999995 
0.00000000099999999991 0.00000000099999999991 0.00000000099999999991 0.00000000099999999991 0.00000000099999999991 0.00000000099999999991 0.00000000099999999991 0.00000000099999999991 0.99999990753449974346 0.00000008446550014442 
0.00000000099999999995 0.00000000099999999995 0.00000000099999999995 0.00231487998889539151 0.00000000099999999995 0.00000000099999999995 0.00000000099999999995 0.47744293490645539624 0.42374887144215878099 0.09649330766249036850 
0.00000000099999999983 0.00000000099999999983 0.00000000099999999983 0.00000000099999999983 0.00000000099999999983 0.00000000099999999983 0.00000000099999999983 0.00000000099999999983 0.99999999100000003249 0.00000000099999999983 
0.00000000099999999983 0.03955353604606796220 0.00000000099999999983 0.00000000099999999983 0.00000000099999999983 0.96044645595393207671 0.00000000099999999983 0.00000000099999999983 0.00000000099999999983 0.00000000099999999983 
0.00000000099999999976 0.00000000099999999976 0.00000000099999999976 0.00000000099999999976 0.99999999100000014352 0.00000000099999999976 0.00000000099999999976 0.00000000099999999976 0.00000000099999999976 0.00000000099999999976 
0.00000000099999999984 0.00000000099999999984 0.00000000099999999984 0.00000000099999999984 0.00000000099999999984 0.00000000099999999984 0.00000000099999999984 0.00000000099999999984 0.97978845191948094051 0.02021154008051902901 
0.00000000099999999983 0.00000000099999999983 0.00000000099999999983 0.00000000099999999983 0.00000000099999999983 0.99999999100000003249 0.00000000099999999983 0.00000000099999999983 0.00000000099999999983 0.00000000099999999983 
0.00000000099999999989 0.00003711981408230698 0.00000000099999999989 0.00000000099999999989 0.00000000099999999989 0.99995066125953580016 0.00001221192638206591 0.00000000099999999989 0.00000000099999999989 0.00000000099999999989 
0.00000000099999999992 0.00000000099999999992 0.00000000099999999992 0.00000000099999999992 0.00000000099999999992 0.99999999100000014352 0.00000000099999999992 0.00000000099999999992 0.00000000099999999992 0.00000000099999999992 
0.00000000099999999976 0.99999999100000014352 0.00000000099999999976 0.00000000099999999976 0.00000000099999999976 0.00000000099999999976 0.00000000099999999976 0.00000000099999999976 0.00000000099999999976 0.00000000099999999976 
0.19735854655900170185 0.00000000099999999996 0.00000000099999999996 0.14490800301297507291 0.00000000099999999996 0.56056440748924107886 0.00000000099999999996 0.09716903693878206627 0.00000000099999999996 0.00000000099999999996 
0.56719122947483802122 0.00000000099999999987 0.00000000099999999987 0.43280876252516214953 0.00000000099999999987 0.00000000099999999987 0.00000000099999999987 0.00000000099999999987 0.00000000099999999987 0.00000000099999999987 
0.00000000099999999986 0.00000000099999999986 0.00000000099999999986 0.02027189579115708934 0.00000000099999999986 0.97972809620884293569 0.00000000099999999986 0.00000000099999999986 0.00000000099999999986 0.00000000099999999986 
0.27833987409703159210 0.00000000099999999994 0.00000000099999999994 0.20954610164762804692 0.05259266821439369244 0.45952135004094668558 0.00000000099999999994 0.00000000099999999994 0.00000000099999999994 0.00000000099999999994 
0.27886132852732575804 0.00000000099999999993 0.00000000099999999993 0.18812811607609444819 0.33493358875282924769 0.00000000099999999993 0.00000000099999999993 0.00000000099999999993 0.00000000099999999993 0.19807696064375054923 
0.99999999100000003249 0.00000000099999999891 0.00000000099999999891 0.00000000099999999891 0.00000000099999999891 0.00000000099999999891 0.00000000099999999891 0.00000000099999999891 0.00000000099999999891 0.00000000099999999891 
0.57965584355613009038 0.00000000099999999988 0.00000000099999999988 0.42034414844387008037 0.00000000099999999988 0.00000000099999999988 0.00000000099999999988 0.00000000099999999988 0.00000000099999999988 0.00000000099999999988 
0.00000000099999999888 0.00000000099999999888 0.00000000099999999888 0.99999999099999992147 0.00000000099999999888 0.00000000099999999888 0.00000000099999999888 0.00000000099999999888 0.00000000099999999888 0.00000000099999999888 
0.00000000099999999987 0.04064896484712948732 0.00000000099999999987 0.00000000099999999987 0.00000000099999999987 0.95935102715287046138 0.00000000099999999987 0.00000000099999999987 0.00000000099999999987 0.00000000099999999987 
0.00000000099999999971 0.00000000099999999971 0.00000000099999999971 0.00000000099999999971 0.00000000099999999971 0.00000000099999999971 0.99999999099999992147 0.00000000099999999971 0.00000000099999999971 0.00000000099999999971 
0.00000000099999999994 0.05202866873801399034 0.00000000099999999994 0.00000000099999999994 0.00000000099999999994 0.00000000099999999994 0.00000000099999999994 0.21859523106910069834 0.64431942373821660119 0.08505667045466881737 
0.00000000099999999988 0.03694428329063224187 0.00000000099999999988 0.00000000099999999988 0.00000000099999999988 0.96305570870936785255 0.00000000099999999988 0.00000000099999999988 0.00000000099999999988 0.00000000099999999988 
0.00000000099999999991 0.00045900762505173465 0.00000000099999999991 0.00000121468875146314 0.00000000099999999991 0.99953977068619692670 0.00000000099999999991 0.00000000099999999991 0.00000000099999999991 0.00000000099999999991 
0.00000000099999999985 0.99999999100000025454 0.00000000099999999985 0.00000000099999999985 0.00000000099999999985 0.00000000099999999985 0.00000000099999999985 0.00000000099999999985 0.00000000099999999985 0.00000000099999999985 
0.00000000099999999998 0.02112566538918455791 0.00000000196358013065 0.01123275724998481183 0.00000000284589360706 0.00000000099999999998 0.00000132886936442675 0.39222223459787153299 0.56270492363351698462 0.01271308345060393787 
0.00000000099999999988 0.00000000099999999988 0.00000000099999999988 0.00000000099999999988 0.00000000099999999988 0.00000000099999999988 0.00000000099999999988 0.00000000099999999988 0.98415986991756954083 0.01584012208243048420 
0.00000000099999999997 0.00000000099999999997 0.00000000099999999997 0.00000000099999999997 0.00000000099999999997 0.99999999100000003249 0.00000000099999999997 0.00000000099999999997 0.00000000099999999997 0.00000000099999999997 
0.04716130505279566426 0.00000000099999999997 0.00000000099999999997 0.00784808038191694285 0.00000000099999999997 0.86247630148402498751 0.00000000099999999997 0.00000000099999999997 0.00000000099999999997 0.08251430708126260283 
0.00000000099999999992 0.00000000099999999992 0.01319052081285113955 0.04150574597008432898 0.00000000099999999992 0.92396223511839403741 0.02134149209867058222 0.00000000099999999992 0.00000000099999999992 0.00000000099999999992 
0.00000000099999999996 0.07101977133125426944 0.00000000099999999996 0.00000000099999999996 0.00000000099999999996 0.00000000099999999996 0.00000000099999999996 0.46684823070965086877 0.44858922057049449572 0.01354277138860029116 
0.00000000099999999969 0.00000000099999999969 0.99999999100000003249 0.00000000099999999969 0.00000000099999999969 0.00000000099999999969 0.00000000099999999969 0.00000000099999999969 0.00000000099999999969 0.00000000099999999969 
0.00000000099999999997 0.00000000099999999997 0.03984815101429288464 0.01571272719932561429 0.00000000099999999997 0.00000000099999999997 0.00000000099999999997 0.79018788932111716505 0.00334895949637699581 0.15090226796888733807 
0.00000000099999999991 0.00000000099999999991 0.00000000099999999991 0.00000000452072883538 0.00000000099999999991 0.99160125354003736398 0.00839873493923382758 0.00000000099999999991 0.00000000099999999991 0.00000000099999999991 
0.00000000099999999977 0.00000000099999999977 0.00000000099999999977 0.00000000099999999977 0.00000000099999999977 0.00000000099999999977 0.99999999099999992147 0.00000000099999999977 0.00000000099999999977 0.00000000099999999977 
0.00000000099999999949 0.00000000099999999949 0.99999999100000003249 0.00000000099999999949 0.00000000099999999949 0.00000000099999999949 0.00000000099999999949 0.00000000099999999949 0.00000000099999999949 0.00000000099999999949 
0.01768697212297172527 0.00000000099999999993 0.00000000099999999993 0.00000000235819205026 0.00000000099999999993 0.98231301851883623399 0.00000000099999999993 0.00000000099999999993 0.00000000099999999993 0.00000000099999999993 
0.00000000099999999987 0.00000000099999999987 0.00000000099999999987 0.00000000099999999987 0.00000000099999999987 0.98482409262118675297 0.01517589937881322869 0.00000000099999999987 0.00000000099999999987 0.00000000099999999987 
0.00000000099999999990 0.04881517168395149014 0.00000000099999999990 0.00000000099999999990 0.00000000099999999990 0.95064859904359111376 0.00053622227245750777 0.00000000099999999990 0.00000000099999999990 0.00000000099999999990 
0.00000000099999999972 0.00000000099999999972 0.00000000099999999972 0.00000000099999999972 0.00000000099999999972 0.00000000099999999972 0.00000000099999999972 0.00000000099999999972 0.00000000099999999972 0.99999999100000003249 
0.00000000099999999999 0.00000000099999999999 0.00375106931141613170 0.00717321332096011038 0.56391154422733613671 0.08130827011754312994 0.00000000099999999999 0.07625630955836136537 0.00000000099999999999 0.26759958946438305860 
0.00000000099999999982 0.99999999100000014352 0.00000000099999999982 0.00000000099999999982 0.00000000099999999982 0.00000000099999999982 0.00000000099999999982 0.00000000099999999982 0.00000000099999999982 0.00000000099999999982 
0.00000000099999999995 0.44526042761254308600 0.00000000099999999995 0.04248582650598154570 0.00000000099999999995 0.00000000099999999995 0.00000000099999999995 0.00000000099999999995 0.51225373888147529566 0.00000000099999999995 
0.00000000099999999980 0.00000000099999999980 0.00000000099999999980 0.00000000099999999980 0.99999999100000003249 0.00000000099999999980 0.00000000099999999980 0.00000000099999999980 0.00000000099999999980 0.00000000099999999980 
0.00000000099999999996 0.00044064292775849431 0.00905980203195302231 0.01290311344560979984 0.00000000099999999996 0.97759643559467879204 0.00000000099999999996 0.00000000099999999996 0.00000000099999999996 0.00000000099999999996 
0.00000000099999999984 0.00000000099999999984 0.00000000099999999984 0.00000000099999999984 0.72161985099098457930 0.00000000099999999984 0.00000000099999999984 0.00000000099999999984 0.00000000099999999984 0.27838014100901548042 
0.00000000099999999986 0.00000000099999999986 0.00000000099999999986 0.00000000099999999986 0.79830981143550594492 0.00000000099999999986 0.00000000099999999986 0.00000000099999999986 0.00000000099999999986 0.20169018056449414256 
0.00000000099999999984 0.00000000099999999984 0.00000000099999999984 0.00000000099999999984 0.38871553225809762910 0.00000000099999999984 0.00000000099999999984 0.00000000099999999984 0.00000000099999999984 0.61128445974190226408 
0.00000000099999999994 0.00000000099999999994 0.01419847868946284321 0.01339240953927214005 0.00000000099999999994 0.00000000099999999994 0.00000000099999999994 0.51519255323723989193 0.32847829286638341451 0.12873826066764149090 
0.00000000099999999973 0.00000000099999999973 0.00000000099999999973 0.00000000099999999973 0.99999999100000003249 0.00000000099999999973 0.00000000099999999973 0.00000000099999999973 0.00000000099999999973 0.00000000099999999973 
0.00000000099999999978 0.00000000099999999978 0.00000000099999999978 0.00000000099999999978 0.99999999100000003249 0.00000000099999999978 0.00000000099999999978 0.00000000099999999978 0.00000000099999999978 0.00000000099999999978 
0.00000817322048984218 0.44165987173309939617 0.00000000099999999990 0.04486145670414577041 0.00000000099999999990 0.51347049203176964305 0.00000000131049526241 0.00000000099999999990 0.00000000099999999990 0.00000000099999999990 
0.01617503577333487957 0.00115967727437140690 0.00000000099999999999 0.00380882534604616400 0.08067800829901268511 0.00000000099999999999 0.00001020954937191916 0.19181208047701656105 0.63724402290712711672 0.06911213837371936453 
0.00000000099999999996 0.00000000099999999996 0.00186538160760842770 0.00000000099999999996 0.23398523508206692245 0.00000000099999999996 0.00000000099999999996 0.40183986376951541519 0.00000000099999999996 0.36230951354080931370 
0.00000000099999999973 0.00000000099999999973 0.00000000099999999973 0.00000000099999999973 0.00000000099999999973 0.00000000099999999973 0.00000000099999999973 0.00000000099999999973 0.00000000099999999973 0.99999999100000003249 
0.00000000099999999993 0.00000000099999999993 0.00716194070895573992 0.00000000099999999993 0.00000000099999999993 0.00000000099999999993 0.00000000099999999993 0.60807345534854628788 0.38476459694249787180 0.00000000099999999993 
0.00000000099999999987 0.00000000099999999987 0.00000000099999999987 0.00000000099999999987 0.41695746717978227069 0.00000000099999999987 0.00000000099999999987 0.00000000099999999987 0.00000000099999999987 0.58304252482021756698 
0.00000000099999999991 0.00000000099999999991 0.00000000099999999991 0.00000000099999999991 0.00000000099999999991 0.00000000099999999991 0.00000000099999999991 0.62687547228289797197 0.37312451971710192122 0.00000000099999999991 
0.00000000099999999986 0.00000000099999999986 0.00000000099999999986 0.00000000099999999986 0.02776997365426623135 0.00000000099999999986 0.00000000099999999986 0.00000000099999999986 0.97223001834573374857 0.00000000099999999986 
0.00000000099999999984 0.00000000099999999984 0.00000000099999999984 0.00000000099999999984 0.99999999100000014352 0.00000000099999999984 0.00000000099999999984 0.00000000099999999984 0.00000000099999999984 0.00000000099999999984 
0.00000000099999999973 0.00000000099999999973 0.00000000099999999973 0.00000000099999999973 0.00000000099999999973 0.00000000099999999973 0.00000000099999999973 0.00000000099999999973 0.00000000099999999973 0.99999999100000003249 
0.00001261800498819770 0.00000000099999999997 0.00000000099999999997 0.00000000099999999997 0.00000000099999999997 0.07242639524688776476 0.92756097974812401485 0.00000000099999999997 0.00000000099999999997 0.00000000099999999997 
0.00000000099999999991 0.00000000099999999991 0.00000000099999999991 0.00000000099999999991 0.00000000099999999991 0.00000000099999999991 0.00000000099999999991 0.52623553609549578169 0.43254894109759300935 0.04121551580691129590 
0.00000000099999999991 0.00000000099999999991 0.00000000099999999991 0.00000000099999999991 0.99999999100000003249 0.00000000099999999991 0.00000000099999999991 0.00000000099999999991 0.00000000099999999991 0.00000000099999999991 
0.00000000115940852633 0.00000000099999999980 0.00000000099999999980 0.00000000099999999980 0.00000000099999999980 0.00000000099999999980 0.99999999084059154608 0.00000000099999999980 0.00000000099999999980 0.00000000099999999980 
0.00000000099999999994 0.00000000099999999994 0.01113644716892519052 0.00000006678479280911 0.00000000099999999994 0.98644211128972414393 0.00242136875655779181 0.00000000099999999994 0.00000000099999999994 0.00000000099999999994 
0.00000000099999999993 0.00000000099999999993 0.00000000099999999993 0.00000000099999999993 0.00000000099999999993 0.00000000099999999993 0.00000000099999999993 0.52983820167835871118 0.47016179032164134854 0.00000000099999999993 
0.06878033655511525679 0.00000000099999999988 0.00000000099999999988 0.00000000099999999988 0.00000000099999999988 0.00000000099999999988 0.93121965544488483069 0.00000000099999999988 0.00000000099999999988 0.00000000099999999988 
0.00000000099999999983 0.00000000099999999983 0.00000000099999999983 0.00000000099999999983 0.00000000099999999983 0.00000000099999999983 0.99999999100000003249 0.00000000099999999983 0.00000000099999999983 0.00000000099999999983 
0.00000000099999999991 0.00000000099999999991 0.00000000099999999991 0.00000000099999999991 0.00000000099999999991 0.00000000099999999991 0.99999999100000003249 0.00000000099999999991 0.00000000099999999991 0.00000000099999999991 
0.00000000099999999980 0.99999999100000014352 0.00000000099999999980 0.00000000099999999980 0.00000000099999999980 0.00000000099999999980 0.00000000099999999980 0.00000000099999999980 0.00000000099999999980 0.00000000099999999980 
0.01172973639470996886 0.63930243477977433120 0.00000000099999999989 0.00000000099999999989 0.00000000099999999989 0.00000000099999999989 0.34896782182551588924 0.00000000099999999989 0.00000000099999999989 0.00000000099999999989 
0.00206956045510667958 0.54527598661313214645 0.02153357195602284904 0.00036731862429967261 0.08169251297660065636 0.01632582532855815505 0.27255860020780625641 0.00000000100000000000 0.00000000100000000000 0.06017662183847354018 
0.00000000099999999986 0.99991158826425774464 0.00000000099999999986 0.00008840373574245864 0.00000000099999999986 0.00000000099999999986 0.00000000099999999986 0.00000000099999999986 0.00000000099999999986 0.00000000099999999986 
0.00000000099999999988 0.00000000099999999988 0.00000000099999999988 0.00000000099999999988 0.00000000099999999988 0.99999999100000014352 0.00000000099999999988 0.00000000099999999988 0.00000000099999999988 0.00000000099999999988 
0.00309434016219255420 0.00000000099999999979 0.00000000099999999979 0.00000000099999999979 0.00000000099999999979 0.00000000099999999979 0.99690565183780754932 0.00000000099999999979 0.00000000099999999979 0.00000000099999999979 
0.00000000099999999984 0.65473643350275756436 0.00448879582613272068 0.00000000099999999984 0.00000000099999999984 0.00000000099999999984 0.34077476367110981492 0.00000000099999999984 0.00000000099999999984 0.00000000099999999984 
0.02604695006751080177 0.62274488539345285165 0.01032026337684416144 0.00000000099999999987 0.00000000099999999987 0.00000000099999999987 0.34088789516219236697 0.00000000099999999987 0.00000000099999999987 0.00000000099999999987 
0.00000353466033635044 0.02873030040116889006 0.03388057800959892035 0.00000000099999999998 0.00000000099999999998 0.07400985034642294791 0.86337573158247293836 0.00000000099999999998 0.00000000099999999998 0.00000000099999999998 
0.07251329453804575276 0.52912685091418143468 0.00758359877948569690 0.03278308952616592470 0.00000000100000000000 0.16535752275797829802 0.00000000100000000000 0.07602768597738249201 0.11660795450676043894 0.00000000100000000000 
0.00911886596525994346 0.00000000099999999999 0.00000003247350032133 0.00000000099999999999 0.00000000099999999999 0.78745576731150568328 0.06417440299700924444 0.00000000099999999999 0.13925092625272492142 0.00000000099999999999 
0.00000000099999999986 0.92108734653043866647 0.00000000099999999986 0.07891264546956153203 0.00000000099999999986 0.00000000099999999986 0.00000000099999999986 0.00000000099999999986 0.00000000099999999986 0.00000000099999999986 
0.00003029529146566116 0.00000000099999999993 0.00000000099999999993 0.00000000099999999993 0.00000000099999999993 0.00000000099999999993 0.99996969670853430578 0.00000000099999999993 0.00000000099999999993 0.00000000099999999993 
0.00000000099999999987 0.00000000099999999987 0.00000000099999999987 0.00000000099999999987 0.00000000099999999987 0.99999999100000003249 0.00000000099999999987 0.00000000099999999987 0.00000000099999999987 0.00000000099999999987 
0.00000114785432705881 0.03569173493021250698 0.00000000099999999995 0.00000953230100654970 0.00000000099999999995 0.92641517936075634676 0.03788240055369754278 0.00000000099999999995 0.00000000099999999995 0.00000000099999999995 
0.00000000099999999981 0.99999999100000014352 0.00000000099999999981 0.00000000099999999981 0.00000000099999999981 0.00000000099999999981 0.00000000099999999981 0.00000000099999999981 0.00000000099999999981 0.00000000099999999981 
0.00000000099999999992 0.01265828833287915671 0.00000000099999999992 0.00000000099999999992 0.00000000099999999992 0.97016022013813230096 0.01718148452898855816 0.00000000099999999992 0.00000000099999999992 0.00000000099999999992 
0.00000000099999999988 0.63682298615495280814 0.00000000099999999988 0.00000000099999999988 0.00000000099999999988 0.00000000099999999988 0.36317700584504741812 0.00000000099999999988 0.00000000099999999988 0.00000000099999999988 
0.00000000099999999995 0.99418519445791564415 0.00000000099999999995 0.00000000099999999995 0.00581479754208459165 0.00000000099999999995 0.00000000099999999995 0.00000000099999999995 0.00000000099999999995 0.00000000099999999995 
0.00000000099999999987 0.00000000099999999987 0.00000000099999999987 0.00000000927006393145 0.00000000099999999987 0.05305468309070302674 0.94694530063923321173 0.00000000099999999987 0.00000000099999999987 0.00000000099999999987 
0.00000000099999999990 0.99999999100000025454 0.00000000099999999990 0.00000000099999999990 0.00000000099999999990 0.00000000099999999990 0.00000000099999999990 0.00000000099999999990 0.00000000099999999990 0.00000000099999999990 
0.00000000099999999991 0.02296808888861221615 0.00000000099999999991 0.00000000099999999991 0.00000000099999999991 0.92323319284694727038 0.05379871126444062124 0.00000000099999999991 0.00000000099999999991 0.00000000099999999991 
0.00000000099999999973 0.00000000099999999973 0.00000000099999999973 0.00000000099999999973 0.00000000099999999973 0.00000000099999999973 0.00000000099999999973 0.00000000099999999973 0.00000000099999999973 0.99999999100000003249 
0.00000000099999999973 0.00000000099999999973 0.00000000099999999973 0.00000000099999999973 0.52576019079693958602 0.00000000099999999973 0.00000000099999999973 0.00000000099999999973 0.00000000099999999973 0.47423980120306047370 
0.00000000099999999990 0.00000000099999999990 0.00839910287985371623 0.00000000099999999990 0.00000000099999999990 0.00000000099999999990 0.00000000099999999990 0.00000000099999999990 0.99160088912014632267 0.00000000099999999990 
0.00000000099999999986 0.00000000099999999986 0.00000000099999999986 0.00000000099999999986 0.00000000099999999986 0.00000000099999999986 0.00000000099999999986 0.99999999100000003249 0.00000000099999999986 0.00000000099999999986 
0.00042015812951043949 0.00000000099999999998 0.04299539042645981329 0.02753444693770291246 0.00000000099999999998 0.00000000099999999998 0.89563092728786330987 0.00000000099999999998 0.00000000099999999998 0.03341907221846367876 
0.00000000099999999994 0.08566944925402492084 0.00000000099999999994 0.00000000099999999994 0.05275080626847095805 0.00000000099999999994 0.00000000099999999994 0.53829685873088162218 0.32328287974662250903 0.00000000099999999994 
0.00000000099999999987 0.00000000099999999987 0.00000000099999999987 0.00000000099999999987 0.00000000099999999987 0.00000000099999999987 0.00000000099999999987 0.99999999100000003249 0.00000000099999999987 0.00000000099999999987 
0.00000000099999999996 0.00000000099999999996 0.00000000099999999996 0.00000000099999999996 0.12880767904069170826 0.00000000099999999996 0.87119231295930832371 0.00000000099999999996 0.00000000099999999996 0.00000000099999999996 
0.00000000099999999999 0.00794027655797332338 0.02022615985669452138 0.00877472032376618374 0.00522012302112485199 0.10554483998421809732 0.00000000099999999999 0.51533545437673544676 0.24364762867759151566 0.09331079520189591858 
0.00000000099999999973 0.00000000099999999973 0.00000000099999999973 0.00000000099999999973 0.99999999100000014352 0.00000000099999999973 0.00000000099999999973 0.00000000099999999973 0.00000000099999999973 0.00000000099999999973 
0.00000000099999999998 0.00000000099999999998 0.00000000099999999998 0.00000000099999999998 0.12700446152377584119 0.00000000099999999998 0.81826217138976919951 0.05473336008645501849 0.00000000099999999998 0.00000000099999999998 
0.12385995613168679363 0.00000000099999999983 0.00000000099999999983 0.00000000099999999983 0.00000000099999999983 0.87614003586831323833 0.00000000099999999983 0.00000000099999999983 0.00000000099999999983 0.00000000099999999983 
0.00000000099999999977 0.00000000099999999977 0.00000000099999999977 0.00000000099999999977 0.00000000099999999977 0.00000000099999999977 0.99999999099999992147 0.00000000099999999977 0.00000000099999999977 0.00000000099999999977 
0.00000000099999999982 0.74366585705164867104 0.00000000099999999982 0.25633413494835149971 0.00000000099999999982 0.00000000099999999982 0.00000000099999999982 0.00000000099999999982 0.00000000099999999982 0.00000000099999999982 
0.00000000099999999992 0.00989783491644765333 0.00000000099999999992 0.00000000099999999992 0.00000000099999999992 0.99010215708355242548 0.00000000099999999992 0.00000000099999999992 0.00000000099999999992 0.00000000099999999992 
0.00000000099999999994 0.00000000099999999994 0.00000000099999999994 0.00000000099999999994 0.00000000099999999994 0.00000000099999999994 0.00000000099999999994 0.50236985722327109904 0.49763013477672873863 0.00000000099999999994 
0.00135813228572707130 0.00000000099999999999 0.00000000099999999999 0.01914132131248632782 0.05042261912668104251 0.00000000099999999999 0.16197877775827779212 0.30265290475384409863 0.46444624076298357540 0.00000000099999999999 
0.00000000099999999988 0.00000000099999999988 0.00000000099999999988 0.00000000099999999988 0.00000000099999999988 0.00000000099999999988 0.00000000099999999988 0.00000000099999999988 0.99999999100000003249 0.00000000099999999988 
0.00000000099999999987 0.00000000099999999987 0.00000000099999999987 0.00000000099999999987 0.00000000099999999987 0.00000000099999999987 0.00000000099999999987 0.94706451136004510261 0.00000000099999999987 0.05293548063995490160 
0.00000000099999999998 0.00000000099999999998 0.00000000099999999998 0.00335277138199073380 0.00000000099999999998 0.00000000099999999998 0.00000000099999999998 0.50784405599550075383 0.44277118311774577020 0.04603198350476272321 
0.00000000099999999981 0.00000000099999999981 0.00000000099999999981 0.00000000099999999981 0.02555876913182863336 0.00000000099999999981 0.00000000099999999981 0.97444122286817147494 0.00000000099999999981 0.00000000099999999981 
0.02835029801599752569 0.00912362275757712567 0.00000000099999999993 0.00012391495504916015 0.00000000099999999993 0.96240215811426454984 0.00000000115711168110 0.00000000099999999993 0.00000000099999999993 0.00000000099999999993 
0.00000000099999999988 0.99999999100000014352 0.00000000099999999988 0.00000000099999999988 0.00000000099999999988 0.00000000099999999988 0.00000000099999999988 0.00000000099999999988 0.00000000099999999988 0.00000000099999999988 
0.02041489031278909475 0.00353489462979120726 0.00000000099999999990 0.00000000099999999990 0.00000000099999999990 0.97605020805741982137 0.00000000099999999990 0.00000000099999999990 0.00000000099999999990 0.00000000099999999990 
0.00000000099999999993 0.00000000099999999993 0.00000000099999999993 0.00000000099999999993 0.00000000099999999993 0.99999999100000014352 0.00000000099999999993 0.00000000099999999993 0.00000000099999999993 0.00000000099999999993 
0.00000000099999999977 0.99999999100000014352 0.00000000099999999977 0.00000000099999999977 0.00000000099999999977 0.00000000099999999977 0.00000000099999999977 0.00000000099999999977 0.00000000099999999977 0.00000000099999999977 
0.00000000099999999969 0.00000000099999999969 0.00000000099999999969 0.00000000099999999969 0.00000000099999999969 0.00000000099999999969 0.99999999099999992147 0.00000000099999999969 0.00000000099999999969 0.00000000099999999969 
0.00000000099999999979 0.00000000099999999979 0.00000000099999999979 0.00000000099999999979 0.00000000099999999979 0.00000000099999999979 0.99999999099999992147 0.00000000099999999979 0.00000000099999999979 0.00000000099999999979 
0.00000000099999999982 0.00000000099999999982 0.00000000099999999982 0.01807470023952314001 0.00000000099999999982 0.98192529176047693706 0.00000000099999999982 0.00000000099999999982 0.00000000099999999982 0.00000000099999999982 
0.00000000099999999987 0.00000000099999999987 0.00000000099999999987 0.01883730588292610586 0.00000000099999999987 0.98116268611707402325 0.00000000099999999987 0.00000000099999999987 0.00000000099999999987 0.00000000099999999987 
0.00000000099999999985 0.00000000099999999985 0.00000000099999999985 0.00000000099999999985 0.00000000099999999985 0.99995065120578674467 0.00004934079421327579 0.00000000099999999985 0.00000000099999999985 0.00000000099999999985 
0.00000000099999999979 0.00000000099999999979 0.00000000099999999979 0.00000000099999999979 0.00000000099999999979 0.00000000099999999979 0.99999999099999992147 0.00000000099999999979 0.00000000099999999979 0.00000000099999999979 
0.00000000099999999992 0.00000000099999999992 0.00000000099999999992 0.00000001965221952374 0.00000000099999999992 0.01482230089338890285 0.98517767245439147317 0.00000000099999999992 0.00000000099999999992 0.00000000099999999992 
0.00000000099999999985 0.00000000789281409523 0.00000000099999999985 0.00000000099999999985 0.00000000099999999985 0.99999998410718593522 0.00000000099999999985 0.00000000099999999985 0.00000000099999999985 0.00000000099999999985 
0.00000000099999999979 0.99999999100000025454 0.00000000099999999979 0.00000000099999999979 0.00000000099999999979 0.00000000099999999979 0.00000000099999999979 0.00000000099999999979 0.00000000099999999979 0.00000000099999999979 
0.00000000099999999997 0.06081639165335388925 0.03285161570940785258 0.00000000099999999997 0.00000000099999999997 0.87339532591456947586 0.03293666072266861894 0.00000000099999999997 0.00000000099999999997 0.00000000099999999997 
0.00000000099999999972 0.00000000099999999972 0.00000000099999999972 0.00000000099999999972 0.00000000099999999972 0.00000000099999999972 0.99999999100000003249 0.00000000099999999972 0.00000000099999999972 0.00000000099999999972 
0.00000000099999999985 0.00000000099999999985 0.00000000099999999985 0.00000000099999999985 0.00000000099999999985 0.99999996274892544168 0.00000002925107450919 0.00000000099999999985 0.00000000099999999985 0.00000000099999999985 
0.00000000099999999997 0.00000000099999999997 0.01017833857785825288 0.02453479723919801264 0.00000000099999999997 0.00000000099999999997 0.00000000099999999997 0.47800459894678565265 0.36393972452437622911 0.12334253571178185882 
0.00000000099999999989 0.16136304118603281288 0.00000000099999999989 0.00000000099999999989 0.00000000099999999989 0.00000000099999999989 0.83863695081396727460 0.00000000099999999989 0.00000000099999999989 0.00000000099999999989 
0.00000000099999999996 0.00000000099999999996 0.01141886557352251794 0.00000000099999999996 0.00611564619586716773 0.07322282986816949779 0.00000000099999999996 0.39780457132151036959 0.51143808204093033076 0.00000000099999999996 
0.00000000099999999971 0.00000000099999999971 0.00000000099999999971 0.00000000099999999971 0.00000000099999999971 0.00000000099999999971 0.99999999099999992147 0.00000000099999999971 0.00000000099999999971 0.00000000099999999971 
0.00000000099999999990 0.00438862900821046769 0.00000000099999999990 0.00000000657769242702 0.00000000099999999990 0.99561135741409712008 0.00000000099999999990 0.00000000099999999990 0.00000000099999999990 0.00000000099999999990 
0.00000001961943813151 0.00000000099999999986 0.00000000099999999986 0.00000000099999999986 0.00000000099999999986 0.99999997238056193005 0.00000000099999999986 0.00000000099999999986 0.00000000099999999986 0.00000000099999999986 
0.00000000099999999977 0.00000000099999999977 0.00000000099999999977 0.00000000099999999977 0.00000000099999999977 0.00000000099999999977 0.99999999100000003249 0.00000000099999999977 0.00000000099999999977 0.00000000099999999977 
0.00000000099999999985 0.00000000099999999985 0.00000000099999999985 0.00000000099999999985 0.00000000099999999985 0.99999999100000014352 0.00000000099999999985 0.00000000099999999985 0.00000000099999999985 0.00000000099999999985 
0.00009786466815311263 0.02168028091125958484 0.06820500306032881155 0.02274572122901727042 0.02870375029160839378 0.64012663144372028423 0.01907359097349874827 0.00000000104727874785 0.19936714778436456785 0.00000000859077042915 
0.00000997204788078661 0.00000000099999999983 0.00000000099999999983 0.00000000099999999983 0.00000000099999999983 0.00000000099999999983 0.99999001995211911353 0.00000000099999999983 0.00000000099999999983 0.00000000099999999983 
0.00000000099999999997 0.00000000099999999997 0.00000000099999999997 0.00000000099999999997 0.00008653381421316922 0.99355152380070599349 0.00636193538508075720 0.00000000099999999997 0.00000000099999999997 0.00000000099999999997 
0.00000000099999999988 0.00000000099999999988 0.00000000099999999988 0.00000000099999999988 0.85544549389936919148 0.00000000099999999988 0.00000000099999999988 0.14455449810063092375 0.00000000099999999988 0.00000000099999999988 
0.00000000099999999942 0.00000000099999999942 0.99999999100000003249 0.00000000099999999942 0.00000000099999999942 0.00000000099999999942 0.00000000099999999942 0.00000000099999999942 0.00000000099999999942 0.00000000099999999942 
0.00000000099999999981 0.00000000099999999981 0.00000000099999999981 0.00000000099999999981 0.00000000099999999981 0.00000000099999999981 0.00000000099999999981 0.00000000099999999981 0.99999999099999992147 0.00000000099999999981 
0.00000000099999999993 0.00000000099999999993 0.00000000099999999993 0.00000000099999999993 0.01415355019668001688 0.00000000099999999993 0.00000000099999999993 0.53623647351933789729 0.44960996928398211381 0.00000000099999999993 
0.00000000099999999987 0.00000000099999999987 0.00000000099999999987 0.00000000099999999987 0.00000000099999999987 0.00000000099999999987 0.00000000099999999987 0.99999999099999992147 0.00000000099999999987 0.00000000099999999987 
0.00000000099999999993 0.00000000099999999993 0.00000000099999999993 0.00879559099176623060 0.00000000099999999993 0.00000000099999999993 0.00000000099999999993 0.61887217340401923238 0.35107160006728460599 0.02126062953693000010 
0.00000000099999999987 0.00000000099999999987 0.00000000099999999987 0.00000000099999999987 0.00000000099999999987 0.00000000099999999987 0.00000000099999999987 0.99999999100000003249 0.00000000099999999987 0.00000000099999999987 
0.01654162200405775648 0.00000000099999999999 0.00000002829988705398 0.00000000099999999999 0.00000000099999999999 0.08136122949795696058 0.00000000099999999999 0.53920161260452026397 0.17229455215473896135 0.19060095143883909463 
0.00000000099999999982 0.00000000099999999982 0.00000000099999999982 0.00000000099999999982 0.00000000099999999982 0.00000000099999999982 0.00000000099999999982 0.99999999099999992147 0.00000000099999999982 0.00000000099999999982 
0.00000000099999999971 0.00000000099999999971 0.00000000099999999971 0.00000000099999999971 0.00000000099999999971 0.00000000099999999971 0.99999999099999992147 0.00000000099999999971 0.00000000099999999971 0.00000000099999999971 
0.00000000099999999995 0.00000000099999999995 0.00884366993229610855 0.01921516250893898561 0.03391255003195828982 0.00000000099999999995 0.00000000099999999995 0.47242227747159776241 0.46560633505520887532 0.00000000099999999995 
0.00000000099999999945 0.00000000099999999945 0.99999999100000014352 0.00000000099999999945 0.00000000099999999945 0.00000000099999999945 0.00000000099999999945 0.00000000099999999945 0.00000000099999999945 0.00000000099999999945 
0.00000000099999999992 0.00000000099999999992 0.00000000099999999992 0.00000000099999999992 0.04329021827276401807 0.00000000099999999992 0.00000000099999999992 0.30026065557400360984 0.65644911915323234108 0.00000000099999999992 
0.00000000099999999983 0.00000000099999999983 0.00000000099999999983 0.00000000099999999983 0.41620678587245163449 0.00000000099999999983 0.00000000099999999983 0.00000000099999999983 0.00000000099999999983 0.58379320612754825870 
0.00000000099999999985 0.00000000099999999985 0.00000000099999999985 0.00000000099999999985 0.00000000099999999985 0.99999999100000003249 0.00000000099999999985 0.00000000099999999985 0.00000000099999999985 0.00000000099999999985 
0.00000000099999999980 0.00000000099999999980 0.00000000099999999980 0.00000000099999999980 0.41345260977431819160 0.00000000099999999980 0.00000000099999999980 0.00000000099999999980 0.00000000099999999980 0.58654738222568159056 
0.00000000099999999977 0.00000000099999999977 0.00000000099999999977 0.00000000099999999977 0.99999999100000003249 0.00000000099999999977 0.00000000099999999977 0.00000000099999999977 0.00000000099999999977 0.00000000099999999977 
0.00000000099999999996 0.02673850538146087252 0.00000000099999999996 0.00000000099999999996 0.04441823502169352927 0.00000000099999999996 0.00000000099999999996 0.26893792838289209968 0.65910543178239633377 0.00079989443155704812 
0.00000000099999999992 0.00000000099999999992 0.00000000099999999992 0.00000000099999999992 0.01174063815869418742 0.00000000099999999992 0.00000000099999999992 0.98825935384130569883 0.00000000099999999992 0.00000000099999999992 
0.00000000099999999986 0.00000000099999999986 0.00000000099999999986 0.00000000099999999986 0.51523747738066694168 0.00000000099999999986 0.00000000099999999986 0.00000000099999999986 0.00000000099999999986 0.48476251461933300702 
0.00000000099999999983 0.00000000099999999983 0.00000000099999999983 0.00000000099999999983 0.72388431762390115232 0.00000000099999999983 0.00000000099999999983 0.00000000099999999983 0.00000000099999999983 0.27611567437609885189 
0.00000000099999999988 0.00000000099999999988 0.00000000099999999988 0.00000000099999999988 0.04026073709822012431 0.00000000099999999988 0.00000000099999999988 0.95973925490177991460 0.00000000099999999988 0.00000000099999999988 
0.00000000099999999984 0.00000000099999999984 0.00000000099999999984 0.00000000099999999984 0.00000000099999999984 0.99999999100000003249 0.00000000099999999984 0.00000000099999999984 0.00000000099999999984 0.00000000099999999984 
0.00000000099999999998 0.00000000099999999998 0.00000000099999999998 0.00000004902588796834 0.08522214137809008827 0.00000000099999999998 0.01901508118959513785 0.32688122940236424840 0.56888149400406251566 0.00000000099999999998 
0.00000000099999999982 0.00000000099999999982 0.00000000099999999982 0.00000000099999999982 0.69084316087905828230 0.00000000099999999982 0.00000000099999999982 0.00000000099999999982 0.00000000099999999982 0.30915683112094172191 
0.00000000099999999992 0.00000000099999999992 0.00000000099999999992 0.00000000099999999992 0.00000000099999999992 0.00000000099999999992 0.00000000099999999992 0.99999999100000003249 0.00000000099999999992 0.00000000099999999992 
0.00000000099999999993 0.00000000099999999993 0.00000000099999999993 0.00000000099999999993 0.00000000099999999993 0.00000000099999999993 0.00000000099999999993 0.72915732435903890529 0.22819622781951298673 0.04264644082144812554 
0.00000000099999999984 0.00000000099999999984 0.00000000099999999984 0.00000000099999999984 0.46793413518711252097 0.00000000099999999984 0.00000000099999999984 0.00000000099999999984 0.00000000099999999984 0.53206585681288742773 
0.00000000099999999985 0.00000000099999999985 0.00000000099999999985 0.00000000099999999985 0.00000000099999999985 0.99999999100000003249 0.00000000099999999985 0.00000000099999999985 0.00000000099999999985 0.00000000099999999985 
0.00000000099999999989 0.00000000099999999989 0.00000000099999999989 0.00000000099999999989 0.48171866261085266592 0.00000000099999999989 0.00000000099999999989 0.00000000099999999989 0.00000000099999999989 0.51828132938914717176 
