0.00000000099999999999 0.00000000099999999999 0.11166570283985539913 0.33574559103622264589 0.55258870412392202542 
0.00000000099999999998 0.02582198911707615438 0.97417800788292385761 0.00000000099999999998 0.00000000099999999998 
0.02640509563603888818 0.00007108302711037565 0.83808653769790575350 0.00000000100000000000 0.13543728263894488917 
0.00000000099999999998 0.00916985664465494801 0.92688442682706329023 0.00000000099999999998 0.06394571452828171076 
0.00000000099999999998 0.00000000099999999998 0.89661227133405430045 0.00000000099999999998 0.10338772566594574276 
0.00000000099999999997 0.00000000099999999997 0.99999999599999989108 0.00000000099999999997 0.00000000099999999997 
0.97180728009091599251 0.02819271690908402295 0.00000000099999999993 0.00000000099999999993 0.00000000099999999993 
0.00000000099999999992 0.00000000099999999992 0.00000000099999999992 0.00000000099999999992 0.99999999600000000211 
0.00000000099999999995 0.00000000099999999995 0.94130239927204828465 0.00000000099999999995 0.05869759772795160591 
0.99999999600000011313 0.00000000099999999992 0.00000000099999999992 0.00000000099999999992 0.00000000099999999992 
0.99999999600000000211 0.00000000099999999995 0.00000000099999999995 0.00000000099999999995 0.00000000099999999995 
0.99999999600000011313 0.00000000099999999996 0.00000000099999999996 0.00000000099999999996 0.00000000099999999996 
0.00000000099999999991 0.99999999600000000211 0.00000000099999999991 0.00000000099999999991 0.00000000099999999991 
0.55437826361731745717 0.15916202346493546482 0.12323665931577544586 0.16322305260197159105 0.00000000100000000000 
0.00000000099999999999 0.42407417550403658790 0.00000000099999999999 0.41218059944114959769 0.16374522305481384321 
0.99999997536275464505 0.00000002163724534971 0.00000000099999999994 0.00000000099999999994 0.00000000099999999994 
0.45615026236789785186 0.21110774270953666654 0.00321673955863305489 0.22858881124671642793 0.10093644411721595933 
0.00000000100000000000 0.19545278624447764981 0.02233940351586029618 0.24104011774180095218 0.54116769149786114745 
0.00000000099999999983 0.00000000099999999983 0.00000000099999999983 0.99999999600000000211 0.00000000099999999983 
0.00001868270809480466 0.50584240281709014209 0.00000000099999999998 0.49413891247481500635 0.00000000099999999998 
0.00000000099999999984 0.99999999600000011313 0.00000000099999999984 0.00000000099999999984 0.00000000099999999984 
0.97889973770952598553 0.02110025929047415136 0.00000000099999999995 0.00000000099999999995 0.00000000099999999995 
0.00000000099999999989 0.00000000099999999989 0.00000000099999999989 0.99999999599999989108 0.00000000099999999989 
0.00000000099999999998 0.05052034125939568882 0.84336655598942078527 0.00000000099999999998 0.10611310075118357554 
0.97481681619324811461 0.02518318080675186615 0.00000000099999999995 0.00000000099999999995 0.00000000099999999995 
0.99983224308094897914 0.00016775391905103466 0.00000000099999999996 0.00000000099999999996 0.00000000099999999996 
0.00000000099999999995 0.99999999600000011313 0.00000000099999999995 0.00000000099999999995 0.00000000099999999995 
0.00000000099999999999 0.02639340226438721335 0.94741620404291360114 0.00720178730082501970 0.01898860539187412558 
0.00000000099999999997 0.00000000099999999997 0.93607704278069758796 0.00000000099999999997 0.06392295421930228871 
0.99999990988213505183 0.00000008711786489762 0.00000000099999999999 0.00000000099999999999 0.00000000099999999999 
0.88969167029536588842 0.00000000100000000000 0.00000000100000000000 0.02635700134335666744 0.08395132636127754233 
0.93375394576757320131 0.03565585814631298117 0.00000000099999999997 0.03059019408611374571 0.00000000099999999997 
0.00005202288994058297 0.06956669635616971603 0.91404041375737599129 0.00000000099999999999 0.01634086599651364199 
0.00000000099999999999 0.00000000099999999999 0.00094535810740887334 0.71306376295438689272 0.28599087693820435252 
0.00000000100000000000 0.01293507418636751644 0.85117191024130278709 0.01611362411159070543 0.11977939046073901586 
0.99999999600000000211 0.00000000099999999996 0.00000000099999999996 0.00000000099999999996 0.00000000099999999996 
0.00000000099999999990 0.00000000099999999990 0.00000000099999999990 0.99999999599999989108 0.00000000099999999990 
0.01958488024777149672 0.00000000100000000000 0.03115183291214124531 0.71110221188798616865 0.23816107395210112108 
0.99999999600000011313 0.00000000099999999996 0.00000000099999999996 0.00000000099999999996 0.00000000099999999996 
0.99916647091849108975 0.00000000099999999994 0.00000000099999999994 0.00083352608150900258 0.00000000099999999994 
0.95762094887810145227 0.04237904812189857012 0.00000000099999999996 0.00000000099999999996 0.00000000099999999996 
0.00000000099999999994 0.00000000099999999994 0.00000000099999999994 0.00000000099999999994 0.99999999600000000211 
0.08760347989818081937 0.00211497189836881618 0.07387199650018902441 0.00000000100000000000 0.83640955070326128418 
0.00000000099999999994 0.99999999600000000211 0.00000000099999999994 0.00000000099999999994 0.00000000099999999994 
0.00000000099999999998 0.48208265893961971260 0.51048298469008379641 0.00000000099999999998 0.00743435437029653021 
0.00000000099999999992 0.00000000099999999992 0.00000000099999999992 0.00000000099999999992 0.99999999599999989108 
0.98771027132097444223 0.01228972567902561833 0.00000000099999999998 0.00000000099999999998 0.00000000099999999998 
0.00000000099999999992 0.00000000099999999992 0.00000000099999999992 0.00000000099999999992 0.99999999599999989108 
0.00000000099999999994 0.00000000099999999994 0.00000000099999999994 0.00000000099999999994 0.99999999599999989108 
0.00000000099999999992 0.00000000099999999992 0.00000000099999999992 0.00000000099999999992 0.99999999600000000211 
0.00000000099999999999 0.00817918771306891910 0.86621263472171761144 0.00000000099999999999 0.12560817556521358673 
0.00000000099999999989 0.00000000099999999989 0.00000000099999999989 0.00000000099999999989 0.99999999600000000211 
0.00000000099999999992 0.00000000099999999992 0.00474555445413235664 0.00000000099999999992 0.99525444254586770132 
0.51423829513813446024 0.47605734512255976076 0.00000000099999999995 0.00970435773930583209 0.00000000099999999995 
0.00000000100000000000 0.01739803638218132345 0.80710044330975727611 0.01149702061895059753 0.16400449868911087803 
0.00000000099999999998 0.00000000099999999998 0.40515484658582334720 0.00000000099999999998 0.59484515041417662662 
0.00000000099999999995 0.00000000099999999995 0.00000000213234285444 0.00000000099999999995 0.99999999486765711598 
0.00000000099999999997 0.00000000099999999997 0.99999999600000000211 0.00000000099999999997 0.00000000099999999997 
0.00000000099999999994 0.00000000099999999994 0.00052037120270553470 0.00000000099999999994 0.99947962579729454635 
0.00000000099999999995 0.00000000099999999995 0.99999999600000000211 0.00000000099999999995 0.00000000099999999995 
0.00000000099999999996 0.00000000099999999996 0.97267546985280795013 0.00000000099999999996 0.02732452714719215206 
0.00000000099999999996 0.00000000099999999996 0.04099111753366146971 0.00000000099999999996 0.95900887946633850412 
0.00000000099999999993 0.00000000099999999993 0.00000000099999999993 0.00000000099999999993 0.99999999599999989108 
0.07270943372147761763 0.00000000099999999999 0.00000000099999999999 0.92728859028475008053 0.00000197399377223829 
0.00000000099999999996 0.00000000099999999996 0.97107266435678607497 0.00000000099999999996 0.02892733264321391967 
0.00000000099999999998 0.00000000099999999998 0.00002154647384210517 0.01233248832681584431 0.98764596319934205848 
0.00000000099999999991 0.00000000099999999991 0.00000000099999999991 0.99999999599999989108 0.00000000099999999991 
0.99097916678233000098 0.00000000099999999997 0.00000000099999999997 0.00902083021766992427 0.00000000099999999997 
0.00000000099999999997 0.00000000099999999997 0.99999999600000000211 0.00000000099999999997 0.00000000099999999997 
0.00000000099999999995 0.00000000099999999995 0.00000000099999999995 0.99999999600000000211 0.00000000099999999995 
0.00000000099999999993 0.02641193863796512456 0.00000000099999999993 0.97358805836203488049 0.00000000099999999993 
0.04047873910335802322 0.00000000099999999997 0.00000000099999999997 0.95952125789664188815 0.00000000099999999997 
0.00000000099999999994 0.99999999600000011313 0.00000000099999999994 0.00000000099999999994 0.00000000099999999994 
0.00000000099999999995 0.61131847259086369295 0.00000000099999999995 0.38868152440913633638 0.00000000099999999995 
0.01859348883165263047 0.54409246121593202172 0.00000236375335015881 0.29195574981380439938 0.14535593638526070337 
0.00000000099999999994 0.99999999600000011313 0.00000000099999999994 0.00000000099999999994 0.00000000099999999994 
0.99999999600000011313 0.00000000099999999994 0.00000000099999999994 0.00000000099999999994 0.00000000099999999994 
0.00000000099999999991 0.00000000099999999991 0.00000000099999999991 0.99999999600000000211 0.00000000099999999991 
0.00000000099999999993 0.63386678481633784710 0.00000000099999999993 0.36613321218366218224 0.00000000099999999993 
0.00000000099999999994 0.59933411968606331577 0.00000000099999999994 0.40066587731393671357 0.00000000099999999994 
0.07690746757729997884 0.04114194274177637722 0.00000000099999999999 0.88195058768092371437 0.00000000099999999999 
0.16013333920642913721 0.54939141961973103623 0.20376649845223343549 0.08670661973452727100 0.00000212298707905113 
0.79223252318860271082 0.00000001506126993579 0.13538853842787287873 0.07076898301447698270 0.00160994030777750706 
0.00000000099999999994 0.99999999600000000211 0.00000000099999999994 0.00000000099999999994 0.00000000099999999994 
0.01483380981002286117 0.00000000099999999997 0.00000000099999999997 0.98516618718997717163 0.00000000099999999997 
0.99999999600000000211 0.00000000099999999993 0.00000000099999999993 0.00000000099999999993 0.00000000099999999993 
0.93446598423772242459 0.03621035175418855362 0.00000000099999999998 0.02932366200808898815 0.00000000099999999998 
0.00000000099999999993 0.99999999600000000211 0.00000000099999999993 0.00000000099999999993 0.00000000099999999993 
0.98715979376778406618 0.00640295099807726160 0.00000000099999999997 0.00643725323413867068 0.00000000099999999997 
0.00000000099999999995 0.61352230627321335810 0.00000000099999999995 0.38647769072678661573 0.00000000099999999995 
0.00000000099999999999 0.96121932091434125756 0.00000000099999999999 0.00000000099999999999 0.03878067608565879953 
0.07664203315657625026 0.00000000099999999995 0.00000000099999999995 0.92335796384342372356 0.00000000099999999995 
0.01233811081745498674 0.98766188618254502352 0.00000000099999999998 0.00000000099999999998 0.00000000099999999998 
0.93398117414258419178 0.01941503478079424291 0.00000000099999999996 0.04660378907662160453 0.00000000099999999996 
0.00000000099999999992 0.00000000099999999992 0.00000000099999999992 0.00000000099999999992 0.99999999600000000211 
0.00000000099999999986 0.00000000099999999986 0.00000000099999999986 0.00000000099999999986 0.99999999599999989108 
0.00000000099999999997 0.00000000099999999997 0.98086398389584217306 0.00000000099999999997 0.01913601310415788057 
0.00000000099999999995 0.00000000099999999995 0.98081689680243799856 0.00000000099999999995 0.01918310019756198914 
0.00360529649218158067 0.01901806767240126275 0.00001423254111259551 0.93540777199995506219 0.04195463129434955779 
0.00000000099999999998 0.08115370267674892890 0.86062711246252154851 0.00000000099999999998 0.05821918286072953058 
0.00000000099999999996 0.00000000099999999996 0.99999999600000000211 0.00000000099999999996 0.00000000099999999996 
0.02357182035094202571 0.00000000099999999999 0.00000000099999999999 0.85884863099240071893 0.11757954665665719396 
0.10944079564680032901 0.02845798374908106373 0.75687742086274600872 0.00000000100000000000 0.10522379874137258171 
0.00000000099999999990 0.00000000099999999990 0.00000000099999999990 0.00000000099999999990 0.99999999600000000211 
0.01444394857959988183 0.00006313541077486948 0.05366735044238124530 0.81341594363480107521 0.11840962193244287948 
0.90162088234531323483 0.02851094909351292034 0.00000000099999999995 0.06986816656117375568 0.00000000099999999995 
0.00000000099999999991 0.00000000099999999991 0.00000000099999999991 0.99999999599999989108 0.00000000099999999991 
0.00000000099999999992 0.99999999600000011313 0.00000000099999999992 0.00000000099999999992 0.00000000099999999992 
0.99991723474056792842 0.00008276225943217277 0.00000000099999999997 0.00000000099999999997 0.00000000099999999997 
0.00000000099999999997 0.00000000099999999997 0.99999999600000000211 0.00000000099999999997 0.00000000099999999997 
0.00000000150914466504 0.01887907143376469157 0.77695489853943811021 0.16548699468229746690 0.03867903383535514772 
0.00000000099999999999 0.00002269111700577818 0.96545326212920035136 0.00000000099999999999 0.03452404475379381582 
0.00000000099999999997 0.00000000099999999997 0.93274448660845254988 0.00000000099999999997 0.06725551039154750721 
0.00008095571521474900 0.00000000099999999999 0.94249408636403353423 0.00000000099999999999 0.05742495592075182176 
0.00000000099999999994 0.00000000099999999994 0.91961722209770890846 0.00000000099999999994 0.08038277490229107924 
0.97161933277014833621 0.01150537994640332858 0.00000000099999999997 0.01687528528344837617 0.00000000099999999997 
0.00000000099999999996 0.99999999600000011313 0.00000000099999999996 0.00000000099999999996 0.00000000099999999996 
0.99426220915927432387 0.00000823765931414981 0.00000000099999999996 0.00572955118141148766 0.00000000099999999996 
0.99999999600000011313 0.00000000099999999997 0.00000000099999999997 0.00000000099999999997 0.00000000099999999997 
0.00000000099999999991 0.99999999600000011313 0.00000000099999999991 0.00000000099999999991 0.00000000099999999991 
0.00000000099999999987 0.00000000099999999987 0.00000000099999999987 0.99999999599999989108 0.00000000099999999987 
0.00000000099999999991 0.00000000099999999991 0.00000000099999999991 0.99999999599999989108 0.00000000099999999991 
0.99999999600000011313 0.00000000099999999992 0.00000000099999999992 0.00000000099999999992 0.00000000099999999992 
0.99999999600000011313 0.00000000099999999994 0.00000000099999999994 0.00000000099999999994 0.00000000099999999994 
0.99999999600000000211 0.00000000099999999993 0.00000000099999999993 0.00000000099999999993 0.00000000099999999993 
0.00000000099999999992 0.00000000099999999992 0.00000000099999999992 0.99999999600000000211 0.00000000099999999992 
0.04033160054050179133 0.00000000099999999998 0.00000000099999999998 0.95966839645949808535 0.00000000099999999998 
0.99999999600000011313 0.00000000099999999994 0.00000000099999999994 0.00000000099999999994 0.00000000099999999994 
0.00000000099999999993 0.99999999600000011313 0.00000000099999999993 0.00000000099999999993 0.00000000099999999993 
0.88036022369201616389 0.06631907214681281859 0.00000000100000000000 0.05332070216117115041 0.00000000100000000000 
0.00000000099999999987 0.00000000099999999987 0.00000000099999999987 0.99999999600000000211 0.00000000099999999987 
0.99999999600000000211 0.00000000099999999993 0.00000000099999999993 0.00000000099999999993 0.00000000099999999993 
0.00000000099999999999 0.03514314619683182178 0.86725647102485659001 0.00000000099999999999 0.09760038077831172110 
0.01694463939501136135 0.14545233831091858301 0.00000000099999999995 0.83760302029407007751 0.00000000099999999995 
0.07959329593965591698 0.00000000099999999999 0.92039931676130104510 0.00000000099999999999 0.00000738529904310813 
0.00000000099999999989 0.00000000099999999989 0.00000000099999999989 0.99999999599999989108 0.00000000099999999989 
0.99999792068248560817 0.00000207631751443183 0.00000000099999999996 0.00000000099999999996 0.00000000099999999996 
0.99999999600000011313 0.00000000099999999993 0.00000000099999999993 0.00000000099999999993 0.00000000099999999993 
0.00000000099999999990 0.00000000099999999990 0.00000000099999999990 0.99999999599999989108 0.00000000099999999990 
0.99999999600000000211 0.00000000099999999993 0.00000000099999999993 0.00000000099999999993 0.00000000099999999993 
0.64239353664497467200 0.03819821259161394755 0.20796221952552457202 0.06383355791887454500 0.04761247331901220792 
0.00000000099999999992 0.00000000099999999992 0.00000000099999999992 0.99999999600000000211 0.00000000099999999992 
0.99999997796134554306 0.00000000099999999999 0.00000000099999999999 0.00000000099999999999 0.00000001903865463622 
0.00000000099999999997 0.00000000099999999997 0.14040526806308104013 0.00000000099999999997 0.85959472893691890594 
0.00000000099999999999 0.00000000099999999999 0.11558755897929731682 0.71642779461749506176 0.16798464440320756697 
0.00000000099999999994 0.00000000099999999994 0.99999998943728862777 0.00000000099999999994 0.00000000756271127491 
0.00000000099999999996 0.00000000099999999996 0.98943908219742726651 0.00000000099999999996 0.01056091480257273854 
0.00000000099999999997 0.00000000099999999997 0.99999999599999989108 0.00000000099999999997 0.00000000099999999997 
0.00000000099999999997 0.00000000099999999997 0.99882866529987068827 0.00000000099999999997 0.00117133170012929488 
0.00000000099999999999 0.00000000099999999999 0.97381567677638447567 0.00529875349533745488 0.02088556772827798377 
0.08015823958760016910 0.00000000100000000000 0.71841202207309085015 0.02357619388133169736 0.17785354345797735331 
0.00000000099999999995 0.00000000099999999995 0.99999999600000000211 0.00000000099999999995 0.00000000099999999995 
0.00000000099999999989 0.00000000099999999989 0.00000000099999999989 0.99999999600000000211 0.00000000099999999989 
0.00000000099999999999 0.00000000099999999999 0.95143829757695985716 0.00000000099999999999 0.04856169942304016524 
0.00000000099999999998 0.00000000099999999998 0.03281793601052362258 0.73291992613978229620 0.23426213584969421411 
0.00000000099999999997 0.00000000099999999997 0.96072912560972290041 0.00000000099999999997 0.03927087139027713586 
0.00000000099999999992 0.00000000099999999992 0.00000000099999999992 0.00000000099999999992 0.99999999599999989108 
0.99999999600000011313 0.00000000099999999993 0.00000000099999999993 0.00000000099999999993 0.00000000099999999993 
0.00000000099999999990 0.00000000099999999990 0.00000000099999999990 0.00000000099999999990 0.99999999600000000211 
0.00000000099999999992 0.00000000099999999992 0.00000000099999999992 0.00000000099999999992 0.99999999599999989108 
0.01279616200551185641 0.01258122241863269923 0.91637567863976032712 0.00000000642492370983 0.05824693051117141307 
0.00000000099999999998 0.02586568497365729705 0.89940156411833971362 0.00000000099999999998 0.07473274890800300774 
0.00000000099999999994 0.00000000099999999994 0.00000000099999999994 0.00000000099999999994 0.99999999599999989108 
0.00000000099999999992 0.00000000099999999992 0.00000000099999999992 0.00000000099999999992 0.99999999600000000211 
0.00000000099999999997 0.00000000099999999997 0.91808206341882714341 0.00000000099999999997 0.08191793358117291368 
0.99999999600000011313 0.00000000099999999993 0.00000000099999999993 0.00000000099999999993 0.00000000099999999993 
0.00000000099999999999 0.00000000099999999999 0.88870395226818732493 0.02153814594052590875 0.08975789979128664942 
0.00000000099999999991 0.00000000099999999991 0.00000000099999999991 0.00000000099999999991 0.99999999599999989108 
0.00000000099999999999 0.03178680187592593936 0.93756110962179639579 0.00000000099999999999 0.03065208650227779774 
0.00000000099999999998 0.00000000099999999998 0.94068865753400143781 0.00000000099999999998 0.05931133946599854295 
0.00000000099999999993 0.00000000099999999993 0.00000000099999999993 0.00000000099999999993 0.99999999600000000211 
0.99999999600000000211 0.00000000099999999993 0.00000000099999999993 0.00000000099999999993 0.00000000099999999993 
0.00000000099999999996 0.00000000099999999996 0.00000000099999999996 0.00000000099999999996 0.99999999600000000211 
0.00000000099999999999 0.00000000099999999999 0.97570372825619411383 0.00000092768279380300 0.02429534206101207489 
0.00000000100000000000 0.04040985291962158332 0.93245095030720881457 0.00000000100000000000 0.02713919477316964132 
0.00000000099999999997 0.00409744159168391135 0.95485930245729311316 0.00000000099999999997 0.04104325395102296353 
0.99999999600000011313 0.00000000099999999993 0.00000000099999999993 0.00000000099999999993 0.00000000099999999993 
0.00000000099999999998 0.14014054334563635917 0.80048415130325878408 0.00000000099999999998 0.05937530335110483004 
0.00000000099999999998 0.00061177338956347265 0.92758885777661703731 0.00000000099999999998 0.07179936683381947515 
0.00000000099999999995 0.00000000099999999995 0.99999999600000000211 0.00000000099999999995 0.00000000099999999995 
0.00000000099999999999 0.00000000099999999999 0.99996981256938488603 0.00000000099999999999 0.00003018443061497430 
0.02046606793395327681 0.01735688429973818517 0.13845741207113435034 0.00000000099999999999 0.82371963469517417433 
0.86554380325660507101 0.00000000099999999999 0.00000000099999999999 0.00000000099999999999 0.13445619374339501384 
0.00000000099999999999 0.06742585459276581594 0.92241523126123914356 0.00000000099999999999 0.01015891214599509880 
0.00000000099999999987 0.00000000099999999987 0.00000000099999999987 0.00000000099999999987 0.99999999599999989108 
0.00000000099999999999 0.00000000099999999999 0.00042261470182085174 0.00000000099999999999 0.99957738229817905129 
0.00000000099999999999 0.00000000099999999999 0.32762269575128832866 0.05005058069057540665 0.62232672155813628656 
0.39639997134316296012 0.06726369269659404626 0.17793884703474299736 0.00000000100000000000 0.35839748792549996903 
0.00000000099999999993 0.00000000099999999993 0.99999999600000000211 0.00000000099999999993 0.00000000099999999993 
0.40980965326471407995 0.00000079605916689596 0.41342798721193124711 0.08224258062723123486 0.09451898283695654712 
0.00000000099999999998 0.20486084349449298903 0.77034102278923277662 0.00000000099999999998 0.02479813171627412091 
0.00000000099999999999 0.00000000205705387124 0.99999999494294611324 0.00000000099999999999 0.00000000099999999999 
0.35667353105875387875 0.00183281560147852216 0.64149365133976776754 0.00000000099999999999 0.00000000099999999999 
0.02137656029579893674 0.00000000099999999999 0.63521305905940306236 0.00000000099999999999 0.34341037864479800890 
0.00000006544832137135 0.00000000100000000000 0.17343030734078729305 0.81367969258985795022 0.01288993362103342533 
0.00000000099999999991 0.99999999600000011313 0.00000000099999999991 0.00000000099999999991 0.00000000099999999991 
0.00000000099999999998 0.00000000099999999998 0.93586299486388158098 0.00000000099999999998 0.06413700213611844836 
0.00000000099999999993 0.00000000099999999993 0.00000000099999999993 0.00000000099999999993 0.99999999600000000211 
0.00000000099999999995 0.00000000099999999995 0.00000000099999999995 0.00000000099999999995 0.99999999599999989108 
0.00000000099999999992 0.00000000099999999992 0.00000000099999999992 0.00000000099999999992 0.99999999600000000211 
0.00000000099999999998 0.00000000099999999998 0.07666539128598491570 0.67549031521235380904 0.24784429150166131794 
0.00000000659727874322 0.00382037669878335269 0.97251879787144346334 0.00000000100000000000 0.02366081783249450107 
0.00000000099999999995 0.00000000099999999995 0.99603667268390849721 0.00000000099999999995 0.00396332431609143412 
0.00000000099999999998 0.00000000099999999998 0.05784281996862246367 0.00000000099999999998 0.94215717703137746852 
0.00000000099999999998 0.01222001741372034239 0.90386023105292245816 0.00000000099999999998 0.08391974953335738785 
0.00000000099999999991 0.00000000099999999991 0.00000000099999999991 0.00000000099999999991 0.99999999599999989108 
0.00000000099999999998 0.00000000099999999998 0.05071759699199545474 0.73026925849496482357 0.21901314251303971581 
0.00000000099999999993 0.00000000099999999993 0.00000000099999999993 0.00000000099999999993 0.99999999600000000211 
0.00000000099999999995 0.00000000099999999995 0.00000068749600375736 0.00000000099999999995 0.99999930950399618101 
0.00000000099999999998 0.00000000099999999998 0.04989984817455276472 0.70650681904494394558 0.24359333078050310339 
0.00000000099999999999 0.00000000099999999999 0.05048990913663906760 0.66962355410942642209 0.27988653475393443504 
0.00000000099999999998 0.00314044586458276558 0.99685955113541724337 0.00000000099999999998 0.00000000099999999998 
0.00000000099999999988 0.00000000099999999988 0.00000000099999999988 0.00000000099999999988 0.99999999600000000211 
0.00000000099999999999 0.02123550930304236514 0.93747026936164390420 0.00000000099999999999 0.04129421933531381150 
0.00000000099999999990 0.00000000099999999990 0.00000000099999999990 0.00000000099999999990 0.99999999599999989108 
