0.00006883924862928076 0.32429440486872423977 0.00000000099999999999 0.10255320471900723767 0.40922268646235898659 0.00000000099999999999 0.16386086170128022488 0.00000000099999999999 
0.00000000099999999997 0.00000000099999999997 0.71745501409034773133 0.26274862268908982799 0.00000443340668613076 0.00000000099999999997 0.00000000099999999997 0.01979192581387632585 
0.00000000099999999999 0.00001599985009004596 0.54102295141104039811 0.28931123270778236201 0.14785742283274480591 0.02179239019834259064 0.00000000099999999999 0.00000000099999999999 
0.00000000099999999997 0.00000000099999999997 0.65696311023377340632 0.24153797685615313595 0.09659477860587777076 0.00000000099999999997 0.00000000099999999997 0.00490413030419560494 
0.00000000099999999996 0.00000000099999999996 0.87238735981163961775 0.00000000099999999996 0.00000000099999999996 0.00000000099999999996 0.12761263418836038541 0.00000000099999999996 
0.00000000099999999995 0.00000000099999999995 0.77197578472919425874 0.22802420927080574442 0.00000000099999999995 0.00000000099999999995 0.00000000099999999995 0.00000000099999999995 
0.00000000099999999986 0.00000000099999999986 0.00000000099999999986 0.00000000099999999986 0.00000000099999999986 0.97238019745237247449 0.00000000099999999986 0.02761979654762767786 
0.00000000099999999984 0.00000000099999999984 0.00000000099999999984 0.00000000099999999984 0.00000000099999999984 0.00000000099999999984 0.99999999299999997593 0.00000000099999999984 
0.00079974898415333194 0.00000000099999999993 0.94479499513287013013 0.00000000099999999993 0.00000000099999999993 0.00000000099999999993 0.05440525088297668010 0.00000000099999999993 
0.00000000099999999985 0.00000000099999999985 0.00000000099999999985 0.00000000099999999985 0.00000000099999999985 0.99999999299999997593 0.00000000099999999985 0.00000000099999999985 
0.00000000099999999990 0.00000000099999999990 0.00000000099999999990 0.00000000099999999990 0.00000000099999999990 0.99999999300000008695 0.00000000099999999990 0.00000000099999999990 
0.00000000099999999992 0.00000000099999999992 0.00000000099999999992 0.00000000099999999992 0.00000000099999999992 0.99999999299999997593 0.00000000099999999992 0.00000000099999999992 
0.00000000099999999984 0.00000000099999999984 0.00000000099999999984 0.00000000099999999984 0.00000000099999999984 0.00000000099999999984 0.00000000099999999984 0.99999999300000008695 
0.00000000099999999998 0.17068150172097948380 0.00000000099999999998 0.13977587036770436346 0.00000000099999999998 0.54622244324104463065 0.00000000099999999998 0.14332018067027160746 
0.00000000099999999998 0.41132403506972803342 0.00000000099999999998 0.00000000099999999998 0.00000000099999999998 0.00000000099999999998 0.17081277185131940599 0.41786318807895239669 
0.00000000099999999988 0.00000000099999999988 0.00000000099999999988 0.00000000099999999988 0.00000000099999999988 0.99999999300000008695 0.00000000099999999988 0.00000000099999999988 
0.00000000099999999997 0.23747234840298109271 0.00000000099999999997 0.00000000099999999997 0.11858865791773612330 0.44444776021289972290 0.00000000099999999997 0.19949122946638317422 
0.00000000099999999999 0.23891199180505687250 0.00000000099999999999 0.05457712232641531713 0.22218503751091026044 0.00000000099999999999 0.29835344246316336525 0.18597240289445415851 
0.00000000099999999966 0.99999999300000008695 0.00000000099999999966 0.00000000099999999966 0.00000000099999999966 0.00000000099999999966 0.00000000099999999966 0.00000000099999999966 
0.00000000099999999996 0.49514531190219557288 0.00000000099999999996 0.00000000099999999996 0.00000000099999999996 0.00000000099999999996 0.00000000099999999996 0.50485468209780426374 
0.00000000099999999970 0.00000000099999999970 0.00000000099999999970 0.00000000099999999970 0.00000000099999999970 0.00000000099999999970 0.00000000099999999970 0.99999999299999997593 
0.00000000099999999990 0.00000000099999999990 0.00000000099999999990 0.00000000099999999990 0.00000000099999999990 0.97796380167781382653 0.00000000099999999990 0.02203619232218624949 
0.00000000099999999975 0.99999999300000008695 0.00000000099999999975 0.00000000099999999975 0.00000000099999999975 0.00000000099999999975 0.00000000099999999975 0.00000000099999999975 
0.00000000099999999993 0.00000000099999999993 0.00000000099999999993 0.99999999299999997593 0.00000000099999999993 0.00000000099999999993 0.00000000099999999993 0.00000000099999999993 
0.00000000099999999990 0.00000000099999999990 0.00000000099999999990 0.00000000099999999990 0.00000000099999999990 0.97395023042309847305 0.00000000099999999990 0.02604976357690165154 
0.00000000099999999991 0.00000000099999999991 0.00000000099999999991 0.00000000099999999991 0.00000000099999999991 0.99999473051198639606 0.00000000099999999991 0.00000526348801358121 
0.00000000099999999991 0.00000000099999999991 0.00000000099999999991 0.00000000099999999991 0.00000000099999999991 0.00000000099999999991 0.00000000099999999991 0.99999999299999997593 
0.00000000099999999988 0.00000000099999999988 0.00000000099999999988 0.99999999300000008695 0.00000000099999999988 0.00000000099999999988 0.00000000099999999988 0.00000000099999999988 
0.00000000099999999995 0.00000000099999999995 0.62409748284937016649 0.29553573225452434148 0.08036677989610552242 0.00000000099999999995 0.00000000099999999995 0.00000000099999999995 
0.00000000099999999998 0.00000000099999999998 0.00000000099999999998 0.00090718386554712615 0.00000000099999999998 0.99909280930205857096 0.00000000183239422966 0.00000000099999999998 
0.00000000099999999999 0.03060423814364321426 0.00000000099999999999 0.00000000099999999999 0.00000000099999999999 0.88322283213243046873 0.08617292472392619473 0.00000000099999999999 
0.01559520661202780031 0.01651366392885283974 0.00000000099999999994 0.00000000099999999994 0.00000000099999999994 0.93293908677163439602 0.00000000099999999994 0.03495203868748517767 
0.00000000099999999993 0.00000000099999999993 0.00000000099999999993 0.99999999299999997593 0.00000000099999999993 0.00000000099999999993 0.00000000099999999993 0.00000000099999999993 
0.99999999300000019797 0.00000000099999999976 0.00000000099999999976 0.00000000099999999976 0.00000000099999999976 0.00000000099999999976 0.00000000099999999976 0.00000000099999999976 
0.03686502178629139787 0.00000000099999999999 0.84671997748117033833 0.00002506251639958722 0.00000025524977911122 0.00000000099999999999 0.11638966163759258132 0.00000001932876693239 
0.00000000099999999993 0.00084258966151296759 0.00000000099999999993 0.00000000099999999993 0.00000000099999999993 0.99915740433848709845 0.00000000099999999993 0.00000000099999999993 
0.00000000099999999982 0.99999999300000008695 0.00000000099999999982 0.00000000099999999982 0.00000000099999999982 0.00000000099999999982 0.00000000099999999982 0.00000000099999999982 
0.99999999300000019797 0.00000000099999999960 0.00000000099999999960 0.00000000099999999960 0.00000000099999999960 0.00000000099999999960 0.00000000099999999960 0.00000000099999999960 
0.00000000099999999993 0.00000000099999999993 0.00000000099999999993 0.00000000099999999993 0.00000000099999999993 0.99999999300000008695 0.00000000099999999993 0.00000000099999999993 
0.00000000099999999988 0.00786414058112893354 0.00000000099999999988 0.00000000099999999988 0.00000000099999999988 0.99213585341887100544 0.00000000099999999988 0.00000000099999999988 
0.00000000099999999991 0.00000000099999999991 0.00000000099999999991 0.00000000099999999991 0.00000000099999999991 0.95943476436640318106 0.00000000099999999991 0.04056522963359688455 
0.00000000099999999991 0.00000000099999999991 0.00000000099999999991 0.00000000099999999991 0.26052773110438526283 0.00000000099999999991 0.73947226289561462931 0.00000000099999999991 
0.00329959403973300236 0.00000000099999999999 0.00000000099999999999 0.10033320674413424844 0.39255787956615284529 0.08071024388481409795 0.42309907276516567354 0.00000000099999999999 
0.00000000099999999989 0.00000000099999999989 0.00000000099999999989 0.00000000099999999989 0.00000000099999999989 0.00000000099999999989 0.00000000099999999989 0.99999999299999997593 
0.00000000099999999997 0.00000000099999999997 0.49970907404609909985 0.00000001034998064033 0.00527725483676981001 0.00000000099999999997 0.00837102428633213110 0.48664263348081843175 
0.00000000099999999986 0.00000000099999999986 0.00000000099999999986 0.00000000099999999986 0.00000000099999999986 0.00000000099999999986 0.99999999299999986491 0.00000000099999999986 
0.00862324487448890183 0.00000000099999999997 0.00000000099999999997 0.00000000099999999997 0.00000000099999999997 0.98025343369243422842 0.00000000099999999997 0.01112331643307699555 
0.00000000099999999976 0.00000000099999999976 0.00000000099999999976 0.00000000099999999976 0.99999999299999997593 0.00000000099999999976 0.00000000099999999976 0.00000000099999999976 
0.00000000099999999987 0.00000000099999999987 0.00000000099999999987 0.00000000099999999987 0.00000000099999999987 0.00000000099999999987 0.99999999299999986491 0.00000000099999999987 
0.00000000099999999989 0.00000000099999999989 0.00000000099999999989 0.00000000099999999989 0.52577134642174427892 0.00000000099999999989 0.47422864757825572424 0.00000000099999999989 
0.02400568057970539279 0.00000000099999999997 0.82770289899951765555 0.00000000099999999997 0.00000000099999999997 0.00000000099999999997 0.14829141542077689531 0.00000000099999999997 
0.00000000099999999985 0.00000000099999999985 0.00000000099999999985 0.00000000099999999985 0.45189344115831858728 0.00000000099999999985 0.54810655284168141588 0.00000000099999999985 
0.00000000099999999989 0.00000000099999999989 0.00000000099999999989 0.00000000099999999989 0.60238997668977001254 0.00000000099999999989 0.39761001731022999062 0.00000000099999999989 
0.00016161472603063947 0.00023304495233940497 0.00000000099999999990 0.00000000099999999990 0.00000000099999999990 0.51832277425215367295 0.00000000099999999990 0.48128256206947617191 
0.00000000099999999999 0.00000000099999999999 0.32128905873747304334 0.52128521972775243576 0.00000000099999999999 0.00000000099999999999 0.15742562731210357763 0.00000009022267109191 
0.00000000099999999997 0.00000000099999999997 0.00000000099999999997 0.43855767478380575097 0.14822940502819631492 0.00000000099999999997 0.41321291518799790898 0.00000000099999999997 
0.00000000099999999988 0.00000000099999999988 0.00000000099999999988 0.00000000099999999988 0.00000000099999999988 0.00000000099999999988 0.99999999299999997593 0.00000000099999999988 
0.00421458867336443020 0.00000000099999999996 0.64563736659527182216 0.35014803973136376936 0.00000000099999999996 0.00000000099999999996 0.00000000099999999996 0.00000000099999999996 
0.00000000099999999992 0.00000000099999999992 0.00000000099999999992 0.00000001970241470169 0.30277807873371154201 0.00000000099999999992 0.69722189656387367762 0.00000000099999999992 
0.00000000099999999991 0.00000000099999999991 0.99999999299999997593 0.00000000099999999991 0.00000000099999999991 0.00000000099999999991 0.00000000099999999991 0.00000000099999999991 
0.00000000099999999983 0.00000000099999999983 0.00000000099999999983 0.99999999300000008695 0.00000000099999999983 0.00000000099999999983 0.00000000099999999983 0.00000000099999999983 
0.00000000099999999994 0.00000000099999999994 0.00000000099999999994 0.01278545126032546060 0.50308405672414358012 0.00000000099999999994 0.48413048701553096365 0.00000000099999999994 
0.00000000099999999990 0.00000000099999999990 0.00000000099999999990 0.00000000099999999990 0.44676314339564160427 0.00000000099999999990 0.55323685060435834338 0.00000000099999999990 
0.00000000099999999998 0.92204467866954997746 0.00416868488089433813 0.00000000099999999998 0.00000000099999999998 0.07378663144955591169 0.00000000099999999998 0.00000000099999999998 
0.00000000099999999994 0.00000000099999999994 0.48976612077726333627 0.48157278470549080840 0.00030146990567973754 0.00000000099999999994 0.02835962061156604985 0.00000000099999999994 
0.00491095801008417134 0.00000000099999999997 0.00000000099999999997 0.00000000099999999997 0.56949959121820503682 0.00000000099999999997 0.42558944577171070600 0.00000000099999999997 
0.00000000099999999982 0.99999999300000008695 0.00000000099999999982 0.00000000099999999982 0.00000000099999999982 0.00000000099999999982 0.00000000099999999982 0.00000000099999999982 
0.00907765545862678803 0.00000000099999999994 0.00000000099999999994 0.00000000099999999994 0.00000000099999999994 0.99092233854137334870 0.00000000099999999994 0.00000000099999999994 
0.00000000099999999992 0.00000000099999999992 0.99999999299999997593 0.00000000099999999992 0.00000000099999999992 0.00000000099999999992 0.00000000099999999992 0.00000000099999999992 
0.00000000099999999990 0.99999999300000008695 0.00000000099999999990 0.00000000099999999990 0.00000000099999999990 0.00000000099999999990 0.00000000099999999990 0.00000000099999999990 
0.00000000099999999986 0.99993791673528176212 0.00000000099999999986 0.00000000099999999986 0.00000000099999999986 0.00000000099999999986 0.00000000099999999986 0.00006207726471850177 
0.00000000099999999994 0.97794645469434371421 0.00000000099999999994 0.00000000099999999994 0.00000000099999999994 0.02205353930565651446 0.00000000099999999994 0.00000000099999999994 
0.00000000099999999988 0.00000000099999999988 0.00000000099999999988 0.00000000099999999988 0.00000000099999999988 0.00000000099999999988 0.00000000099999999988 0.99999999299999997593 
0.00336466070594012429 0.37626917633254475248 0.00000000099999999992 0.00000000099999999992 0.00000000099999999992 0.00000000099999999992 0.00000000099999999992 0.62036615796151506341 
0.02263913831728446915 0.27296431256246184160 0.00000000099999999999 0.00000000099999999999 0.14794696781701838217 0.02332614443824004152 0.00000000099999999999 0.53312343386499527753 
0.00000000099999999990 0.00000000099999999990 0.00000000099999999990 0.00000000099999999990 0.00000000099999999990 0.00000000099999999990 0.00000000099999999990 0.99999999299999997593 
0.00000000099999999989 0.00000000099999999989 0.00000000099999999989 0.00000000099999999989 0.00000000099999999989 0.99999999299999997593 0.00000000099999999989 0.00000000099999999989 
0.00000000099999999981 0.99999999300000019797 0.00000000099999999981 0.00000000099999999981 0.00000000099999999981 0.00000000099999999981 0.00000000099999999981 0.00000000099999999981 
0.01727725265014902131 0.34086562716062784872 0.00000000099999999986 0.00000000099999999986 0.00000000099999999986 0.00000000099999999986 0.00000000099999999986 0.64185711518922305974 
0.02425683740902613919 0.37315672554567325125 0.00000000099999999989 0.00000000099999999989 0.00000000099999999989 0.00000000099999999989 0.00000000099999999989 0.60258643204530049076 
0.03630978513527802209 0.85038786835796875696 0.00000000099999999998 0.00630060496131399240 0.00000000099999999998 0.07101870110153507554 0.00000000099999999998 0.03598303744390426301 
0.00582297742001646780 0.07481957220549995125 0.20584004446772274921 0.00000000100000000000 0.00000000100000000000 0.16131089194700259926 0.00000000100000000000 0.55220651095975814560 
0.00000000099999999998 0.06399450876066241356 0.00000000099999999998 0.15800367642015178404 0.00000000099999999998 0.77800180981918587442 0.00000000099999999998 0.00000000099999999998 
0.00000000099999999989 0.00000000099999999989 0.00000000099999999989 0.00000000099999999989 0.00000000099999999989 0.00000000099999999989 0.00000000099999999989 0.99999999300000008695 
0.00907538665236957802 0.99092460734763054830 0.00000000099999999995 0.00000000099999999995 0.00000000099999999995 0.00000000099999999995 0.00000000099999999995 0.00000000099999999995 
0.00000000099999999987 0.00000000099999999987 0.00000000099999999987 0.00000000099999999987 0.00000000099999999987 0.99999999300000008695 0.00000000099999999987 0.00000000099999999987 
0.00000000099999999995 0.03549103990810256043 0.00000000099999999995 0.00000000099999999995 0.00000000099999999995 0.93093509660721973642 0.00000000099999999995 0.03357385848467785150 
0.00000000099999999986 0.00000000099999999986 0.00000000099999999986 0.00000000099999999986 0.00000000099999999986 0.00000000099999999986 0.00000000099999999986 0.99999999300000008695 
0.00000000099999999993 0.01223550919621410778 0.00000000099999999993 0.00000000099999999993 0.00000000099999999993 0.98443149040065980326 0.00000000099999999993 0.00333299540312612412 
0.01024275433546288118 0.36714764533989074913 0.00000000099999999991 0.00000000099999999991 0.00000000099999999991 0.00000000099999999991 0.00000000099999999991 0.62260959532464632549 
0.00000000099999999997 0.00000000099999999997 0.00000000099999999997 0.00000000099999999997 0.04494419824873165797 0.00000000099999999997 0.00000000099999999997 0.95505579575126819947 
0.00000000099999999989 0.93231010595664753904 0.00000000099999999989 0.00000000099999999989 0.00000000099999999989 0.06768988804335263065 0.00000000099999999989 0.00000000099999999989 
0.00000000099999999996 0.00000000099999999996 0.00000000099999999996 0.00000000099999999996 0.00000000099999999996 0.01393400493441744083 0.00000000099999999996 0.98606598906558262652 
0.00000000099999999992 0.04913008071080143813 0.00000000099999999992 0.00000000099999999992 0.00000000099999999992 0.93335169467470191496 0.00000000099999999992 0.01751821961449657322 
0.00000000099999999986 0.00000000099999999986 0.00000000099999999986 0.00000000099999999986 0.00000000099999999986 0.00000000099999999986 0.99999999299999986491 0.00000000099999999986 
0.00000000099999999978 0.00000000099999999978 0.00000000099999999978 0.00000000099999999978 0.00000000099999999978 0.00000000099999999978 0.99999999299999997593 0.00000000099999999978 
0.02551465881219017184 0.00000000099999999996 0.66591755239422045776 0.28615650615526316836 0.00000000099999999996 0.00000000099999999996 0.02241127863832623884 0.00000000099999999996 
0.00000000099999999992 0.00000000099999999992 0.36344759524105291204 0.62122420753576979013 0.00000000099999999992 0.00000000099999999992 0.01532819222317745485 0.00000000099999999992 
0.04733798131441156742 0.90707234038740747195 0.00648648875831119454 0.00000000099999999999 0.00000000099999999999 0.00000984071766997779 0.03426380048011360563 0.00482954634208637192 
0.00000000099999999996 0.00000000099999999996 0.35022313685552469709 0.51286830807251260200 0.00000000099999999996 0.00000000099999999996 0.06712841387935006288 0.06978013719261264014 
0.00000000099999999995 0.00000000099999999995 0.58529299937074374949 0.38859154859259398274 0.02611544703666220796 0.00000000099999999995 0.00000000099999999995 0.00000000099999999995 
0.00000000099999999997 0.85619192200415350502 0.00000000099999999997 0.00000000099999999997 0.13674473809905257626 0.00706333489679396905 0.00000000099999999997 0.00000000099999999997 
0.01936057669331357756 0.00000000099999999999 0.38841480786322513108 0.34341642200140626295 0.12697271600334253394 0.10006848530683992715 0.00000000099999999999 0.02176699013187272103 
0.00000000099999999974 0.00000000099999999974 0.00000000099999999974 0.00000000099999999974 0.99999999300000008695 0.00000000099999999974 0.00000000099999999974 0.00000000099999999974 
0.00000000099999999998 0.82219310964014402643 0.00000000099999999998 0.01574469452693617183 0.16206219083291992233 0.00000000099999999998 0.00000000099999999998 0.00000000099999999998 
0.00000000099999999988 0.08529707089953031396 0.00000000099999999988 0.00000000099999999988 0.00000000099999999988 0.89255725961884890829 0.00000000099999999988 0.02214566448162089488 
0.00000000099999999982 0.99999999300000019797 0.00000000099999999982 0.00000000099999999982 0.00000000099999999982 0.00000000099999999982 0.00000000099999999982 0.00000000099999999982 
0.00000000099999999985 0.00000000099999999985 0.00000000099999999985 0.00000000099999999985 0.00000000099999999985 0.00000000099999999985 0.00000000099999999985 0.99999999300000008695 
0.00000000099999999994 0.00000000099999999994 0.00000000099999999994 0.00000000099999999994 0.00000000099999999994 0.99999573142812880899 0.00000000099999999994 0.00000426257187121712 
0.00000000099999999994 0.00000000099999999994 0.99999998150425783994 0.00000000099999999994 0.00000000099999999994 0.00000000099999999994 0.00000001249574216333 0.00000000099999999994 
0.00000000100000000000 0.17090496882451708394 0.46694124541175868748 0.31520962512647532350 0.04550225314119220321 0.00000000100000000000 0.00140170308524409544 0.00004020241081244321 
0.00000000099999999995 0.00000000099999999995 0.95001106484327579871 0.00000000099999999995 0.04998892915672409343 0.00000000099999999995 0.00000000099999999995 0.00000000099999999995 
0.00000000099999999994 0.00000000099999999994 0.44757113443708967937 0.47323638652703425844 0.00000000099999999994 0.00000000099999999994 0.07919247403587612033 0.00000000099999999994 
0.00000000099999999998 0.00000000099999999998 0.53390565104595921753 0.41003367695590897668 0.00000000099999999998 0.00000000099999999998 0.05606066699813182924 0.00000000099999999998 
0.00000000099999999989 0.00000000099999999989 0.89487905973813042237 0.00000000099999999989 0.00000000099999999989 0.00000000099999999989 0.10512093426186948364 0.00000000099999999989 
0.00000000099999999993 0.02502701425822092748 0.00000000099999999993 0.00000000099999999993 0.00000000099999999993 0.96749757874102459976 0.00000000099999999993 0.00747540200075455172 
0.00000000099999999993 0.00000000099999999993 0.00000000099999999993 0.00000000099999999993 0.00000000099999999993 0.00000000099999999993 0.00000000099999999993 0.99999999300000008695 
0.00000000099999999992 0.01463568950311732592 0.00000000099999999992 0.00000000099999999992 0.00000000099999999992 0.98536427776546464674 0.00000000099999999992 0.00000002773141801368 
0.00000000099999999995 0.00000000099999999995 0.00000000099999999995 0.00000000099999999995 0.00000000099999999995 0.99999999299999997593 0.00000000099999999995 0.00000000099999999995 
0.00000000099999999983 0.00000000099999999983 0.00000000099999999983 0.00000000099999999983 0.00000000099999999983 0.00000000099999999983 0.00000000099999999983 0.99999999299999997593 
0.00000000099999999975 0.99999999300000008695 0.00000000099999999975 0.00000000099999999975 0.00000000099999999975 0.00000000099999999975 0.00000000099999999975 0.00000000099999999975 
0.00000000099999999983 0.99999999300000019797 0.00000000099999999983 0.00000000099999999983 0.00000000099999999983 0.00000000099999999983 0.00000000099999999983 0.00000000099999999983 
0.00000000099999999984 0.00000000099999999984 0.00000000099999999984 0.00000000099999999984 0.00000000099999999984 0.99999999299999997593 0.00000000099999999984 0.00000000099999999984 
0.00000000099999999989 0.00000000099999999989 0.00000000099999999989 0.00000000099999999989 0.00000000099999999989 0.99999999300000008695 0.00000000099999999989 0.00000000099999999989 
0.00000000099999999986 0.00000000099999999986 0.00000000099999999986 0.00000000099999999986 0.00000000099999999986 0.99999999299999997593 0.00000000099999999986 0.00000000099999999986 
0.00000000099999999984 0.99999999300000008695 0.00000000099999999984 0.00000000099999999984 0.00000000099999999984 0.00000000099999999984 0.00000000099999999984 0.00000000099999999984 
0.00000000099999999995 0.96139319501199094198 0.00000000099999999995 0.00000000099999999995 0.00000000099999999995 0.03860679898800917914 0.00000000099999999995 0.00000000099999999995 
0.00000000099999999987 0.00000000099999999987 0.00000000099999999987 0.00000000099999999987 0.00000000099999999987 0.99999999299999997593 0.00000000099999999987 0.00000000099999999987 
0.00000000099999999986 0.00000000099999999986 0.00000000099999999986 0.00000000099999999986 0.00000000099999999986 0.00000000099999999986 0.00000000099999999986 0.99999999299999997593 
0.03374342810929879810 0.03085551977833180665 0.00000000099999999997 0.00000000099999999997 0.00000000099999999997 0.87797792978274191711 0.00000000099999999997 0.05742311832962763291 
0.00000000099999999978 0.99999999300000008695 0.00000000099999999978 0.00000000099999999978 0.00000000099999999978 0.00000000099999999978 0.00000000099999999978 0.00000000099999999978 
0.00000000099999999986 0.00000000099999999986 0.00000000099999999986 0.00000000099999999986 0.00000000099999999986 0.99999999299999997593 0.00000000099999999986 0.00000000099999999986 
0.01121113962444136337 0.00000000099999999998 0.27917481623978318561 0.60008769078287171883 0.00000000099999999998 0.00000000099999999998 0.09630479316869564044 0.01322155718420821996 
0.00000000099999999991 0.83375233233583712078 0.00000000099999999991 0.00000000099999999991 0.00000000099999999991 0.00803397057279793027 0.00000000099999999991 0.15821369209136501577 
0.01229117194568564442 0.00000000099999999998 0.51783084770435028332 0.39435953183831018443 0.00000000099999999998 0.07066371084780569134 0.00485473466384828568 0.00000000099999999998 
0.00000000099999999977 0.99999999300000019797 0.00000000099999999977 0.00000000099999999977 0.00000000099999999977 0.00000000099999999977 0.00000000099999999977 0.00000000099999999977 
0.00000000099999999991 0.00000000099999999991 0.00000000099999999991 0.00000000099999999991 0.00000000099999999991 0.99999999268501449379 0.00000000099999999991 0.00000000131498562126 
0.00000000099999999986 0.00000000099999999986 0.00000000099999999986 0.00000000099999999986 0.00000000099999999986 0.99999999300000008695 0.00000000099999999986 0.00000000099999999986 
0.00000000099999999982 0.99999999300000008695 0.00000000099999999982 0.00000000099999999982 0.00000000099999999982 0.00000000099999999982 0.00000000099999999982 0.00000000099999999982 
0.00000000099999999987 0.00000000099999999987 0.00000000099999999987 0.00000000099999999987 0.00000000099999999987 0.99999999299999997593 0.00000000099999999987 0.00000000099999999987 
0.06672275596381459228 0.01231573350025991394 0.18480229490646252200 0.00000000100000000000 0.05048924139339791561 0.64431974786825230161 0.00000000100000000000 0.04135022436781287530 
0.00000000099999999986 0.99999999300000008695 0.00000000099999999986 0.00000000099999999986 0.00000000099999999986 0.00000000099999999986 0.00000000099999999986 0.00000000099999999986 
0.00000000099999999998 0.00000893023376279407 0.00000000099999999998 0.00000000099999999998 0.00000000099999999998 0.99863962590569366196 0.00135143886054348754 0.00000000099999999998 
0.00000000099999999994 0.00000000099999999994 0.00000000099999999994 0.13202313666836443251 0.55782168270079124373 0.00000000099999999994 0.31015517563084427088 0.00000000099999999994 
0.99999999300000019797 0.00000000099999999955 0.00000000099999999955 0.00000000099999999955 0.00000000099999999955 0.00000000099999999955 0.00000000099999999955 0.00000000099999999955 
0.00000000099999999992 0.00000000099999999992 0.99990270746132559054 0.00000000099999999992 0.00009728653867450716 0.00000000099999999992 0.00000000099999999992 0.00000000099999999992 
0.00000000099999999992 0.00000000099999999992 0.98336016094610767535 0.00000000099999999992 0.00000000099999999992 0.00000000099999999992 0.01663983305389238332 0.00000000099999999992 
0.00000000099999999994 0.00000000099999999994 0.99999999300000008695 0.00000000099999999994 0.00000000099999999994 0.00000000099999999994 0.00000000099999999994 0.00000000099999999994 
0.00000000099999999995 0.00000000099999999995 0.53408209045889765143 0.46586938754637735594 0.00000000099999999995 0.00000000099999999995 0.00004851699472508978 0.00000000099999999995 
0.00000000099999999986 0.00000000099999999986 0.00000000099999999986 0.99999999300000008695 0.00000000099999999986 0.00000000099999999986 0.00000000099999999986 0.00000000099999999986 
0.00234083934803146817 0.02107412931002628984 0.55235540770503677166 0.15198952310518099029 0.00000000100000000000 0.08067663739896215047 0.19156346113276223608 0.00000000100000000000 
0.00000000099999999993 0.00000000099999999993 0.77999513707601453305 0.22000485692398549786 0.00000000099999999993 0.00000000099999999993 0.00000000099999999993 0.00000000099999999993 
0.00000000099999999976 0.99999999300000008695 0.00000000099999999976 0.00000000099999999976 0.00000000099999999976 0.00000000099999999976 0.00000000099999999976 0.00000000099999999976 
0.01556889279810495449 0.00000000099999999997 0.94004856756361698800 0.00000000099999999997 0.00000000675519503609 0.00000000099999999997 0.04438252888308300004 0.00000000099999999997 
0.99999999300000019797 0.00000000099999999958 0.00000000099999999958 0.00000000099999999958 0.00000000099999999958 0.00000000099999999958 0.00000000099999999958 0.00000000099999999958 
0.00000000099999999995 0.00000000099999999995 0.51977895423094633287 0.44640671413931704015 0.03335263157705971315 0.00000000099999999995 0.00046169605267669156 0.00000000099999999995 
0.00000000099999999984 0.00000000099999999984 0.00000000099999999984 0.00000000099999999984 0.00000000099999999984 0.00000000099999999984 0.99999999299999997593 0.00000000099999999984 
0.00000000099999999986 0.00000000099999999986 0.00000000099999999986 0.00000000099999999986 0.00000000099999999986 0.99999999300000008695 0.00000000099999999986 0.00000000099999999986 
0.00000000099999999986 0.00000000099999999986 0.00000000099999999986 0.00000000099999999986 0.42820501592366827515 0.00000000099999999986 0.57179497807633161699 0.00000000099999999986 
0.00000000099999999989 0.00000000099999999989 0.00000000099999999989 0.00000000099999999989 0.40752859272094049681 0.00000000099999999989 0.59247140127905939533 0.00000000099999999989 
0.00000000099999999998 0.00000000099999999998 0.29684329829267008805 0.63237999217981089028 0.07077670452751903818 0.00000000099999999998 0.00000000099999999998 0.00000000099999999998 
0.00000000099999999997 0.00000000099999999997 0.60248043788099758800 0.28277235305253661801 0.00000000099999999997 0.00000000099999999997 0.09308426739180789000 0.02166293767465792691 
0.00000000099999999985 0.00000000099999999985 0.00000000099999999985 0.00000000099999999985 0.00000000099999999985 0.00000000099999999985 0.99999999299999997593 0.00000000099999999985 
0.00000000099999999978 0.00000000099999999978 0.00000000099999999978 0.00000000099999999978 0.99999999300000008695 0.00000000099999999978 0.00000000099999999978 0.00000000099999999978 
0.00000000099999999992 0.00000000099999999992 0.92267805857616091991 0.00000000099999999992 0.00000000099999999992 0.00000000099999999992 0.07732193542383912488 0.00000000099999999992 
0.00000000099999999986 0.00000000099999999986 0.00000000099999999986 0.00000000099999999986 0.00000000099999999986 0.99999999300000008695 0.00000000099999999986 0.00000000099999999986 
0.00544824374624119749 0.01367892736267290084 0.63059057933700823906 0.23900047165132487503 0.11128177490275283079 0.00000000099999999999 0.00000000099999999999 0.00000000099999999999 
0.00000000099999999984 0.00000000099999999984 0.00000000099999999984 0.00000000099999999984 0.00000000099999999984 0.00000000099999999984 0.99999999299999997593 0.00000000099999999984 
0.00000000099999999998 0.00000000099999999998 0.92197664917784483141 0.00000000099999999998 0.00000000099999999998 0.00000000099999999998 0.04568078286264975335 0.03234256295950526522 
0.00000000099999999996 0.00000000099999999996 0.92931569278632841780 0.00000000514306051455 0.00000000099999999996 0.00000000099999999996 0.07068429707061103795 0.00000000099999999996 
0.00000000099999999986 0.00000000099999999986 0.00000000099999999986 0.00000000099999999986 0.00000000099999999986 0.00000000099999999986 0.99999999299999986491 0.00000000099999999986 
0.00000000099999999988 0.00000000099999999988 0.00000000099999999988 0.00000000099999999988 0.00000000099999999988 0.99999999300000008695 0.00000000099999999988 0.00000000099999999988 
0.00000000099999999994 0.00000000099999999994 0.00000000099999999994 0.00000000099999999994 0.22034339672895861262 0.00000000099999999994 0.77965659727104141830 0.00000000099999999994 
0.00000000099999999997 0.00000000099999999997 0.55222493353113988324 0.42909612571347410803 0.00000000099999999997 0.00000000099999999997 0.01867893575538595585 0.00000000099999999997 
0.00000000099999999992 0.00000000099999999992 0.00000000099999999992 0.99999999299999997593 0.00000000099999999992 0.00000000099999999992 0.00000000099999999992 0.00000000099999999992 
0.00000000099999999985 0.00000000099999999985 0.00000000099999999985 0.99999999299999997593 0.00000000099999999985 0.00000000099999999985 0.00000000099999999985 0.00000000099999999985 
0.00000000099999999986 0.00000000099999999986 0.00000000099999999986 0.00000000099999999986 0.00000000099999999986 0.99999999299999997593 0.00000000099999999986 0.00000000099999999986 
0.00000000099999999997 0.00000000099999999997 0.77379708071167185857 0.00000000099999999997 0.00000000099999999997 0.00000000099999999997 0.08159400010692113847 0.14460891418140695008 
0.00000000099999999988 0.00000000099999999988 0.00000000099999999988 0.99999999300000008695 0.00000000099999999988 0.00000000099999999988 0.00000000099999999988 0.00000000099999999988 
0.00000000099999999992 0.00000000099999999992 0.54929020670772532586 0.45070978729227467730 0.00000000099999999992 0.00000000099999999992 0.00000000099999999992 0.00000000099999999992 
0.02248691771707979695 0.00000000099999999998 0.97748015922998865435 0.00000000099999999998 0.00003291805293166483 0.00000000099999999998 0.00000000099999999998 0.00000000099999999998 
0.00000000099999999998 0.00000000099999999998 0.11357360189848030030 0.00006476053553743132 0.48158067278859961746 0.00000000099999999998 0.38629791735448137935 0.01848304442290142971 
0.00000000099999999999 0.00000000099999999999 0.00000000099999999999 0.00000000099999999999 0.00000000099999999999 0.86405358536365484134 0.13594640863634521732 0.00000000099999999999 
0.00000000099999999998 0.00000000099999999998 0.80334401048087911157 0.08728183122318614040 0.04622356881359673819 0.00000000099999999998 0.00000000099999999998 0.06315058548233803970 
0.00000000099999999970 0.00000000099999999970 0.00000000099999999970 0.00000000099999999970 0.99999999299999997593 0.00000000099999999970 0.00000000099999999970 0.00000000099999999970 
0.00000000099999999997 0.00000000099999999997 0.00000001020936523934 0.00000000099999999997 0.43286739625151970934 0.00000000099999999997 0.56713258853911485691 0.00000000099999999997 
0.00000000099999999998 0.04917977877266893616 0.05392648992802128588 0.25757915859213681431 0.37060561072444797581 0.00000000099999999998 0.26870895898272495472 0.00000000099999999998 
0.00000000099999999998 0.00000000099999999998 0.07713016979319639588 0.00000000099999999998 0.46001957607391658067 0.39434467885467172632 0.00000000099999999998 0.06850557127821522985 
0.00000000099999999980 0.00000000099999999980 0.00000000099999999980 0.99999999300000008695 0.00000000099999999980 0.00000000099999999980 0.00000000099999999980 0.00000000099999999980 
0.02605133325821532009 0.05671352702890753578 0.03850515924257029432 0.39373999645770030309 0.00003764449113432702 0.40615974708222635225 0.07879226635185199168 0.00000032608739388256 
0.00000000099999999998 0.00000000099999999998 0.42842393803974576638 0.32357816868842409486 0.00000000099999999998 0.00000000099999999998 0.04627339409899566131 0.20172449517283450038 
0.00000000099999999993 0.00000000099999999993 0.00000000099999999993 0.99999999300000008695 0.00000000099999999993 0.00000000099999999993 0.00000000099999999993 0.00000000099999999993 
0.00000000099999999999 0.00000000099999999999 0.33298221869103100667 0.30520966889902512165 0.00907712070924912226 0.35256184966842818440 0.00000000099999999999 0.00016913903226668131 
0.00000000099999999996 0.00000000099999999996 0.49631623698081828167 0.00003487611134636911 0.50364888190783552169 0.00000000099999999996 0.00000000099999999996 0.00000000099999999996 
0.00000000099999999998 0.80836707994490297757 0.18041485892258640744 0.00000000099999999998 0.01121805613251064884 0.00000000099999999998 0.00000000099999999998 0.00000000099999999998 
0.00000000099999999985 0.00000000099999999985 0.00000000099999999985 0.00000000099999999985 0.00000000099999999985 0.00000000099999999985 0.00000000099999999985 0.99999999299999997593 
0.00000000099999999994 0.00000000099999999994 0.87918088921020964843 0.00000000099999999994 0.12081910478979042411 0.00000000099999999994 0.00000000099999999994 0.00000000099999999994 
0.00000000099999999990 0.00000000099999999990 0.00000000099999999990 0.00000000099999999990 0.45693985107116619204 0.00000000099999999990 0.54306014292883375560 0.00000000099999999990 
0.00000000099999999993 0.00000000099999999993 0.00000000099999999993 0.00000000099999999993 0.25290802082444241439 0.00000000099999999993 0.74709197317555753326 0.00000000099999999993 
0.00000000099999999985 0.00000000099999999985 0.00000000099999999985 0.00000000099999999985 0.00000000099999999985 0.00000000099999999985 0.99999999299999997593 0.00000000099999999985 
0.99999999300000019797 0.00000000099999999984 0.00000000099999999984 0.00000000099999999984 0.00000000099999999984 0.00000000099999999984 0.00000000099999999984 0.00000000099999999984 
0.00000000099999999997 0.00000000099999999997 0.92817344290987191524 0.00000000099999999997 0.07182655109012807404 0.00000000099999999997 0.00000000099999999997 0.00000000099999999997 
0.00000000099999999991 0.00000000099999999991 0.96240069442734832439 0.00000000099999999991 0.00000000099999999991 0.00000000099999999991 0.03759929957265157469 0.00000000099999999991 
0.01650634703093485298 0.00000000099999999996 0.04312995829529175235 0.00000000099999999996 0.38251345400104469485 0.00000000099999999996 0.55785023667272859438 0.00000000099999999996 
0.00000000099999999997 0.00000000099999999997 0.46816587772837603421 0.37612923387519897611 0.15570482532340329529 0.00000000099999999997 0.00000000099999999997 0.00000005907302183660 
0.00000000099999999985 0.00000000099999999985 0.00000000099999999985 0.00000000099999999985 0.00000000099999999985 0.00000000099999999985 0.99999999299999986491 0.00000000099999999985 
0.99999999300000008695 0.00000000099999999956 0.00000000099999999956 0.00000000099999999956 0.00000000099999999956 0.00000000099999999956 0.00000000099999999956 0.00000000099999999956 
0.00000000099999999981 0.00000000099999999981 0.00000000099999999981 0.00000000099999999981 0.99999999300000008695 0.00000000099999999981 0.00000000099999999981 0.00000000099999999981 
0.00000000099999999989 0.00000000099999999989 0.00000000099999999989 0.00000000099999999989 0.00000000099999999989 0.00000000099999999989 0.99999999299999997593 0.00000000099999999989 
0.99999999300000008695 0.00000000099999999956 0.00000000099999999956 0.00000000099999999956 0.00000000099999999956 0.00000000099999999956 0.00000000099999999956 0.00000000099999999956 
0.99999999300000019797 0.00000000099999999976 0.00000000099999999976 0.00000000099999999976 0.00000000099999999976 0.00000000099999999976 0.00000000099999999976 0.00000000099999999976 
0.00000000099999999995 0.00000000099999999995 0.99999999299999997593 0.00000000099999999995 0.00000000099999999995 0.00000000099999999995 0.00000000099999999995 0.00000000099999999995 
0.00000000099999999978 0.00000000099999999978 0.00000000099999999978 0.00000000099999999978 0.00000000099999999978 0.00000000099999999978 0.99999999299999997593 0.00000000099999999978 
0.01233604875559210154 0.00000000099999999996 0.96452674494641965630 0.00000000099999999996 0.02313717586399112111 0.00000000099999999996 0.00000002643399721733 0.00000000099999999996 
0.00000000099999999975 0.00000000099999999975 0.00000000099999999975 0.00000000099999999975 0.99999999299999997593 0.00000000099999999975 0.00000000099999999975 0.00000000099999999975 
