0.25306342572353368592 0.00000000190606789957 0.00000059719854681394 0.08859741094488561564 0.32771077603977177839 0.00000000099999999999 0.00000000099999999999 0.00002157155112144593 0.00022739076910147839 0.33037882386697148274 
0.00000000099999999987 0.00000000099999999987 0.99999999100000014352 0.00000000099999999987 0.00000000099999999987 0.00000000099999999987 0.00000000099999999987 0.00000000099999999987 0.00000000099999999987 0.00000000099999999987 
0.08781545676829337344 0.02419618011847761083 0.45410057534207709518 0.34843205544392213957 0.08545572732722990505 0.00000000099999999997 0.00000000099999999997 0.00000000099999999997 0.00000000099999999997 0.00000000099999999997 
0.00000000099999999991 0.00000000099999999991 0.87782191336960191386 0.00000000099999999991 0.12217807863039811811 0.00000000099999999991 0.00000000099999999991 0.00000000099999999991 0.00000000099999999991 0.00000000099999999991 
0.00000000099999999994 0.00000000099999999994 0.45279687179259231478 0.41209972584636661574 0.00000000099999999994 0.00000000099999999994 0.00000000099999999994 0.00000000099999999994 0.13510339536104115643 0.00000000099999999994 
0.00000000099999999990 0.00000000099999999990 0.00000000099999999990 0.99999999100000003249 0.00000000099999999990 0.00000000099999999990 0.00000000099999999990 0.00000000099999999990 0.00000000099999999990 0.00000000099999999990 
0.00000000099999999972 0.00000000099999999972 0.00000000099999999972 0.00000000099999999972 0.00000000099999999972 0.00000000099999999972 0.99999999099999992147 0.00000000099999999972 0.00000000099999999972 0.00000000099999999972 
0.00000000099999999973 0.00000000099999999973 0.00000000099999999973 0.00000000099999999973 0.00000000099999999973 0.00000000099999999973 0.00000000099999999973 0.00000000099999999973 0.99999999099999992147 0.00000000099999999973 
0.00000000099999999992 0.00000000099999999992 0.42048371643290410882 0.47919271766361593023 0.08837259214655926454 0.00000000099999999992 0.00000000099999999992 0.01195096775692067355 0.00000000099999999992 0.00000000099999999992 
0.00000000099999999974 0.99999999100000025454 0.00000000099999999974 0.00000000099999999974 0.00000000099999999974 0.00000000099999999974 0.00000000099999999974 0.00000000099999999974 0.00000000099999999974 0.00000000099999999974 
0.00000000099999999988 0.67583196526193667353 0.00000000099999999988 0.00000000099999999988 0.00000000099999999988 0.00000000099999999988 0.32416802673806338619 0.00000000099999999988 0.00000000099999999988 0.00000000099999999988 
0.00000000099999999989 0.63705433748268025518 0.00000000099999999989 0.00000000099999999989 0.00000000099999999989 0.00000000099999999989 0.36294565451731980454 0.00000000099999999989 0.00000000099999999989 0.00000000099999999989 
0.00000000099999999980 0.00000000099999999980 0.00000000099999999980 0.00000000099999999980 0.00000000099999999980 0.99999999100000003249 0.00000000099999999980 0.00000000099999999980 0.00000000099999999980 0.00000000099999999980 
0.00000000099999999998 0.43220771882510128359 0.00000000099999999998 0.12479336260271821357 0.00018148824245442087 0.14973798111437489067 0.12257937116364479857 0.00000000099999999998 0.00000000099999999998 0.17050007405170650165 
0.08590342900683407834 0.00000000099999999998 0.00000000099999999998 0.00000000099999999998 0.00000000099999999998 0.42270008342206177865 0.00000000099999999998 0.00000000099999999998 0.08315208692170918126 0.40824439464939504818 
0.00000000099999999972 0.99999999100000025454 0.00000000099999999972 0.00000000099999999972 0.00000000099999999972 0.00000000099999999972 0.00000000099999999972 0.00000000099999999972 0.00000000099999999972 0.00000000099999999972 
0.12573172730286844012 0.29378156673873040416 0.00000000099999999994 0.00000000099999999994 0.00000000099999999994 0.18718578971969537794 0.15681561995038026391 0.00000000099999999994 0.00000000099999999994 0.23648529128832543322 
0.23988158278975416082 0.00000000099999999999 0.04864415905112642186 0.00000000099999999999 0.16565055571946332713 0.18897875329272126321 0.00000000099999999999 0.00000000099999999999 0.11813058792942805753 0.23871435721750677850 
0.00000000099999999957 0.00000000099999999957 0.00000000099999999957 0.00000000099999999957 0.00000000099999999957 0.00000000099999999957 0.00000000099999999957 0.00000000099999999957 0.00000000099999999957 0.99999999099999992147 
0.00000000099999999995 0.03032081293593381563 0.00000000099999999995 0.00000000099999999995 0.00000000099999999995 0.48539813461575875841 0.00000000099999999995 0.00000000099999999995 0.00000000099999999995 0.48428104544830746780 
0.00000000099999999962 0.00000000099999999962 0.00000000099999999962 0.00000000099999999962 0.00000000099999999962 0.99999999100000003249 0.00000000099999999962 0.00000000099999999962 0.00000000099999999962 0.00000000099999999962 
0.00000000099999999987 0.38241886126229379661 0.00000000099999999987 0.00000000099999999987 0.00000000099999999987 0.01776313906368378465 0.59981799267402235998 0.00000000099999999987 0.00000000099999999987 0.00000000099999999987 
0.00000000099999999969 0.00000000099999999969 0.00000000099999999969 0.00000000099999999969 0.00000000099999999969 0.00000000099999999969 0.00000000099999999969 0.00000000099999999969 0.00000000099999999969 0.99999999100000003249 
0.08739029701867992439 0.00000000099999999993 0.91260969498132016309 0.00000000099999999993 0.00000000099999999993 0.00000000099999999993 0.00000000099999999993 0.00000000099999999993 0.00000000099999999993 0.00000000099999999993 
0.00000000099999999986 0.58981843978622483515 0.00000000099999999986 0.00000000099999999986 0.00000000099999999986 0.01470361233150328795 0.39547794088227194997 0.00000000099999999986 0.00000000099999999986 0.00000000099999999986 
0.00000000099999999978 0.00000000099999999978 0.00000000099999999978 0.00000000099999999978 0.00000000099999999978 0.00000000099999999978 0.99999999100000003249 0.00000000099999999978 0.00000000099999999978 0.00000000099999999978 
0.00000000099999999989 0.00000000099999999989 0.00000000099999999989 0.00000000099999999989 0.00000000099999999989 0.99999999100000003249 0.00000000099999999989 0.00000000099999999989 0.00000000099999999989 0.00000000099999999989 
0.00000000099999999991 0.00000000099999999991 0.99999999100000014352 0.00000000099999999991 0.00000000099999999991 0.00000000099999999991 0.00000000099999999991 0.00000000099999999991 0.00000000099999999991 0.00000000099999999991 
0.08797492822259553313 0.00000000099999999993 0.38051217060084829846 0.53151289417655633862 0.00000000099999999993 0.00000000099999999993 0.00000000099999999993 0.00000000099999999993 0.00000000099999999993 0.00000000099999999993 
0.00000000099999999986 0.99999999100000025454 0.00000000099999999986 0.00000000099999999986 0.00000000099999999986 0.00000000099999999986 0.00000000099999999986 0.00000000099999999986 0.00000000099999999986 0.00000000099999999986 
0.06538851197682173100 0.93461148002317839811 0.00000000099999999996 0.00000000099999999996 0.00000000099999999996 0.00000000099999999996 0.00000000099999999996 0.00000000099999999996 0.00000000099999999996 0.00000000099999999996 
0.00000000099999999987 0.00000000099999999987 0.00000000099999999987 0.00000000099999999987 0.00000000099999999987 0.00000000099999999987 0.99999999100000003249 0.00000000099999999987 0.00000000099999999987 0.00000000099999999987 
0.00000000099999999997 0.00000000099999999997 0.58980326438048313875 0.29630155712496597520 0.05252274959670539395 0.06137242289784546057 0.00000000099999999997 0.00000000099999999997 0.00000000099999999997 0.00000000099999999997 
0.00000000099999999969 0.00000000099999999969 0.00000000099999999969 0.00000000099999999969 0.00000000099999999969 0.00000000099999999969 0.00000000099999999969 0.99999999099999992147 0.00000000099999999969 0.00000000099999999969 
0.00000000099999999999 0.00000000099999999999 0.02503901472709550713 0.78434459579049797817 0.00032710852327471761 0.00000252158560781092 0.00000000099999999999 0.03428636492728692059 0.15600039044623703610 0.00000000099999999999 
0.00000000099999999978 0.00000000099999999978 0.00000000099999999978 0.00000000099999999978 0.00000000099999999978 0.00000000099999999978 0.99999999099999992147 0.00000000099999999978 0.00000000099999999978 0.00000000099999999978 
0.00000000099999999977 0.00000000099999999977 0.00000000099999999977 0.00000000099999999977 0.00000000099999999977 0.00000000099999999977 0.00000000099999999977 0.00000000099999999977 0.00000000099999999977 0.99999999099999992147 
0.00000000099999999950 0.00000000099999999950 0.00000000099999999950 0.00000000099999999950 0.00000000099999999950 0.00000000099999999950 0.00000000099999999950 0.99999999099999992147 0.00000000099999999950 0.00000000099999999950 
0.00000000099999999990 0.60730105870459127893 0.00000000099999999990 0.00000000099999999990 0.00000000099999999990 0.00000000099999999990 0.39269893329540889182 0.00000000099999999990 0.00000000099999999990 0.00000000099999999990 
0.00000000099999999986 0.36925070596898235120 0.00000000099999999986 0.00000000099999999986 0.00000000099999999986 0.00000000099999999986 0.62923030742460706044 0.00000000099999999986 0.00000000099999999986 0.00151897960641069417 
0.00000000099999999980 0.99999999100000014352 0.00000000099999999980 0.00000000099999999980 0.00000000099999999980 0.00000000099999999980 0.00000000099999999980 0.00000000099999999980 0.00000000099999999980 0.00000000099999999980 
0.00047538158955068278 0.00000000099999999986 0.00000000099999999986 0.00000000099999999986 0.35779347942217526457 0.00000000099999999986 0.00000000099999999986 0.00000000099999999986 0.64173113198827402837 0.00000000099999999986 
0.15526041458821654428 0.08927725400320922489 0.00000000186832212209 0.06200313719949317182 0.35428465070485054556 0.00000000099999999999 0.00000000099999999999 0.00044340869904414045 0.33873112993686432803 0.00000000099999999999 
0.00000000099999999987 0.00000000099999999987 0.00000000099999999987 0.00000000099999999987 0.00000000099999999987 0.99999999100000003249 0.00000000099999999987 0.00000000099999999987 0.00000000099999999987 0.00000000099999999987 
0.00000000099999999994 0.00000000099999999994 0.52423070652271042125 0.00000000099999999994 0.00000006012511838290 0.47576922635217117064 0.00000000099999999994 0.00000000099999999994 0.00000000099999999994 0.00000000099999999994 
0.00000000099999999978 0.00000000099999999978 0.00000000099999999978 0.00000000099999999978 0.00000000099999999978 0.00000000099999999978 0.00000000099999999978 0.00000000099999999978 0.99999999099999992147 0.00000000099999999978 
0.00000000099999999987 0.00000000099999999987 0.00000000099999999987 0.00000000099999999987 0.00000000099999999987 0.00000000099999999987 0.99999999099999992147 0.00000000099999999987 0.00000000099999999987 0.00000000099999999987 
0.00000000099999999965 0.00000000099999999965 0.00000000099999999965 0.00000000099999999965 0.99999999100000014352 0.00000000099999999965 0.00000000099999999965 0.00000000099999999965 0.00000000099999999965 0.00000000099999999965 
0.29730219910520672144 0.00000000099999999986 0.00000000099999999986 0.00000000099999999986 0.00000000099999999986 0.00000000099999999986 0.00000000099999999986 0.00000000099999999986 0.70269779289479317175 0.00000000099999999986 
0.99999999100000014352 0.00000000099999999969 0.00000000099999999969 0.00000000099999999969 0.00000000099999999969 0.00000000099999999969 0.00000000099999999969 0.00000000099999999969 0.00000000099999999969 0.00000000099999999969 
0.00000000099999999996 0.00000000099999999996 0.50445748377078569735 0.33661547665062530044 0.00000000099999999996 0.00000000099999999996 0.00000000099999999996 0.01770632108090277809 0.14122071249768600176 0.00000000099999999996 
0.58905438373261642671 0.00000000099999999978 0.00000000099999999978 0.00000000099999999978 0.00000000099999999978 0.00000000099999999978 0.00000000099999999978 0.00000000099999999978 0.41094560826738368853 0.00000000099999999978 
0.67983370853268287881 0.00000000099999999982 0.00000000099999999982 0.00000000099999999982 0.32016628346731729193 0.00000000099999999982 0.00000000099999999982 0.00000000099999999982 0.00000000099999999982 0.00000000099999999982 
0.00000000099999999985 0.00000000099999999985 0.00000000099999999985 0.00000000099999999985 0.00000000099999999985 0.47788765387250575767 0.52211233812749413552 0.00000000099999999985 0.00000000099999999985 0.00000000099999999985 
0.00000000099999999999 0.00000000099999999999 0.57343208691910829700 0.23454920235561582675 0.00000000099999999999 0.01062769218245901079 0.00000000099999999999 0.00000000099999999999 0.18101547340553914012 0.00037554013727772619 
0.00000000099999999997 0.00000000099999999997 0.01431222620922907411 0.36014538406166679563 0.26446450456684161834 0.00000000099999999997 0.00000000099999999997 0.00000000099999999997 0.36107787916226241620 0.00000000099999999997 
0.00000000099999999980 0.00000000099999999980 0.00000000099999999980 0.00000000099999999980 0.00000000099999999980 0.00000000099999999980 0.00000000099999999980 0.00000000099999999980 0.99999999100000003249 0.00000000099999999980 
0.00000000099999999995 0.00000000099999999995 0.36175086555406543720 0.60692525706952615838 0.02649608185613119143 0.00000000099999999995 0.00000000099999999995 0.00482778952027722308 0.00000000099999999995 0.00000000099999999995 
0.00000000099999999983 0.00000000099999999983 0.00000000099999999983 0.00000000099999999983 0.53547466179358549354 0.00000000099999999983 0.00000000099999999983 0.00000000099999999983 0.46452533020641456618 0.00000000099999999983 
0.00000000099999999988 0.00000000099999999988 0.00000000099999999988 0.99999999100000003249 0.00000000099999999988 0.00000000099999999988 0.00000000099999999988 0.00000000099999999988 0.00000000099999999988 0.00000000099999999988 
0.00000000099999999983 0.00000000099999999983 0.99999999100000014352 0.00000000099999999983 0.00000000099999999983 0.00000000099999999983 0.00000000099999999983 0.00000000099999999983 0.00000000099999999983 0.00000000099999999983 
0.29663218635094990017 0.00000000099999999993 0.01558102958811254449 0.00004626326803860888 0.34197926328168348764 0.00000000099999999993 0.00000000099999999993 0.00000000099999999993 0.34576125251121542226 0.00000000099999999993 
0.00000000099999999971 0.00000000099999999971 0.00000000099999999971 0.00000000099999999971 0.99999999100000014352 0.00000000099999999971 0.00000000099999999971 0.00000000099999999971 0.00000000099999999971 0.00000000099999999971 
0.00000000099999999996 0.00000000099999999996 0.00000000099999999996 0.00000000099999999996 0.00000000099999999996 0.00000000099999999996 0.10374169933287888390 0.00000000099999999996 0.00000000099999999996 0.89625829266712120358 
0.00000000099999999984 0.00000000099999999984 0.99999999100000014352 0.00000000099999999984 0.00000000099999999984 0.00000000099999999984 0.00000000099999999984 0.00000000099999999984 0.00000000099999999984 0.00000000099999999984 
0.62164243692097576055 0.00000000099999999990 0.00000000099999999990 0.00000000099999999990 0.37835755507902435468 0.00000000099999999990 0.00000000099999999990 0.00000000099999999990 0.00000000099999999990 0.00000000099999999990 
0.00000000099999999978 0.00000000099999999978 0.00000000099999999978 0.00000000099999999978 0.00000000099999999978 0.00000000099999999978 0.00000000099999999978 0.00000000099999999978 0.00000000099999999978 0.99999999100000003249 
0.00000000099999999983 0.00000000099999999983 0.00000000099999999983 0.00000000099999999983 0.00000000099999999983 0.00000000099999999983 0.99999999099999992147 0.00000000099999999983 0.00000000099999999983 0.00000000099999999983 
0.00000000099999999993 0.00000000099999999993 0.55625510408152201158 0.44374449058691539660 0.00000039833156264345 0.00000000099999999993 0.00000000099999999993 0.00000000099999999993 0.00000000099999999993 0.00000000099999999993 
0.00000000099999999987 0.00000000099999999987 0.00000000099999999987 0.00000000099999999987 0.00000000099999999987 0.00000000099999999987 0.00000000099999999987 0.00000000099999999987 0.00000000099999999987 0.99999999100000003249 
0.00000000099999999983 0.00000000099999999983 0.00000000099999999983 0.00000000099999999983 0.00000000099999999983 0.00460493703278423011 0.00000000099999999983 0.00000000099999999983 0.00000000099999999983 0.99539505496721569777 
0.00000000099999999991 0.04801377726421391517 0.00000000099999999991 0.00000000099999999991 0.00000000099999999991 0.00000000099999999991 0.00000000099999999991 0.00000000099999999991 0.00000000099999999991 0.95198621473578615149 
0.00000000099999999985 0.00000000099999999985 0.00000000099999999985 0.00000000099999999985 0.00000000099999999985 0.99999999100000014352 0.00000000099999999985 0.00000000099999999985 0.00000000099999999985 0.00000000099999999985 
0.00000000099999999989 0.00000000099999999989 0.00000000099999999989 0.00000000099999999989 0.00000000099999999989 0.62043973786524131420 0.00000000099999999989 0.00322905725052691564 0.00000000099999999989 0.37633119788423186058 
0.00000000099999999998 0.04482469850700819547 0.00000000099999999998 0.00000000099999999998 0.14402092164517704687 0.52567724177090968674 0.00000000099999999998 0.01665776757512642606 0.00000000099999999998 0.26881936550177865097 
0.00000000099999999987 0.00000000099999999987 0.00000000099999999987 0.00000000099999999987 0.00000000099999999987 0.99999999100000003249 0.00000000099999999987 0.00000000099999999987 0.00000000099999999987 0.00000000099999999987 
0.00000000099999999978 0.00000000099999999978 0.00000000099999999978 0.00000000099999999978 0.00000000099999999978 0.00000000099999999978 0.99999999100000003249 0.00000000099999999978 0.00000000099999999978 0.00000000099999999978 
0.00000000099999999976 0.00000000099999999976 0.00000000099999999976 0.00000000099999999976 0.00000000099999999976 0.00000000099999999976 0.00000000099999999976 0.00000000099999999976 0.00000000099999999976 0.99999999099999992147 
0.00000000099999999982 0.00000000099999999982 0.00000000099999999982 0.00000000099999999982 0.00000000099999999982 0.64182990580692089733 0.00000000099999999982 0.01740226081496759614 0.00000000099999999982 0.34076782637811176002 
0.00000000099999999986 0.00000000099999999986 0.00000000099999999986 0.00000000099999999986 0.00000000099999999986 0.60283100159425373477 0.00000000099999999986 0.02367604665770056682 0.00000000099999999986 0.37349294474804567434 
0.00000000099999999998 0.08278813642056535860 0.00000000099999999998 0.00000000099999999998 0.00000000099999999998 0.03497337454463463752 0.00000000099999999998 0.03577149407122439534 0.00000000099999999998 0.84646698896357563946 
0.00000000099999999999 0.13000065842662125726 0.00000000099999999999 0.19625736854715783442 0.00829861674686305749 0.55144550755673027442 0.03318915130986804102 0.00645421011682696839 0.00000005236203263974 0.07435443293389983055 
0.00329852680848846886 0.81268372419533929651 0.12776443037314627604 0.00000000099999999998 0.00000000099999999998 0.00000000099999999998 0.00000000099999999998 0.00731623540635999853 0.00000000099999999998 0.04893707821666611057 
0.00000000099999999987 0.00000000099999999987 0.00000000099999999987 0.00000000099999999987 0.00000000099999999987 0.99999999100000014352 0.00000000099999999987 0.00000000099999999987 0.00000000099999999987 0.00000000099999999987 
0.00000000099999999994 0.00000000099999999994 0.00000000099999999994 0.00000000099999999994 0.00000000099999999994 0.00000000099999999994 0.01154109878489780437 0.00905902661402511848 0.00000000099999999994 0.97939986760107700103 
0.00000000099999999975 0.99999999100000025454 0.00000000099999999975 0.00000000099999999975 0.00000000099999999975 0.00000000099999999975 0.00000000099999999975 0.00000000099999999975 0.00000000099999999975 0.00000000099999999975 
0.00000000099999999994 0.40825316063170435932 0.00000000099999999994 0.00000000099999999994 0.00000000099999999994 0.01611597093030115932 0.54015936562887068018 0.00000000099999999994 0.00000000099999999994 0.03547149680912359965 
0.00000000099999999983 0.00000000099999999983 0.00000000099999999983 0.00000000099999999983 0.00000000099999999983 0.99999999100000003249 0.00000000099999999983 0.00000000099999999983 0.00000000099999999983 0.00000000099999999983 
0.00000000099999999980 0.00000000099999999980 0.00000000099999999980 0.00000000099999999980 0.00000000099999999980 0.00000000099999999980 0.99999999099999992147 0.00000000099999999980 0.00000000099999999980 0.00000000099999999980 
0.00000000099999999987 0.00000000099999999987 0.00000000099999999987 0.00000000099999999987 0.00000000099999999987 0.62309849863107158452 0.00000000099999999987 0.00960485832651827333 0.00000000099999999987 0.36729663604241025165 
0.04205821423554925026 0.00000000099999999997 0.00000000099999999997 0.00000000099999999997 0.00000000099999999997 0.95794177776445066375 0.00000000099999999997 0.00000000099999999997 0.00000000099999999997 0.00000000099999999997 
0.00000000099999999985 0.08353127742073877815 0.00000000099999999985 0.00000000099999999985 0.00000000099999999985 0.00000000099999999985 0.00000000099999999985 0.00000000099999999985 0.00000000099999999985 0.91646871457926126769 
0.00000000099999999995 0.00000000099999999995 0.00000000099999999995 0.00000000099999999995 0.00000000099999999995 0.96971107842203663196 0.03028891357796339306 0.00000000099999999995 0.00000000099999999995 0.00000000099999999995 
0.00000000099999999990 0.35965253224209159377 0.00000000099999999990 0.00000000099999999990 0.00000000099999999990 0.01457114859262992855 0.58300989247815893091 0.00000000099999999990 0.00000000099999999990 0.04276642068711956207 
0.00000000099999999978 0.00000000099999999978 0.00000000099999999978 0.00000000099999999978 0.00000000099999999978 0.00000000099999999978 0.00000000099999999978 0.00000000099999999978 0.99999999100000003249 0.00000000099999999978 
0.64694099025445461759 0.00000000099999999972 0.00000000099999999972 0.00000000099999999972 0.35305900174554538662 0.00000000099999999972 0.00000000099999999972 0.00000000099999999972 0.00000000099999999972 0.00000000099999999972 
0.00000000099999999992 0.00000000099999999992 0.00000000099999999992 0.93120076586324296297 0.00000000099999999992 0.00000000099999999992 0.00000000099999999992 0.02520538000775985818 0.04359384712899712355 0.00000000099999999992 
0.06922924745605450736 0.00000000099999999991 0.47889932257848311092 0.45187142296546262132 0.00000000099999999991 0.00000000099999999991 0.00000000099999999991 0.00000000099999999991 0.00000000099999999991 0.00000000099999999991 
0.00000000099999999998 0.00000000099999999998 0.01451819477493719070 0.00000000099999999998 0.00000000972057441342 0.00000000099999999998 0.02471112010900537725 0.04268303236675265178 0.02809606271060107255 0.88999157631812930713 
0.00036070862987334890 0.00000000099999999996 0.38469174009119788682 0.46400246288842789122 0.07405570048426586560 0.07688938290623513472 0.00000000099999999996 0.00000000099999999996 0.00000000099999999996 0.00000000099999999996 
0.00000000099999999986 0.00000000099999999986 0.99999999100000003249 0.00000000099999999986 0.00000000099999999986 0.00000000099999999986 0.00000000099999999986 0.00000000099999999986 0.00000000099999999986 0.00000000099999999986 
0.13829982696942136333 0.01971876264282943630 0.00000000099999999995 0.00000000099999999995 0.00000000099999999995 0.00000000099999999995 0.00000000099999999995 0.00000000099999999995 0.00000000099999999995 0.84198140338774918323 
0.00000000340647660826 0.12634678986415162627 0.32746310931876260186 0.40260970385350675071 0.12416487179930713047 0.00120229301686332096 0.00000000099999999998 0.01821322574093200281 0.00000000099999999998 0.00000000099999999998 
0.99999999100000025454 0.00000000099999999957 0.00000000099999999957 0.00000000099999999957 0.00000000099999999957 0.00000000099999999957 0.00000000099999999957 0.00000000099999999957 0.00000000099999999957 0.00000000099999999957 
0.17711004402335869812 0.00000000099999999997 0.00000000099999999997 0.00000000197486451272 0.00000000099999999997 0.00000000099999999997 0.00000006522285213636 0.00000000099999999997 0.00000000099999999997 0.82288988277892460843 
0.00000000099999999985 0.46955084469401742187 0.00000000099999999985 0.00000000099999999985 0.00000000099999999985 0.02087390703770953052 0.42610517530468478009 0.00000000099999999985 0.00000000099999999985 0.08347006696358832967 
0.00000000099999999978 0.00000000099999999978 0.00000000099999999978 0.00000000099999999978 0.00000000099999999978 0.00000000099999999978 0.00000000099999999978 0.00000000099999999978 0.00000000099999999978 0.99999999100000003249 
0.00000000099999999981 0.00000000099999999981 0.00000000099999999981 0.00000000099999999981 0.00000000099999999981 0.99999999100000014352 0.00000000099999999981 0.00000000099999999981 0.00000000099999999981 0.00000000099999999981 
0.00000000099999999986 0.99999999100000025454 0.00000000099999999986 0.00000000099999999986 0.00000000099999999986 0.00000000099999999986 0.00000000099999999986 0.00000000099999999986 0.00000000099999999986 0.00000000099999999986 
0.00000000099999999991 0.00000000099999999991 0.00000000099999999991 0.96201020310951212977 0.00000000099999999991 0.00000000099999999991 0.00000000099999999991 0.00000000099999999991 0.03798978889048792995 0.00000000099999999991 
0.06257514134514692572 0.00775823306721066999 0.57544753139482707205 0.18740289948884480964 0.00000004521377712827 0.00000000099999999999 0.00000000099999999999 0.00000000283730434814 0.00000000099999999999 0.16681614365288899293 
0.00000000099999999995 0.00000000099999999995 0.53838306862484819337 0.41286378702539106023 0.04875313734976077090 0.00000000099999999995 0.00000000099999999995 0.00000000099999999995 0.00000000099999999995 0.00000000099999999995 
0.00000002419434633688 0.00000000099999999993 0.00000000099999999993 0.90192957096187964527 0.00000000099999999993 0.00000000099999999993 0.00000000099999999993 0.00000000099999999993 0.09807039784377398484 0.00000000099999999993 
0.08843207233276642598 0.00000000099999999996 0.52228393041652498852 0.38928399025070870021 0.00000000099999999996 0.00000000099999999996 0.00000000099999999996 0.00000000099999999996 0.00000000099999999996 0.00000000099999999996 
0.00000000099999999985 0.00000000099999999985 0.00000000099999999985 0.89367951695418856861 0.00000000099999999985 0.00000000099999999985 0.00000000099999999985 0.00000000099999999985 0.10632047504581161601 0.00000000099999999985 
0.00000000099999999989 0.70873453121815943589 0.00000000099999999989 0.00000000099999999989 0.00000000099999999989 0.00000000099999999989 0.27671596873238224479 0.00000000099999999989 0.00000000099999999989 0.01454949304945860923 
0.00000000099999999991 0.00000000099999999991 0.00000000099999999991 0.00000000099999999991 0.00000000099999999991 0.99999999100000003249 0.00000000099999999991 0.00000000099999999991 0.00000000099999999991 0.00000000099999999991 
0.00000000099999999988 0.21280874051665793489 0.00000000099999999988 0.00000000099999999988 0.00000000099999999988 0.00000000099999999988 0.78719125148334201381 0.00000000099999999988 0.00000000099999999988 0.00000000099999999988 
0.00000000099999999993 0.67146701413414633386 0.00000000099999999993 0.00000000099999999993 0.00000000099999999993 0.00000000099999999993 0.32853297786585378137 0.00000000099999999993 0.00000000099999999993 0.00000000099999999993 
0.00000000099999999979 0.00000000099999999979 0.00000000099999999979 0.00000000099999999979 0.00000000099999999979 0.99999999100000003249 0.00000000099999999979 0.00000000099999999979 0.00000000099999999979 0.00000000099999999979 
0.00000000099999999968 0.00000000099999999968 0.00000000099999999968 0.00000000099999999968 0.00000000099999999968 0.00000000099999999968 0.00000000099999999968 0.00000000099999999968 0.00000000099999999968 0.99999999099999992147 
0.00000000099999999979 0.00000000099999999979 0.00000000099999999979 0.00000000099999999979 0.00000000099999999979 0.00000000099999999979 0.00000000099999999979 0.00000000099999999979 0.00000000099999999979 0.99999999099999992147 
0.00000000099999999981 0.42025164360047950751 0.00000000099999999981 0.00000000099999999981 0.00000000099999999981 0.00000000099999999981 0.57974834839952038568 0.00000000099999999981 0.00000000099999999981 0.00000000099999999981 
0.00000000099999999976 0.99999999100000025454 0.00000000099999999976 0.00000000099999999976 0.00000000099999999976 0.00000000099999999976 0.00000000099999999976 0.00000000099999999976 0.00000000099999999976 0.00000000099999999976 
0.00000000099999999982 0.36966561387434387909 0.00000000099999999982 0.00000000099999999982 0.00000000099999999982 0.00000000099999999982 0.63033437812565595859 0.00000000099999999982 0.00000000099999999982 0.00000000099999999982 
0.00000000099999999981 0.00000000099999999981 0.00000000099999999981 0.00000000099999999981 0.00000000099999999981 0.00000000099999999981 0.00000000099999999981 0.00000000099999999981 0.00000000099999999981 0.99999999099999992147 
0.00000000099999999993 0.00000000099999999993 0.00000000099999999993 0.00000000099999999993 0.00000000099999999993 0.00000000099999999993 0.05522571568988552532 0.00000000099999999993 0.00000000099999999993 0.94477427631011445808 
0.00000000099999999973 0.00000000099999999973 0.00000000099999999973 0.00000000099999999973 0.00000000099999999973 0.00000000099999999973 0.99999999099999992147 0.00000000099999999973 0.00000000099999999973 0.00000000099999999973 
0.00000000099999999982 0.00000000099999999982 0.00000000099999999982 0.00000000099999999982 0.00000000099999999982 0.99999999100000014352 0.00000000099999999982 0.00000000099999999982 0.00000000099999999982 0.00000000099999999982 
0.00000000099999999996 0.27609951872409516094 0.00000000099999999996 0.00000000099999999996 0.00000000099999999996 0.05059965345692970379 0.61355026444637728034 0.03147299191230542442 0.00000000099999999996 0.02827756646029228049 
0.00000000099999999971 0.00000000099999999971 0.00000000099999999971 0.00000000099999999971 0.00000000099999999971 0.00000000099999999971 0.00000000099999999971 0.00000000099999999971 0.00000000099999999971 0.99999999099999992147 
0.00000000099999999974 0.99999999100000014352 0.00000000099999999974 0.00000000099999999974 0.00000000099999999974 0.00000000099999999974 0.00000000099999999974 0.00000000099999999974 0.00000000099999999974 0.00000000099999999974 
0.00000000099999999998 0.00000000099999999998 0.62642716225426797738 0.23620081110848104022 0.00556544351269818577 0.02225900351053788223 0.00000000099999999998 0.00753451854352643093 0.10201305707048827220 0.00000000099999999998 
0.00000000099999999989 0.01433692871300397409 0.00000000099999999989 0.00000000099999999989 0.00000000099999999989 0.15613110741617733379 0.00000571689628771115 0.00000000099999999989 0.00000000099999999989 0.82952624097453109275 
0.06770523215826872165 0.00000000099999999997 0.17321587480860739516 0.66745271852275911417 0.00000000099999999997 0.00000000099999999997 0.07946945384048038907 0.01215671566988436002 0.00000000099999999997 0.00000000099999999997 
0.00000000099999999972 0.00000000099999999972 0.00000000099999999972 0.00000000099999999972 0.00000000099999999972 0.00000000099999999972 0.00000000099999999972 0.00000000099999999972 0.00000000099999999972 0.99999999099999992147 
0.00000000099999999988 0.37163645642188503082 0.00000000099999999988 0.00000000099999999988 0.00000000099999999988 0.00000000099999999988 0.62836353557811486237 0.00000000099999999988 0.00000000099999999988 0.00000000099999999988 
0.00000000099999999983 0.33941928397558840391 0.00000000099999999983 0.00000000099999999983 0.00000000099999999983 0.00000000099999999983 0.66058070802441137825 0.00000000099999999983 0.00000000099999999983 0.00000000099999999983 
0.00000000099999999977 0.00000000099999999977 0.00000000099999999977 0.00000000099999999977 0.00000000099999999977 0.00000000099999999977 0.00000000099999999977 0.00000000099999999977 0.00000000099999999977 0.99999999100000003249 
0.00000000099999999983 0.60052445144352151196 0.00000000099999999983 0.00000000099999999983 0.00000000099999999983 0.00000000099999999983 0.39947554055647865878 0.00000000099999999983 0.00000000099999999983 0.00000000099999999983 
0.00000000100000000000 0.64662738542917153062 0.00000000100000000000 0.20205997095809044573 0.03078588219717162677 0.04709489222782755474 0.00002266869279348857 0.07337270279237145809 0.00000000100000000000 0.00003649470257401445 
0.00000000099999999982 0.00000000099999999982 0.00000000099999999982 0.00000000099999999982 0.00000000099999999982 0.00000000099999999982 0.00000000099999999982 0.00000000099999999982 0.00000000099999999982 0.99999999099999992147 
0.00000000099999999995 0.64392571933362274805 0.00000000099999999995 0.00000000099999999995 0.00000000099999999995 0.00000000099999999995 0.35607427266637725616 0.00000000099999999995 0.00000000099999999995 0.00000000099999999995 
0.32360289061165048441 0.00000000099999999992 0.00002090693357608955 0.10978791247704414169 0.46449758227899712315 0.00000000099999999992 0.00000000099999999992 0.00000000099999999992 0.10209070269873232739 0.00000000099999999992 
0.00000000099999999941 0.00000000099999999941 0.00000000099999999941 0.00000000099999999941 0.00000000099999999941 0.00000000099999999941 0.00000000099999999941 0.99999999099999992147 0.00000000099999999941 0.00000000099999999941 
0.00000000099999999981 0.00000000099999999981 0.99999999100000003249 0.00000000099999999981 0.00000000099999999981 0.00000000099999999981 0.00000000099999999981 0.00000000099999999981 0.00000000099999999981 0.00000000099999999981 
0.00000000099999999987 0.00000000099999999987 0.00000000099999999987 0.95874048780722942453 0.00000000099999999987 0.00000000099999999987 0.00000000099999999987 0.00000000099999999987 0.04125950419277063519 0.00000000099999999987 
0.00000000128203369414 0.00000000099999999992 0.00000000099999999992 0.99999999071796652483 0.00000000099999999992 0.00000000099999999992 0.00000000099999999992 0.00000000099999999992 0.00000000099999999992 0.00000000099999999992 
0.03611449339021762656 0.00000000099999999994 0.29313687445784447627 0.67074862515193811596 0.00000000099999999994 0.00000000099999999994 0.00000000099999999994 0.00000000099999999994 0.00000000099999999994 0.00000000099999999994 
0.00000000099999999996 0.00000000099999999996 0.26216430693590653256 0.67521004853337762697 0.06262563753071583028 0.00000000099999999996 0.00000000099999999996 0.00000000099999999996 0.00000000099999999996 0.00000000099999999996 
0.00000000099999999999 0.00000000099999999999 0.19656058694145289722 0.48683964693844478111 0.00000000099999999999 0.00000000099999999999 0.08420581427800508112 0.00137911130781712718 0.21532298963432419669 0.01569184689995607035 
0.00000000099999999987 0.00000000099999999987 0.00000000099999999987 0.99999999100000014352 0.00000000099999999987 0.00000000099999999987 0.00000000099999999987 0.00000000099999999987 0.00000000099999999987 0.00000000099999999987 
0.00000000099999999970 0.00000000099999999970 0.00000000099999999970 0.00000000099999999970 0.00000000099999999970 0.00000000099999999970 0.00000000099999999970 0.00000000099999999970 0.00000000099999999970 0.99999999100000003249 
0.00000000099999999986 0.00000000099999999986 0.99999999100000003249 0.00000000099999999986 0.00000000099999999986 0.00000000099999999986 0.00000000099999999986 0.00000000099999999986 0.00000000099999999986 0.00000000099999999986 
0.00000000099999999945 0.00000000099999999945 0.00000000099999999945 0.00000000099999999945 0.00000000099999999945 0.00000000099999999945 0.00000000099999999945 0.99999999099999992147 0.00000000099999999945 0.00000000099999999945 
0.00000000099999999993 0.00000000099999999993 0.57895795478425415848 0.36730734392917135933 0.05373469428657440955 0.00000000099999999993 0.00000000099999999993 0.00000000099999999993 0.00000000099999999993 0.00000000099999999993 
0.29125282817131492585 0.00000000099999999981 0.00000000099999999981 0.00000000099999999981 0.00000000099999999981 0.00000000099999999981 0.00000000099999999981 0.00000000099999999981 0.70874716382868496733 0.00000000099999999981 
0.00000000099999999976 0.00000000099999999976 0.00000000099999999976 0.00000000099999999976 0.00000000099999999976 0.00000000099999999976 0.99999999099999992147 0.00000000099999999976 0.00000000099999999976 0.00000000099999999976 
0.71693882717936607829 0.00000000099999999977 0.00000000099999999977 0.00000000099999999977 0.28306116482063398143 0.00000000099999999977 0.00000000099999999977 0.00000000099999999977 0.00000000099999999977 0.00000000099999999977 
0.99999999100000014352 0.00000000099999999969 0.00000000099999999969 0.00000000099999999969 0.00000000099999999969 0.00000000099999999969 0.00000000099999999969 0.00000000099999999969 0.00000000099999999969 0.00000000099999999969 
0.11104246750874305349 0.00000000099999999997 0.60780555066526298358 0.26377307810460048909 0.00000000099999999997 0.01737889772139354291 0.00000000099999999997 0.00000000099999999997 0.00000000099999999997 0.00000000099999999997 
0.00000000099999999996 0.00000000099999999996 0.33910060845126399620 0.52934011792207935621 0.00000003841738117892 0.01875683090397359601 0.00000000099999999996 0.00000000099999999996 0.11280239930530173986 0.00000000099999999996 
0.00000000099999999975 0.00000000099999999975 0.00000000099999999975 0.00000000099999999975 0.00000000099999999975 0.00000000099999999975 0.00000000099999999975 0.00000000099999999975 0.99999999100000003249 0.00000000099999999975 
0.99999999100000025454 0.00000000099999999969 0.00000000099999999969 0.00000000099999999969 0.00000000099999999969 0.00000000099999999969 0.00000000099999999969 0.00000000099999999969 0.00000000099999999969 0.00000000099999999969 
0.14962747294146350185 0.00000000099999999990 0.00000000099999999990 0.85037251905853661338 0.00000000099999999990 0.00000000099999999990 0.00000000099999999990 0.00000000099999999990 0.00000000099999999990 0.00000000099999999990 
0.00000000099999999982 0.33130537581615399079 0.00000000099999999982 0.00000000099999999982 0.00000000099999999982 0.00000000099999999982 0.66869461618384595791 0.00000000099999999982 0.00000000099999999982 0.00000000099999999982 
0.14820996585912532550 0.00000000099999999998 0.33883023959557456717 0.49128251474376471997 0.00000000099999999998 0.00000000099999999998 0.00000000099999999998 0.00878918155363743285 0.00000000099999999998 0.01288809324789810112 
0.00000000099999999976 0.00000000099999999976 0.00000000099999999976 0.00000000099999999976 0.00000000099999999976 0.00000000099999999976 0.00000000099999999976 0.00000000099999999976 0.99999999099999992147 0.00000000099999999976 
0.00000000099999999996 0.00000000099999999996 0.00000000099999999996 0.95141007654309805996 0.00000000099999999996 0.00000000099999999996 0.00000000099999999996 0.00000000099999999996 0.04858991545690195812 0.00000000099999999996 
0.10716878934746343344 0.00000000099999999995 0.20242096920431654206 0.69041023444822002819 0.00000000099999999995 0.00000000099999999995 0.00000000099999999995 0.00000000099999999995 0.00000000099999999995 0.00000000099999999995 
0.00000000099999999979 0.00000000099999999979 0.00000000099999999979 0.00000000099999999979 0.00000000099999999979 0.00000000099999999979 0.00000000099999999979 0.00000000099999999979 0.99999999100000003249 0.00000000099999999979 
0.00000000099999999985 0.38717720493095286738 0.00000000099999999985 0.00000000099999999985 0.00000000099999999985 0.00000000099999999985 0.61282278706904702581 0.00000000099999999985 0.00000000099999999985 0.00000000099999999985 
0.24664003098742939835 0.00000000099999999991 0.00000000099999999991 0.00000000099999999991 0.13528067274077085202 0.00000000099999999991 0.00000000099999999991 0.00000000099999999991 0.61807928927179967005 0.00000000099999999991 
