0.00000000099999999999 0.00000000099999999999 0.00041326619808655158 0.11107672111892342992 0.33134170699727100162 0.00000000099999999999 0.55716830268571904128 
0.00000000099999999997 0.03137951259171168489 0.00000000099999999997 0.96862048240828824142 0.00000000099999999997 0.00000000099999999997 0.00000000099999999997 
0.00000000099999999998 0.01329656130069770646 0.00000000099999999998 0.82707155955343492071 0.00213283589805009742 0.01875799543426783303 0.13874104581354962384 
0.01828416520177018195 0.00000000099999999997 0.00000000099999999997 0.91419941412093641553 0.00000000099999999997 0.00000000099999999997 0.06751641667729334217 
0.00000000099999999997 0.00000006919908266528 0.00000000099999999997 0.89590346668929266016 0.00000000099999999997 0.00000000099999999997 0.10409646011162482226 
0.00000000099999999996 0.00000000099999999996 0.00000000099999999996 0.99999999399999994765 0.00000000099999999996 0.00000000099999999996 0.00000000099999999996 
0.00000000099999999990 0.04152144608317905744 0.00000000099999999990 0.00000000099999999990 0.00000000099999999990 0.95847854891682082723 0.00000000099999999990 
0.00000000099999999988 0.00000000099999999988 0.00000000099999999988 0.00000000099999999988 0.00000000099999999988 0.00000000099999999988 0.99999999399999994765 
0.00000000099999999993 0.00000000099999999993 0.01750056303605682095 0.92759158505515459936 0.00000000099999999993 0.00000000099999999993 0.05490784790878857485 
0.00000000099999999991 0.00000000099999999991 0.00000000099999999991 0.00000000099999999991 0.00000000099999999991 0.99999999400000005867 0.00000000099999999991 
0.00000000099999999994 0.00514853530218485796 0.00000000099999999994 0.00000000099999999994 0.00000000099999999994 0.99485145969781507702 0.00000000099999999994 
0.00646425860339937351 0.00000000099999999995 0.00000000099999999995 0.00000000099999999995 0.00000000099999999995 0.99353573639660064387 0.00000000099999999995 
0.00000000099999999984 0.99999999400000005867 0.00000000099999999984 0.00000000099999999984 0.00000000099999999984 0.00000000099999999984 0.00000000099999999984 
0.19105139807844212507 0.00000000099999999999 0.00000000099999999999 0.12416476396609459065 0.12590383600285068311 0.55847633236512150834 0.00040366758749117981 
0.59952532408153058618 0.00000000099999999998 0.00000000099999999998 0.00000000099999999998 0.24444748904787272359 0.00000000099999999998 0.15602718287059683111 
0.00016030439288298854 0.00000000099999999992 0.00000000099999999992 0.00000000099999999992 0.00000000099999999992 0.99983969060711685994 0.00000000099999999992 
0.28674124341808882033 0.00000000099999999998 0.00000000099999999998 0.00010296165235152395 0.16462525026840779674 0.44389714602358970597 0.10463339663756203446 
0.28267587204848781957 0.00000000099999999998 0.00000000099999999998 0.00453018786436139471 0.15893573310949932198 0.00000000099999999998 0.55385820397765139766 
0.00000000099999999976 0.00000000099999999976 0.00000000099999999976 0.00000000099999999976 0.99999999400000005867 0.00000000099999999976 0.00000000099999999976 
0.68267190657409781984 0.00000000099999999994 0.00000000099999999994 0.00000000099999999994 0.31732808842590232157 0.00000000099999999994 0.00000000099999999994 
0.99999999400000016969 0.00000000099999999971 0.00000000099999999971 0.00000000099999999971 0.00000000099999999971 0.00000000099999999971 0.00000000099999999971 
0.00000093748757656331 0.02853594149487040724 0.00000000099999999994 0.00000000099999999994 0.00000000099999999994 0.97146311701755305723 0.00000000099999999994 
0.00000000099999999983 0.00000000099999999983 0.00000000099999999983 0.00000000099999999983 0.99999999400000005867 0.00000000099999999983 0.00000000099999999983 
0.00000000099999999996 0.06260620343977944813 0.00000000099999999996 0.83397277532921276766 0.00000000099999999996 0.00000000099999999996 0.10342101723100786959 
0.00000000099999999994 0.03503172124946837135 0.00000000099999999994 0.00000000099999999994 0.00000000099999999994 0.96496827375053162434 0.00000000099999999994 
0.02338025080189172489 0.00000000099999999994 0.00000000099999999994 0.00000000099999999994 0.00000000099999999994 0.97661974419810837489 0.00000000099999999994 
0.00000000099999999989 0.99999999400000016969 0.00000000099999999989 0.00000000099999999989 0.00000000099999999989 0.00000000099999999989 0.00000000099999999989 
0.03881244428379840294 0.00000448514777511610 0.00000261322010308074 0.94427642274780121401 0.00000000099999999999 0.00000000099999999999 0.01690403260052221815 
0.00000000099999999995 0.00000000099999999995 0.00000000099999999995 0.93630071555562355279 0.00000000099999999995 0.00000000099999999995 0.06369927944437649148 
0.00268306875997500506 0.00001866514663888875 0.00000000099999999999 0.00000000099999999999 0.00000000099999999999 0.99729826028083945477 0.00000000281254666617 
0.00001374183638366122 0.00000000658646002367 0.00002369077815741996 0.00000000100000000000 0.03369477743160501776 0.88289073866407508095 0.08337704370331873449 
0.06151124787551642131 0.00000000099999999997 0.01217849341639545488 0.00000000099999999997 0.00005552904978074673 0.92625472665830732577 0.00000000099999999997 
0.00000000099999999998 0.07834737106357858583 0.00000000099999999998 0.90746536575615710518 0.00000000099999999998 0.00000000099999999998 0.01418725918026428855 
0.00000000099999999980 0.00000000099999999980 0.99999999399999994765 0.00000000099999999980 0.00000000099999999980 0.00000000099999999980 0.00000000099999999980 
0.00000000496951443342 0.00582705415895891365 0.04314573379053224939 0.84671141293196983124 0.00000000099999999999 0.00000000099999999999 0.10431579214902454711 
0.00000000207602081597 0.00000000099999999996 0.00000000099999999996 0.00000000099999999996 0.00125680060437720386 0.99874319331960192958 0.00000000099999999996 
0.00000000099999999987 0.00000000099999999987 0.00000000099999999987 0.00000000099999999987 0.99999999400000005867 0.00000000099999999987 0.00000000099999999987 
0.00000000099999999968 0.00000000099999999968 0.99999999400000005867 0.00000000099999999968 0.00000000099999999968 0.00000000099999999968 0.00000000099999999968 
0.00000000099999999996 0.00000000099999999996 0.00000000099999999996 0.00000000099999999996 0.00000000099999999996 0.99999999400000005867 0.00000000099999999996 
0.00000000099999999992 0.00000000099999999992 0.00000000099999999992 0.00000000099999999992 0.01068191798044805692 0.98931807701955198908 0.00000000099999999992 
0.05381727061293212211 0.00000000099999999994 0.00000000099999999994 0.00000000099999999994 0.00000000099999999994 0.94618272438706774174 0.00000000099999999994 
0.00000000099999999991 0.00000000099999999991 0.00000000099999999991 0.00000000099999999991 0.00000000099999999991 0.00000000099999999991 0.99999999399999994765 
0.00000000100000000000 0.00248688860521139449 0.00459461503073278245 0.07256649199076924128 0.00000000100000000000 0.08539796397898685720 0.83495403839429971349 
0.00000000099999999988 0.99999999400000016969 0.00000000099999999988 0.00000000099999999988 0.00000000099999999988 0.00000000099999999988 0.00000000099999999988 
0.00417480623423714323 0.48697821533498114599 0.00000000099999999997 0.50154768580993025484 0.00000000099999999997 0.00000000099999999997 0.00729928962085157201 
0.00000000099999999988 0.00000000099999999988 0.00000000099999999988 0.00000000099999999988 0.00000000099999999988 0.00000000099999999988 0.99999999400000005867 
0.00000005229878884560 0.01678607431466562147 0.00886054344356953898 0.00000000099999999998 0.00000000099999999998 0.97435332694297593914 0.00000000099999999998 
0.00000000099999999988 0.00000000099999999988 0.00000000099999999988 0.00000000099999999988 0.00000000099999999988 0.00000000099999999988 0.99999999400000005867 
0.00000000099999999991 0.00000000099999999991 0.00000000099999999991 0.00000000099999999991 0.00000000099999999991 0.00000000099999999991 0.99999999399999994765 
0.00000000099999999989 0.00000000099999999989 0.00000000099999999989 0.00000000099999999989 0.00000000099999999989 0.00000000099999999989 0.99999999399999994765 
0.00000085673735871688 0.00000076624547111112 0.02881181584632409517 0.85958508350056916925 0.00000000099999999998 0.00000000099999999998 0.11160147567027704774 
0.00000000099999999983 0.00000000099999999983 0.00000000099999999983 0.00000000099999999983 0.00000000099999999983 0.00000000099999999983 0.99999999400000005867 
0.00000000099999999988 0.00000000099999999988 0.00000000099999999988 0.00729058327371602533 0.00000000099999999988 0.00000000099999999988 0.99270941172628412996 
0.10711879270241835005 0.39566264984877785871 0.00000000099999999994 0.00000000099999999994 0.00000000099999999994 0.49721855344880383498 0.00000000099999999994 
0.03330439293391013189 0.00000601701108985162 0.00000000100000000000 0.79720267009168044314 0.00161176213450511807 0.00000000100000000000 0.16787515582881434861 
0.00000000099999999998 0.00000000099999999998 0.00307288328735327030 0.40466717991091094575 0.00000000099999999998 0.00000000099999999998 0.59225993280173572231 
0.00000000099999999994 0.00000000406532375441 0.00000000099999999994 0.00000754410360361339 0.00000000099999999994 0.00000000099999999994 0.99999244783107255063 
0.00000000099999999996 0.00000000099999999996 0.00954278909338853593 0.99045714633871362320 0.00000000099999999996 0.00000000099999999996 0.00000006056789785444 
0.00000000099999999991 0.00000000099999999991 0.00000000099999999991 0.00237130704054612333 0.00000000099999999991 0.00000000099999999991 0.99762868795945391920 
0.00000000099999999993 0.00000000099999999993 0.00000000099999999993 0.99999999400000005867 0.00000000099999999993 0.00000000099999999993 0.00000000099999999993 
0.00000000099999999994 0.00000000099999999994 0.00000000099999999994 0.97445423811895870436 0.00000000099999999994 0.00000000099999999994 0.02554575688104132949 
0.00000000099999999995 0.00000000099999999995 0.00000000099999999995 0.04087892227211323976 0.00000000099999999995 0.00000000099999999995 0.95912107272788671430 
0.00000000099999999989 0.00000000099999999989 0.00000000099999999989 0.00000000099999999989 0.00000000099999999989 0.00000000099999999989 0.99999999400000005867 
0.00000000099999999998 0.00000000099999999998 0.00000000099999999998 0.00000000099999999998 0.92704599877910776051 0.07295399622089217273 0.00000000099999999998 
0.00000000099999999994 0.00000000099999999994 0.00000000099999999994 0.97066806358550850042 0.00000000099999999994 0.00000000099999999994 0.02933193141449158894 
0.00000000099999999998 0.00000000099999999998 0.01747109614468494304 0.00010501999813266242 0.00456184039853729968 0.00000000099999999998 0.97786204045864499879 
0.00000000099999999988 0.00000000099999999988 0.00000000099999999988 0.00000000099999999988 0.99999999399999994765 0.00000000099999999988 0.00000000099999999988 
0.00000000099999999997 0.00156358482911984507 0.01053371134446511558 0.00000000099999999997 0.00022154950753581936 0.98768115131887923575 0.00000000099999999997 
0.00000000099999999996 0.00000000099999999996 0.00000000099999999996 0.99999999400000005867 0.00000000099999999996 0.00000000099999999996 0.00000000099999999996 
0.00000503524268558273 0.00000000099999999994 0.00000000099999999994 0.00000000099999999994 0.99999495975731444997 0.00000000099999999994 0.00000000099999999994 
0.00000000099999999991 0.01343882160971252189 0.00000000099999999991 0.00000000099999999991 0.98656117339028748248 0.00000000099999999991 0.00000000099999999991 
0.00000000099999999996 0.00000017462170867871 0.00000000099999999996 0.00000000099999999996 0.98152105588644567025 0.01847876549184553074 0.00000000099999999996 
0.00000000099999999987 0.99999999400000005867 0.00000000099999999987 0.00000000099999999987 0.00000000099999999987 0.00000000099999999987 0.00000000099999999987 
0.95948353539280306634 0.00000000099999999989 0.00000000099999999989 0.00000000099999999989 0.04051645960719708894 0.00000000099999999989 0.00000000099999999989 
0.50777758838726683166 0.17972482494754365989 0.01784465945848712903 0.00000017446869801062 0.15656673946240787232 0.00110733255261712973 0.13697868072297944564 
0.00000000099999999991 0.99999999400000005867 0.00000000099999999991 0.00000000099999999991 0.00000000099999999991 0.00000000099999999991 0.00000000099999999991 
0.00000000099999999992 0.00000000099999999992 0.00000000099999999992 0.00000000099999999992 0.00000000099999999992 0.99999999399999994765 0.00000000099999999992 
0.00000000099999999988 0.00000000099999999988 0.00000000099999999988 0.00000000099999999988 0.99999999399999994765 0.00000000099999999988 0.00000000099999999988 
0.99999999400000016969 0.00000000099999999980 0.00000000099999999980 0.00000000099999999980 0.00000000099999999980 0.00000000099999999980 0.00000000099999999980 
0.99999999400000005867 0.00000000099999999983 0.00000000099999999983 0.00000000099999999983 0.00000000099999999983 0.00000000099999999983 0.00000000099999999983 
0.00029406797483918503 0.04509084146459851200 0.03880508878171108622 0.00000000099999999999 0.84757228611786483707 0.06823771366098640989 0.00000000099999999999 
0.15202338892203687282 0.43992020137723836237 0.00292654533565435285 0.20139019482438527686 0.04627345660495912200 0.15746561842176792778 0.00000059451395808694 
0.02296583096726085432 0.00000000100000000000 0.00247925868188493071 0.13097154902915525421 0.06138318336706142381 0.77946878916215689426 0.00273138779248065927 
0.00000000099999999989 0.99999999400000005867 0.00000000099999999989 0.00000000099999999989 0.00000000099999999989 0.00000000099999999989 0.00000000099999999989 
0.04816232705516992202 0.00000000099999999996 0.00271197915163452546 0.00000000099999999996 0.94912568979319555940 0.00000000099999999996 0.00000000099999999996 
0.00000000099999999991 0.00000000099999999991 0.00000000099999999991 0.00000000099999999991 0.00000000099999999991 0.99999999399999994765 0.00000000099999999991 
0.05322498348014451791 0.00235407286088808784 0.00000000099999999997 0.00000000099999999997 0.02132286590197555315 0.92309807475699179324 0.00000000099999999997 
0.00000000099999999987 0.99999999400000005867 0.00000000099999999987 0.00000000099999999987 0.00000000099999999987 0.00000000099999999987 0.00000000099999999987 
0.00000000099999999995 0.03679599903552052687 0.00000000099999999995 0.00000000099999999995 0.00959652555323253775 0.95360747141124690973 0.00000000099999999995 
0.99999999400000016969 0.00000000099999999982 0.00000000099999999982 0.00000000099999999982 0.00000000099999999982 0.00000000099999999982 0.00000000099999999982 
0.00000000099999999995 0.99999999400000005867 0.00000000099999999995 0.00000000099999999995 0.00000000099999999995 0.00000000099999999995 0.00000000099999999995 
0.00003922886116095152 0.00000000099999999993 0.00000000099999999993 0.00000000099999999993 0.93482897806650144812 0.06513178907233752035 0.00000000099999999993 
0.00000000099999999994 0.99999999400000016969 0.00000000099999999994 0.00000000099999999994 0.00000000099999999994 0.00000000099999999994 0.00000000099999999994 
0.02574750890399682413 0.00182460645042681075 0.00000000099999999996 0.00000000099999999996 0.04088891950222908744 0.93153896214334719339 0.00000000099999999996 
0.00000000099999999989 0.00000000099999999989 0.00000000099999999989 0.00000000099999999989 0.00000000099999999989 0.00000000099999999989 0.99999999399999994765 
0.00000000099999999979 0.00000000099999999979 0.00000000099999999979 0.00000000099999999979 0.00000000099999999979 0.00000000099999999979 0.99999999399999994765 
0.00000000099999999995 0.00000000099999999995 0.03064791889305612180 0.95465943634207128810 0.00000000099999999995 0.00000000099999999995 0.01469264076487263905 
0.00000000099999999994 0.00000000099999999994 0.00000011028638302453 0.98156045333442021317 0.00000000099999999994 0.00000000099999999994 0.01843943237919675252 
0.01881630081203976984 0.00192888576128321136 0.04999225874005713138 0.00489918355084118570 0.89715926553723313042 0.00000055604859181943 0.02720354954995379479 
0.00000000099999999995 0.09703548116905059973 0.00000000099999999995 0.84574115137106298246 0.00000000099999999995 0.00000000099999999995 0.05722336345988641992 
0.00000000099999999996 0.00000000099999999996 0.00000525163527734467 0.99999473296604290962 0.00000000099999999996 0.00000000099999999996 0.00000001139867981516 
0.00000000099999999999 0.00001767476810810591 0.00756465436846198973 0.00000000099999999999 0.85501406227437604102 0.01552344303296582240 0.12188016355608793928 
0.00000000099999999999 0.02950505516629557332 0.02124068130656248110 0.74671154774737835691 0.00000000099999999999 0.10242519464356757142 0.10011751913619602872 
0.00000000099999999985 0.00000000099999999985 0.00000000099999999985 0.00000000099999999985 0.00000000099999999985 0.00000000099999999985 0.99999999399999994765 
0.00023782800624325988 0.00000074445883726412 0.00000000099999999999 0.04813264584689860154 0.82561012266150490824 0.00002416855703308415 0.12599448946948269001 
0.00860305038758873639 0.01577341922487484130 0.00000000099999999993 0.00000000099999999993 0.08374335797526902270 0.89188016941226722079 0.00000000099999999993 
0.00000000099999999987 0.00000000099999999987 0.00000000099999999987 0.00000000099999999987 0.99999999399999994765 0.00000000099999999987 0.00000000099999999987 
0.19296195922995612593 0.80703803577004384895 0.00000000099999999990 0.00000000099999999990 0.00000000099999999990 0.00000000099999999990 0.00000000099999999990 
0.00000000099999999996 0.00751569215691091658 0.00000000099999999996 0.00000000099999999996 0.00000000099999999996 0.99248430284308897242 0.00000000099999999996 
0.00000000099999999996 0.00000000099999999996 0.00000000099999999996 0.99999999222547075739 0.00000000099999999996 0.00000000099999999996 0.00000000277452932445 
0.01866427113028281196 0.00003577787254555954 0.00000489399089069219 0.78142185550014142681 0.16411427346438173247 0.00000000506422769075 0.03575892297753007626 
0.00791911368249867409 0.00000000099999999997 0.00000000099999999997 0.95801794401347029062 0.00000000099999999997 0.00000000099999999997 0.03406293830403118311 
0.00000000099999999996 0.00000000099999999996 0.00000000099999999996 0.93239597493735282274 0.00000000099999999996 0.00000000099999999996 0.06760402006264711050 
0.00000000099999999999 0.00000005694822020892 0.00000000099999999999 0.94081411185290997334 0.00000000099999999999 0.00324551790486805230 0.05594031029400171884 
0.00000000099999999990 0.00000000099999999990 0.00000000099999999990 0.91854106683467851013 0.00000000099999999990 0.00000000099999999990 0.08145892816532157577 
0.05745903154052528494 0.00000000099999999995 0.00000000099999999995 0.00000000099999999995 0.00000913637687364458 0.94253182808260094205 0.00000000099999999995 
0.00000000099999999993 0.99999999400000016969 0.00000000099999999993 0.00000000099999999993 0.00000000099999999993 0.00000000099999999993 0.00000000099999999993 
0.00000000099999999994 0.02061013746013835163 0.00000000099999999994 0.00000000099999999994 0.01469713879210087643 0.96469271974776082956 0.00000000099999999994 
0.00000000099999999997 0.00000000099999999997 0.00000000099999999997 0.00000000099999999997 0.00000008204668195593 0.99999991295331791541 0.00000000099999999997 
0.00000000099999999985 0.99999999400000016969 0.00000000099999999985 0.00000000099999999985 0.00000000099999999985 0.00000000099999999985 0.00000000099999999985 
0.00000000099999999982 0.00000000099999999982 0.00000000099999999982 0.00000000099999999982 0.99999999400000005867 0.00000000099999999982 0.00000000099999999982 
0.00000000099999999990 0.00000000099999999990 0.00000000099999999990 0.00000000099999999990 0.99999999400000005867 0.00000000099999999990 0.00000000099999999990 
0.00000000099999999990 0.00000000099999999990 0.00000000099999999990 0.00000000099999999990 0.00000000099999999990 0.99999999400000005867 0.00000000099999999990 
0.00001615507968813108 0.00000000099999999993 0.00000000099999999993 0.00000000099999999993 0.00000000099999999993 0.99998383992031181222 0.00000000099999999993 
0.00000000099999999992 0.00000000099999999992 0.00000000099999999992 0.00000000099999999992 0.00000001914463524408 0.99999997585536470890 0.00000000099999999992 
0.00000000099999999990 0.00000000099999999990 0.00000000099999999990 0.00000000099999999990 0.99999999399999994765 0.00000000099999999990 0.00000000099999999990 
0.00000000099999999997 0.00000318496972938002 0.00000000099999999997 0.00000000099999999997 0.96298681591835766369 0.03700999511191289948 0.00000000099999999997 
0.00000000099999999992 0.00000026147770954753 0.00000000099999999992 0.00000000099999999992 0.00000000099999999992 0.99999973352229043488 0.00000000099999999992 
0.00000000099999999987 0.99999999400000005867 0.00000000099999999987 0.00000000099999999987 0.00000000099999999987 0.00000000099999999987 0.00000000099999999987 
0.01236404347098724044 0.05407777647433911067 0.03276617766543730992 0.00000000099999999999 0.02848396662189946540 0.87230803376733689891 0.00000000099999999999 
0.00000000099999999985 0.00000000099999999985 0.00000000099999999985 0.00000000099999999985 0.99999999400000005867 0.00000000099999999985 0.00000000099999999985 
0.00004683206395074681 0.00000000099999999992 0.00000000099999999992 0.00000000099999999992 0.00000447597947618860 0.99994868795657310123 0.00000000099999999992 
0.00371569641239363627 0.02924541023198693607 0.01252577971334917391 0.86094732204820434429 0.00000000099999999999 0.00000000099999999999 0.09356578959406594564 
0.05720235907633679229 0.11816038766087334777 0.00000000099999999995 0.00000000099999999995 0.81310816435320298901 0.01152908590958684129 0.00000000099999999995 
0.00000000099999999997 0.00000000099999999997 0.01575655876589458770 0.90849052763520687925 0.00000000099999999997 0.07570580522274947266 0.00004710537614897908 
0.00000000099999999984 0.00000000099999999984 0.00000000099999999984 0.00000000099999999984 0.99999999400000005867 0.00000000099999999984 0.00000000099999999984 
0.00000005817840436867 0.00200669175664163575 0.00000000099999999995 0.00000000099999999995 0.00000013968448775260 0.99799310738046620450 0.00000000099999999995 
0.00000000099999999991 0.00000000099999999991 0.00000000099999999991 0.00000000099999999991 0.00000000099999999991 0.99999999400000005867 0.00000000099999999991 
0.00000000099999999988 0.00000000099999999988 0.00000000099999999988 0.00000000099999999988 0.99999999400000005867 0.00000000099999999988 0.00000000099999999988 
0.00000000099999999992 0.00000000099999999992 0.00000000099999999992 0.00000000099999999992 0.00000000099999999992 0.99999999399999994765 0.00000000099999999992 
0.00001168117471361427 0.05011154518790658652 0.07059189782207060671 0.19244456342789939551 0.01502110240424534005 0.63860367464808431848 0.03321553533508009998 
0.00000000099999999989 0.00000000099999999989 0.00000000099999999989 0.00000000099999999989 0.99999999400000005867 0.00000000099999999989 0.00000000099999999989 
0.00000000099999999999 0.00000279461341715329 0.00000000099999999999 0.00000000099999999999 0.00307488278627111433 0.99692006920378972712 0.00000225039652205788 
0.00000000099999999995 0.00000000099999999995 0.00488882432340008097 0.13741238750485368358 0.00000000099999999995 0.00000000099999999995 0.85769878417174638674 
0.00000000099999999964 0.00000000099999999964 0.99999999400000005867 0.00000000099999999964 0.00000000099999999964 0.00000000099999999964 0.00000000099999999964 
0.00000000099999999992 0.00000000099999999992 0.00000000099999999992 0.99999827429902765630 0.00000000099999999992 0.00000000099999999992 0.00000172070097236933 
0.00000000099999999995 0.00000000099999999995 0.00000000099999999995 0.98996787213328152344 0.00000000099999999995 0.00000000099999999995 0.01003212286671858154 
0.00000000099999999997 0.00000000099999999997 0.00000000099999999997 0.99999999400000005867 0.00000000099999999997 0.00000000099999999997 0.00000000099999999997 
0.00002450351045434660 0.00000000099999999997 0.00000000099999999997 0.99837355946887451630 0.00000000099999999997 0.00000000099999999997 0.00160193302067122519 
0.00000000099999999997 0.00000000099999999997 0.00000000099999999997 0.95939464320880507575 0.01522629832495579587 0.00000000099999999997 0.02537905446623916345 
0.00139156420284281077 0.00000000100000000000 0.00643447614758789217 0.71507251683218520100 0.01957087457093664717 0.08123076417046988518 0.17629980307597761802 
0.00000000099999999993 0.00000000307496063647 0.00000000099999999993 0.99999999192503929990 0.00000000099999999993 0.00000000099999999993 0.00000000099999999993 
0.00000000099999999984 0.00000000099999999984 0.00000000099999999984 0.00000000099999999984 0.99999999399999994765 0.00000000099999999984 0.00000000099999999984 
0.01174117808329399118 0.00000000099999999997 0.01258623298491952022 0.93367061611993340531 0.00000000099999999997 0.00000000099999999997 0.04200196981185314038 
0.00000000099999999965 0.00000000099999999965 0.99999999400000005867 0.00000000099999999965 0.00000000099999999965 0.00000000099999999965 0.00000000099999999965 
0.00000000099999999995 0.00000000099999999995 0.00000000099999999995 0.96311682052898628381 0.00000000099999999995 0.00000000099999999995 0.03688317447101389923 
0.00000000099999999988 0.00000000099999999988 0.00000000099999999988 0.00000000099999999988 0.00000000099999999988 0.00000000099999999988 0.99999999399999994765 
0.00000000099999999991 0.00000000099999999991 0.00000000099999999991 0.00000000099999999991 0.00000000099999999991 0.99999999399999994765 0.00000000099999999991 
0.00000000099999999984 0.00000000099999999984 0.00000000099999999984 0.00000000099999999984 0.00000000099999999984 0.00000000099999999984 0.99999999399999994765 
0.00000000099999999988 0.00000000099999999988 0.00000000099999999988 0.00000000099999999988 0.00000000099999999988 0.00000000099999999988 0.99999999399999994765 
0.00000000099999999999 0.02723030118339759414 0.00790674994952066806 0.90876094241734461932 0.00000000099999999999 0.00027552517611051028 0.05582647927362667517 
0.00000000099999999997 0.03078578811584460964 0.00000000099999999997 0.89602090223671704283 0.00000000099999999997 0.00000000099999999997 0.07319330564743853351 
0.00000000099999999992 0.00000000099999999992 0.00000000099999999992 0.00000000099999999992 0.00000000099999999992 0.00000000099999999992 0.99999999400000005867 
0.00000000099999999987 0.00000000099999999987 0.00000000099999999987 0.00000000099999999987 0.00000000099999999987 0.00000000099999999987 0.99999999399999994765 
0.00000000099999999998 0.00000064773073256859 0.00000149293206256914 0.91813511592893048974 0.00000000099999999998 0.00000000099999999998 0.08186274040827432041 
0.00000000099999999992 0.00000000099999999992 0.00000000099999999992 0.00000000099999999992 0.00000000099999999992 0.99999999399999994765 0.00000000099999999992 
0.01795115276070081284 0.00000000099999999999 0.01013129995507366064 0.88080434346987945826 0.00348273120548743889 0.00000000099999999999 0.08763047060885867379 
0.00000000099999999987 0.00000000099999999987 0.00000000099999999987 0.00000000099999999987 0.00000000099999999987 0.00000000099999999987 0.99999999399999994765 
0.00000000099999999998 0.03837954155766024056 0.00003662525521839357 0.93069563550594058832 0.00000000099999999998 0.00000000099999999998 0.03088819468118091452 
0.00000000099999999997 0.00000000099999999997 0.00000000099999999997 0.94282392211219068212 0.00000000099999999997 0.00000000099999999997 0.05717607288780943153 
0.00000000099999999989 0.00000000099999999989 0.00000000099999999989 0.00000000099999999989 0.00000000099999999989 0.00000000099999999989 0.99999999400000005867 
0.00000000099999999991 0.00000000099999999991 0.00000000099999999991 0.00000000099999999991 0.00000000099999999991 0.99999999399999994765 0.00000000099999999991 
0.00000000099999999994 0.00000000099999999994 0.00000000099999999994 0.00000000099999999994 0.00000000099999999994 0.00000000099999999994 0.99999999400000005867 
0.00000000099999999998 0.00000000099999999998 0.00000000099999999998 0.97369669334084274492 0.00206260677637938204 0.00000024573730121717 0.02424045114547675531 
0.05154647905704676930 0.00000000099999999998 0.00000000099999999998 0.92700017029184411665 0.00000000099999999998 0.00000000099999999998 0.02145334665110925146 
0.00000000099999999995 0.01395491994225857638 0.00000000099999999995 0.94103395976210624241 0.00000000099999999995 0.00000000099999999995 0.04501111629563525618 
0.00000000099999999990 0.00000000099999999990 0.00000000099999999990 0.00000000099999999990 0.00000000099999999990 0.99999999399999994765 0.00000000099999999990 
0.01340446332089945472 0.13292127988633073432 0.00000000099999999998 0.79564202193451682987 0.00000000099999999998 0.00000000099999999998 0.05803223185825300001 
0.00000000099999999997 0.00486560446317012025 0.00891360784824301276 0.91335037112604156029 0.00000000099999999997 0.00000000099999999997 0.07287041356254539415 
0.00000000099999999993 0.00000000099999999993 0.00000000099999999993 0.99999999399999994765 0.00000000099999999993 0.00000000099999999993 0.00000000099999999993 
0.00000000099999999999 0.00000677742875345891 0.02267247906431613808 0.97704529886259761096 0.00000000099999999999 0.00000000099999999999 0.00027544164433287440 
0.00000001243354262733 0.02158181174292643154 0.00000000099999999998 0.13425597801645727802 0.00000000099999999998 0.01993130853843674832 0.82423088726863691367 
0.00000000099999999998 0.00000000099999999998 0.00000000099999999998 0.00000000413651858677 0.00000000099999999998 0.86513182437825364435 0.13486816748522789666 
0.03093238625932299979 0.04001721346814592073 0.00000000099999999998 0.91402546793723959961 0.00000000099999999998 0.00000000099999999998 0.01502492933529167053 
0.00000000099999999980 0.00000000099999999980 0.00000000099999999980 0.00000000099999999980 0.00000000099999999980 0.00000000099999999980 0.99999999400000005867 
0.00000000099999999998 0.00000000099999999998 0.00000000099999999998 0.00102988597494282083 0.00000000099999999998 0.00000000099999999998 0.99897010902505722907 
0.00000000099999999999 0.00000046201126862926 0.00000000099999999999 0.32175400262037262555 0.05214052180150240828 0.00000000099999999999 0.62610501056685630150 
0.00000000099999999999 0.09534909292270271619 0.00000000099999999999 0.17284327587556941319 0.00000000099999999999 0.37813289599622135206 0.35367473220550643687 
0.00000000099999999991 0.00000000099999999991 0.00000000099999999991 0.99999999399999994765 0.00000000099999999991 0.00000000099999999991 0.00000000099999999991 
0.00000001329897018558 0.00372845687519804446 0.02664533346831097702 0.40689517589412099730 0.06043124441447781520 0.41000056678535362620 0.09229920926356842414 
0.00000000099999999997 0.22643272210719117554 0.00000000099999999997 0.76195653041963762320 0.00000000099999999997 0.00000000099999999997 0.01161074347317122418 
0.00042952612010389320 0.00000000099999999998 0.00000000099999999998 0.99957046887989620121 0.00000000099999999998 0.00000000099999999998 0.00000000099999999998 
0.00267902585193578778 0.00007449441965432344 0.00000000099999999999 0.63960353618046184021 0.00000000099999999999 0.35764293601783575527 0.00000000553011227708 
0.00003365760956955974 0.00000000099999999999 0.00000000099999999999 0.63306350744423389720 0.00000000099999999999 0.02140706293626046253 0.34549576900993594908 
0.03254561796662400891 0.00000000099999999998 0.00000000099999999998 0.17720379082110807034 0.78416654960434728494 0.00000000099999999998 0.00608403860792052636 
0.99999999400000005867 0.00000000099999999982 0.00000000099999999982 0.00000000099999999982 0.00000000099999999982 0.00000000099999999982 0.00000000099999999982 
0.00000000099999999996 0.01301673618208104739 0.00000000099999999996 0.92487681229975604591 0.00000000099999999996 0.00000000099999999996 0.06210644751816315340 
0.00000000099999999989 0.00000000099999999989 0.00000000099999999989 0.00000000099999999989 0.00000000099999999989 0.00000000099999999989 0.99999999400000005867 
0.00000000099999999992 0.00000000099999999992 0.00000000099999999992 0.00000000099999999992 0.00000000099999999992 0.00000000099999999992 0.99999999400000005867 
0.00000000099999999988 0.00000000099999999988 0.00000000099999999988 0.00000000099999999988 0.00000000099999999988 0.00000000099999999988 0.99999999400000005867 
0.00000000099999999986 0.00000000099999999986 0.99999999399999994765 0.00000000099999999986 0.00000000099999999986 0.00000000099999999986 0.00000000099999999986 
0.02500731100463307946 0.00000000099999999998 0.00000000099999999998 0.94814712079123641963 0.00000000099999999998 0.00000000099999999998 0.02684556420413055852 
0.00000000099999999993 0.00000000099999999993 0.00000000099999999993 0.99342229325298769815 0.00000000099999999993 0.00000000099999999993 0.00657770174701236346 
0.00000000099999999995 0.00000000099999999995 0.01594280014309028964 0.05017182373390344924 0.00000000099999999995 0.00000000099999999995 0.93388537212300615220 
0.00034273883419274747 0.01255304430083837956 0.00003011041878984069 0.90530422107691077560 0.00000000099999999998 0.00000000099999999998 0.08176988336926828416 
0.00000000099999999988 0.00000000099999999988 0.00000000099999999988 0.00000000099999999988 0.00000000099999999988 0.00000000099999999988 0.99999999400000005867 
0.00000000099999999963 0.00000000099999999963 0.99999999400000005867 0.00000000099999999963 0.00000000099999999963 0.00000000099999999963 0.00000000099999999963 
0.00000000099999999990 0.00000000099999999990 0.00000000099999999990 0.00000000099999999990 0.00000000099999999990 0.00000000099999999990 0.99999999399999994765 
0.00000000099999999993 0.00000000099999999993 0.00000000099999999993 0.00012570962022113912 0.00000000099999999993 0.00000000099999999993 0.99987428537977884879 
0.00000000099999999963 0.00000000099999999963 0.99999999400000005867 0.00000000099999999963 0.00000000099999999963 0.00000000099999999963 0.00000000099999999963 
0.00000000099999999980 0.00000000099999999980 0.99999999399999994765 0.00000000099999999980 0.00000000099999999980 0.00000000099999999980 0.00000000099999999980 
0.00973751175451033173 0.00000000099999999997 0.00981894688434336790 0.98044353736114642217 0.00000000099999999997 0.00000000099999999997 0.00000000099999999997 
0.00000000099999999982 0.00000000099999999982 0.00000000099999999982 0.00000000099999999982 0.00000000099999999982 0.00000000099999999982 0.99999999400000005867 
0.00000000099999999998 0.01640591150251936858 0.02471332954878926319 0.92202129341614735836 0.00000000099999999998 0.00000000099999999998 0.03685946253254406696 
0.00000000099999999986 0.00000000099999999986 0.00000000099999999986 0.00000000099999999986 0.00000000099999999986 0.00000000099999999986 0.99999999400000005867 
