0.00000000099999999999 0.12484675015068703863 0.00000000099999999999 0.00000000099999999999 0.36253135653341389544 0.00000000099999999999 0.18124542499778281690 0.00000000099999999999 0.00000000099999999999 0.33137646231811623831 
0.99999999100000014352 0.00000000099999999991 0.00000000099999999991 0.00000000099999999991 0.00000000099999999991 0.00000000099999999991 0.00000000099999999991 0.00000000099999999991 0.00000000099999999991 0.00000000099999999991 
0.38246218971834572420 0.46223860838256342065 0.00000000099999999997 0.00000000099999999997 0.12990461613292997312 0.00000000099999999997 0.00058172444117769370 0.02481285632498325330 0.00000000099999999997 0.00000000099999999997 
0.51192920759404381137 0.41696207463370393853 0.00000000099999999996 0.00000000099999999996 0.00000000099999999996 0.00121570229457325027 0.06989300947767923544 0.00000000099999999996 0.00000000099999999996 0.00000000099999999996 
0.43504579097953310907 0.45967145820003479928 0.00000000099999999993 0.00000000099999999993 0.10528274382043235902 0.00000000099999999993 0.00000000099999999993 0.00000000099999999993 0.00000000099999999993 0.00000000099999999993 
0.00000000099999999982 0.99999999100000025454 0.00000000099999999982 0.00000000099999999982 0.00000000099999999982 0.00000000099999999982 0.00000000099999999982 0.00000000099999999982 0.00000000099999999982 0.00000000099999999982 
0.00000000099999999981 0.00000000099999999981 0.00000000099999999981 0.99999999100000014352 0.00000000099999999981 0.00000000099999999981 0.00000000099999999981 0.00000000099999999981 0.00000000099999999981 0.00000000099999999981 
0.00000000099999999976 0.00000000099999999976 0.00000000099999999976 0.00000000099999999976 0.99999999100000003249 0.00000000099999999976 0.00000000099999999976 0.00000000099999999976 0.00000000099999999976 0.00000000099999999976 
0.49113066991907544656 0.42464051216772236153 0.00000000099999999989 0.00000000099999999989 0.06976130891460619043 0.00000000099999999989 0.00000000099999999989 0.00000000099999999989 0.01446750299859607576 0.00000000099999999989 
0.00000000099999999966 0.00000000099999999966 0.00000000099999999966 0.00000000099999999966 0.00000000099999999966 0.00000000099999999966 0.00000000099999999966 0.99999999099999992147 0.00000000099999999966 0.00000000099999999966 
0.00000000099999999987 0.00000000099999999987 0.00000000099999999987 0.90890791154732653023 0.00000000099999999987 0.00000000099999999987 0.00000000099999999987 0.09109208045267355724 0.00000000099999999987 0.00000000099999999987 
0.00000000099999999992 0.00000000099999999992 0.00000000099999999992 0.78907707720566566678 0.00000000099999999992 0.00000000099999999992 0.00000000099999999992 0.21092291479433433743 0.00000000099999999992 0.00000000099999999992 
0.00000000099999999978 0.00000000099999999978 0.00000000099999999978 0.00000000099999999978 0.00000000099999999978 0.99999999100000014352 0.00000000099999999978 0.00000000099999999978 0.00000000099999999978 0.00000000099999999978 
0.00000000099999999996 0.09776560837243675195 0.26809435163993305951 0.31025711185391291469 0.00000000099999999996 0.05152120667891196826 0.00000000099999999996 0.27236171645480528047 0.00000000099999999996 0.00000000099999999996 
0.00000000099999999986 0.00000000099999999986 0.99999999100000003249 0.00000000099999999986 0.00000000099999999986 0.00000000099999999986 0.00000000099999999986 0.00000000099999999986 0.00000000099999999986 0.00000000099999999986 
0.00000000099999999960 0.00000000099999999960 0.00000000099999999960 0.00000000099999999960 0.00000000099999999960 0.00000000099999999960 0.00000000099999999960 0.99999999100000003249 0.00000000099999999960 0.00000000099999999960 
0.00000000099999999993 0.00000000099999999993 0.37611534388003303730 0.15018071783289529963 0.00000000099999999993 0.07991542906509975508 0.07510097030429900566 0.31868753391767301597 0.00000000099999999993 0.00000000099999999993 
0.00000000099999999994 0.00000000099999999994 0.43547546040329920825 0.00000000099999999994 0.22980274707053127692 0.00000000099999999994 0.33472178552616954628 0.00000000099999999994 0.00000000099999999994 0.00000000099999999994 
0.00000000099999999904 0.00000000099999999904 0.99999999100000014352 0.00000000099999999904 0.00000000099999999904 0.00000000099999999904 0.00000000099999999904 0.00000000099999999904 0.00000000099999999904 0.00000000099999999904 
0.00000000099999999989 0.00000000099999999989 0.66341346973743575699 0.00000000099999999989 0.00000000099999999989 0.33658652226256446927 0.00000000099999999989 0.00000000099999999989 0.00000000099999999989 0.00000000099999999989 
0.00000000099999999967 0.00000000099999999967 0.16469900791801561635 0.00000000099999999967 0.00000000099999999967 0.83530098408198438786 0.00000000099999999967 0.00000000099999999967 0.00000000099999999967 0.00000000099999999967 
0.00000000099999999988 0.00000000099999999988 0.00000000099999999988 0.73458706802010920178 0.00000000099999999988 0.01978061733990781751 0.00000000099999999988 0.24563230763998308848 0.00000000099999999988 0.00000000099999999988 
0.00000000099999999972 0.00000000099999999972 0.00000000099999999972 0.00000000099999999972 0.00000000099999999972 0.00000000099999999972 0.00000000099999999972 0.00000000099999999972 0.00000000099999999972 0.99999999100000003249 
0.53491052493466484385 0.31445651824132436758 0.00000000099999999995 0.00000000099999999995 0.03356075353962870156 0.04883341843755068662 0.06823877984683140996 0.00000000099999999995 0.00000000099999999995 0.00000000099999999995 
0.00000000099999999988 0.00000000099999999988 0.00000000099999999988 0.60606001860005631610 0.00000000099999999988 0.01802676362999367995 0.00000000099999999988 0.37591321076994993478 0.00000000099999999988 0.00000000099999999988 
0.00000000099999999969 0.00000000099999999969 0.00000000099999999969 0.00000000099999999969 0.00000000099999999969 0.00000000099999999969 0.00000000099999999969 0.99999999099999992147 0.00000000099999999969 0.00000000099999999969 
0.00000000099999999988 0.00000000099999999988 0.00000000099999999988 0.00000000099999999988 0.00000000099999999988 0.99999999100000014352 0.00000000099999999988 0.00000000099999999988 0.00000000099999999988 0.00000000099999999988 
0.99838581922053493134 0.00000000099999999995 0.00000000099999999995 0.00000000099999999995 0.00000000099999999995 0.00161417277946508892 0.00000000099999999995 0.00000000099999999995 0.00000000099999999995 0.00000000099999999995 
0.71819655500511314639 0.21196784628812256890 0.00000000099999999991 0.00000000099999999991 0.06983559112872135544 0.00000000099999999991 0.00000000157804308261 0.00000000099999999991 0.00000000099999999991 0.00000000099999999991 
0.00000000099999999992 0.00000000099999999992 0.00000000099999999992 0.99999999100000003249 0.00000000099999999992 0.00000000099999999992 0.00000000099999999992 0.00000000099999999992 0.00000000099999999992 0.00000000099999999992 
0.00000000099999999998 0.00000000099999999998 0.05697338945487472051 0.45270093311120601642 0.00000001237923216590 0.00000000099999999998 0.06553751946501075454 0.42478814058967634404 0.00000000099999999998 0.00000000099999999998 
0.00000000099999999991 0.00000000099999999991 0.00000000099999999991 0.45845827393409510631 0.00000000099999999991 0.01321436902659082688 0.00000000099999999991 0.49832185833228898053 0.00000005339758415223 0.03000544030944077983 
0.65740272460530768672 0.23726330787115046395 0.00000000099999999996 0.00000000099999999996 0.00000000099999999996 0.06398664115449673173 0.03783446686937461112 0.00351285449967050000 0.00000000099999999996 0.00000000099999999996 
0.00000000099999999969 0.00000000099999999969 0.00000000099999999969 0.00000000099999999969 0.00000000099999999969 0.00000000099999999969 0.00000000099999999969 0.00000000099999999969 0.99999999099999992147 0.00000000099999999969 
0.33290525910286006273 0.51571515938926082434 0.00000000099999999998 0.00000000099999999998 0.10655745099197629078 0.00550404055212710790 0.00000000200099081477 0.00000000099999999998 0.03931808396278498041 0.00000000099999999998 
0.00000000099999999984 0.00000000099999999984 0.00000000099999999984 0.99999999100000003249 0.00000000099999999984 0.00000000099999999984 0.00000000099999999984 0.00000000099999999984 0.00000000099999999984 0.00000000099999999984 
0.00000000099999999976 0.00000000099999999976 0.00000000099999999976 0.00000000099999999976 0.00000000099999999976 0.00000000099999999976 0.00000000099999999976 0.00000000099999999976 0.00000000099999999976 0.99999999100000003249 
0.00000000099999999949 0.00000000099999999949 0.00000000099999999949 0.00000000099999999949 0.00000000099999999949 0.00000000099999999949 0.00000000099999999949 0.00000000099999999949 0.99999999100000003249 0.00000000099999999949 
0.00000000099999999991 0.00000000099999999991 0.01172237023044473379 0.56900861167582206246 0.00000000099999999991 0.00000000099999999991 0.00000000099999999991 0.41926901109373332366 0.00000000099999999991 0.00000000099999999991 
0.00000000099999999983 0.00000000099999999983 0.00000000099999999983 0.99999999100000003249 0.00000000099999999983 0.00000000099999999983 0.00000000099999999983 0.00000000099999999983 0.00000000099999999983 0.00000000099999999983 
0.00000000099999999988 0.00000000099999999988 0.00000000099999999988 0.47993131956648749092 0.00000000099999999988 0.00000801122482684559 0.00000000099999999988 0.52006066220868552019 0.00000000099999999988 0.00000000099999999988 
0.00000000099999999980 0.00000000099999999980 0.00000000099999999980 0.00000000099999999980 0.99999999100000003249 0.00000000099999999980 0.00000000099999999980 0.00000000099999999980 0.00000000099999999980 0.00000000099999999980 
0.00000000099999999999 0.10145497151238666578 0.00000000099999999999 0.08197953075992461813 0.64123155932636821674 0.00000000099999999999 0.17034591253439737568 0.00000000099999999999 0.00498802086692314104 0.00000000099999999999 
0.00000000099999999984 0.00000000099999999984 0.00000000099999999984 0.00000000099999999984 0.00000000099999999984 0.99999999100000014352 0.00000000099999999984 0.00000000099999999984 0.00000000099999999984 0.00000000099999999984 
0.52150181796291283920 0.00000000099999999994 0.00000000099999999994 0.00000000099999999994 0.00000246086056295343 0.47849571417652442262 0.00000000099999999994 0.00000000099999999994 0.00000000099999999994 0.00000000099999999994 
0.00000000099999999984 0.00000000099999999984 0.00000000099999999984 0.00000000099999999984 0.75990746720700197425 0.00000000099999999984 0.24009252479299805771 0.00000000099999999984 0.00000000099999999984 0.00000000099999999984 
0.00000000099999999995 0.00000000099999999995 0.00000000099999999995 0.87152660077590560217 0.00000000099999999995 0.00561177870488065948 0.00000000099999999995 0.10771439807768155850 0.01514721644153212664 0.00000000099999999995 
0.00000000099999999979 0.00000000099999999979 0.00000000099999999979 0.00000000099999999979 0.99999999100000014352 0.00000000099999999979 0.00000000099999999979 0.00000000099999999979 0.00000000099999999979 0.00000000099999999979 
0.00000000099999999983 0.00000000099999999983 0.00000000099999999983 0.00000000099999999983 0.99999999100000014352 0.00000000099999999983 0.00000000099999999983 0.00000000099999999983 0.00000000099999999983 0.00000000099999999983 
0.00000000099999999966 0.00000000099999999966 0.00000000099999999966 0.00000000099999999966 0.00000000099999999966 0.00000000099999999966 0.99999999100000003249 0.00000000099999999966 0.00000000099999999966 0.00000000099999999966 
0.63280252832605532465 0.20569569318426442206 0.00000000099999999995 0.00000000099999999995 0.00000000099999999995 0.00000000099999999995 0.13876570127419690648 0.00000000099999999995 0.02273607121548351997 0.00000000099999999995 
0.00000000099999999977 0.00000000099999999977 0.00000000099999999977 0.00000000099999999977 0.79799586435539182627 0.00000000099999999977 0.20200412764460826121 0.00000000099999999977 0.00000000099999999977 0.00000000099999999977 
0.00000000099999999983 0.04701741762076255826 0.00000000099999999983 0.00000000099999999983 0.62052979600728574994 0.00000000099999999983 0.33245277937195183426 0.00000000099999999983 0.00000000099999999983 0.00000000099999999983 
0.00000000099999999989 0.00000000099999999989 0.00000000099999999989 0.50699018392121575349 0.00000000099999999989 0.49300980807878430623 0.00000000099999999989 0.00000000099999999989 0.00000000099999999989 0.00000000099999999989 
0.36568395374588696933 0.45263197474987643121 0.00691609944947120438 0.00000000099999999999 0.05074359018926016818 0.01515156026202462390 0.10887281760348067883 0.00000000099999999999 0.00000000099999999999 0.00000000099999999999 
0.00000000099999999994 0.45084628935791803972 0.00000000099999999994 0.00000000099999999994 0.54915369739405872629 0.00000000099999999994 0.00000000624802305496 0.00000000099999999994 0.00000000099999999994 0.00000000099999999994 
0.00000000099999999983 0.00000000099999999983 0.00000000099999999983 0.00000000099999999983 0.99999999100000003249 0.00000000099999999983 0.00000000099999999983 0.00000000099999999983 0.00000000099999999983 0.00000000099999999983 
0.59956441095751167314 0.39661442520889911290 0.00000000099999999993 0.00000000099999999993 0.00078400634601561358 0.00000000099999999993 0.00000000099999999993 0.00000000099999999993 0.00303715148757361872 0.00000000099999999993 
0.00000000099999999988 0.05183888576259863823 0.00000000099999999988 0.00000000099999999988 0.70876025487462201990 0.00000000099999999988 0.23940085236277941494 0.00000000099999999988 0.00000000099999999988 0.00000000099999999988 
0.44887505724014170605 0.55112493475985846469 0.00000000099999999989 0.00000000099999999989 0.00000000099999999989 0.00000000099999999989 0.00000000099999999989 0.00000000099999999989 0.00000000099999999989 0.00000000099999999989 
0.46424169181384483673 0.51788362358317185929 0.00000000099999999990 0.00000000099999999990 0.01787467760298348113 0.00000000099999999990 0.00000000099999999990 0.00000000099999999990 0.00000000099999999990 0.00000000099999999990 
0.00000000099999999973 0.00000000099999999973 0.00000000099999999973 0.00000000099999999973 0.00000000099999999973 0.00000000099999999973 0.99999999099999992147 0.00000000099999999973 0.00000000099999999973 0.00000000099999999973 
0.00000000099999999982 0.00000000099999999982 0.00000000099999999982 0.00000000099999999982 0.99999999100000014352 0.00000000099999999982 0.00000000099999999982 0.00000000099999999982 0.00000000099999999982 0.00000000099999999982 
0.00000000099999999997 0.00000000099999999997 0.02188672448990314906 0.07917239886630578205 0.00000000099999999997 0.00000000099999999997 0.00000000099999999997 0.00000000099999999997 0.00000000099999999997 0.89894086964379105176 
0.47656614454677004300 0.48934101555903897207 0.00000000099999999989 0.00000000099999999989 0.03409283289419116902 0.00000000099999999989 0.00000000099999999989 0.00000000099999999989 0.00000000099999999989 0.00000000099999999989 
0.00000000099999999995 0.05589394614135571870 0.00000000099999999995 0.00000000099999999995 0.55272729236326867408 0.00000000099999999995 0.38885423489896342453 0.00000000099999999995 0.00252452059641216199 0.00000000099999999995 
0.00000000099999999980 0.00000000099999999980 0.00000000099999999980 0.00000000099999999980 0.00000000099999999980 0.00000000099999999980 0.00000000099999999980 0.00000000099999999980 0.00000000099999999980 0.99999999099999992147 
0.00000000099999999972 0.00000000099999999972 0.00000000099999999972 0.00000000099999999972 0.00000000099999999972 0.00000000099999999972 0.00000000099999999972 0.99999999099999992147 0.00000000099999999972 0.00000000099999999972 
0.44449332129864632668 0.55550667070135384407 0.00000000099999999991 0.00000000099999999991 0.00000000099999999991 0.00000000099999999991 0.00000000099999999991 0.00000000099999999991 0.00000000099999999991 0.00000000099999999991 
0.00000000099999999988 0.00000000099999999988 0.05407908229158503444 0.00000000099999999988 0.00000000099999999988 0.00000000099999999988 0.00000000099999999988 0.00000000099999999988 0.00000000099999999988 0.94592090970841491426 
0.00000000099999999983 0.00000000099999999983 0.00000000099999999983 0.00000000099999999983 0.00000000099999999983 0.00000000099999999983 0.00000000099999999983 0.00000000099999999983 0.00000000099999999983 0.99999999100000003249 
0.00000000099999999989 0.00000000099999999989 0.00000000099999999989 0.00000000099999999989 0.00000000099999999989 0.00000000099999999989 0.00000000099999999989 0.03442205666557584393 0.00000000099999999989 0.96557793533442415335 
0.00000000099999999983 0.00000000099999999983 0.00000000099999999983 0.00000000099999999983 0.00000000099999999983 0.99999999100000014352 0.00000000099999999983 0.00000000099999999983 0.00000000099999999983 0.00000000099999999983 
0.00000000099999999990 0.00000000099999999990 0.00000000099999999990 0.00000000099999999990 0.00000000099999999990 0.61669000911145810395 0.00000000099999999990 0.00000000099999999990 0.00000000099999999990 0.38330998288854190026 
0.00000000099999999999 0.00000000099999999999 0.00000000438561624800 0.02944816128409505004 0.14683379704122315190 0.52591377189062316067 0.00000000099999999999 0.00000000099999999999 0.01933169512941603288 0.27847256626902650023 
0.00000000099999999987 0.00000000099999999987 0.00000000099999999987 0.00000000099999999987 0.00000000099999999987 0.99999999100000003249 0.00000000099999999987 0.00000000099999999987 0.00000000099999999987 0.00000000099999999987 
0.00000000099999999983 0.00000000099999999983 0.00000000099999999983 0.99999999100000003249 0.00000000099999999983 0.00000000099999999983 0.00000000099999999983 0.00000000099999999983 0.00000000099999999983 0.00000000099999999983 
0.00000000099999999979 0.00000000099999999979 0.00000000099999999979 0.00000000099999999979 0.00000000099999999979 0.00000000099999999979 0.00000000099999999979 0.00000000099999999979 0.00000000099999999979 0.99999999099999992147 
0.00000000099999999984 0.00000000099999999984 0.00000000099999999984 0.00000000099999999984 0.00000000099999999984 0.63700010520257144275 0.00000000099999999984 0.00000000099999999984 0.01117021141370095998 0.35182967638372764085 
0.00000000099999999988 0.00000000099999999988 0.00000000099999999988 0.00000000099999999988 0.00000000099999999988 0.60420089409866817309 0.00000000099999999988 0.00000000099999999988 0.01631286419872203519 0.37948623470260994806 
0.00000000099999999998 0.00000000099999999998 0.00000000099999999998 0.08002747305903527841 0.00000000099999999998 0.02042638103341093067 0.00000000099999999998 0.00000000099999999998 0.03541496255270079607 0.86413117735485289739 
0.19301868379368267159 0.00000000099999999999 0.07438172488287335404 0.17366530951072953193 0.00000000099999999999 0.54014007025579025001 0.00706479407687609761 0.00000000099999999999 0.00745388505412013323 0.00427552942592810195 
0.13097208172125515691 0.00000000099999999999 0.00000001945532381378 0.60949029216033367984 0.00000000099999999999 0.00000000099999999999 0.00880831684499605409 0.17724304769735380050 0.00000000099999999999 0.07348623812073751260 
0.00000000099999999987 0.00000000099999999987 0.00000000099999999987 0.00000000099999999987 0.00000000099999999987 0.99999999100000014352 0.00000000099999999987 0.00000000099999999987 0.00000000099999999987 0.00000000099999999987 
0.00000000099999999993 0.00000000099999999993 0.00000000099999999993 0.00000000099999999993 0.00000000099999999993 0.00000000099999999993 0.00000000099999999993 0.00000000099999999993 0.00000000099999999993 0.99999999099999992147 
0.00000000099999999984 0.00000000099999999984 0.00000000099999999984 0.51353326086992689969 0.00000000099999999984 0.00000000099999999984 0.00000000099999999984 0.48646673113007321554 0.00000000099999999984 0.00000000099999999984 
0.00000000099999999994 0.00000000099999999994 0.00000000099999999994 0.97825795978708118827 0.00000000099999999994 0.00000000099999999994 0.00000000099999999994 0.00000000099999999994 0.00000000099999999994 0.02174203221291890614 
0.00000000099999999983 0.00000000099999999983 0.00000000099999999983 0.00000000099999999983 0.00000000099999999983 0.99999999100000003249 0.00000000099999999983 0.00000000099999999983 0.00000000099999999983 0.00000000099999999983 
0.00000000099999999989 0.00000000099999999989 0.00000000099999999989 0.99999999100000014352 0.00000000099999999989 0.00000000099999999989 0.00000000099999999989 0.00000000099999999989 0.00000000099999999989 0.00000000099999999989 
0.00000000099999999988 0.00000000099999999988 0.00000000099999999988 0.00000000099999999988 0.00000000099999999988 0.62295187753274183784 0.00000000099999999988 0.00000000099999999988 0.00036664980068059109 0.37668146566657773056 
0.00000000099999999996 0.00000000099999999996 0.00000000099999999996 0.00000000099999999996 0.00000000099999999996 0.95610120813928267669 0.04389878386071732058 0.00000000099999999996 0.00000000099999999996 0.00000000099999999996 
0.00000000099999999987 0.00000000099999999987 0.00000000099999999987 0.05868596550428469005 0.00000000099999999987 0.00000000099999999987 0.00000000099999999987 0.00000000099999999987 0.00000000099999999987 0.94131402649571538355 
0.00000000099999999994 0.00000000099999999994 0.00000000099999999994 0.02397371536977716336 0.00000000099999999994 0.97602627663022278881 0.00000000099999999994 0.00000000099999999994 0.00000000099999999994 0.00000000099999999994 
0.00000000099999999991 0.00000000099999999991 0.00000000099999999991 0.67160452788737168284 0.00000000099999999991 0.01611724472263269953 0.00000000099999999991 0.25967789024023996136 0.00000000099999999991 0.05260033114975567331 
0.00000000099999999981 0.00000000099999999981 0.00000000099999999981 0.00000000099999999981 0.99999999100000014352 0.00000000099999999981 0.00000000099999999981 0.00000000099999999981 0.00000000099999999981 0.00000000099999999981 
0.00000000099999999972 0.00000000099999999972 0.00000000099999999972 0.00000000099999999972 0.68763435570978925782 0.00000000099999999972 0.31236563629021080191 0.00000000099999999972 0.00000000099999999972 0.00000000099999999972 
0.44463895450884588501 0.51408221113996910301 0.00000000099999999992 0.00000000099999999992 0.01535529190851563433 0.00000000099999999992 0.00000000099999999992 0.00000000099999999992 0.02592353644266949531 0.00000000099999999992 
0.80975815454784816350 0.15514881105827751928 0.00000000099999999988 0.00000000099999999988 0.03509302739387441805 0.00000000099999999988 0.00000000099999999988 0.00000000099999999988 0.00000000099999999988 0.00000000099999999988 
0.00000000099999999999 0.01018947041134435696 0.05408903231720192661 0.01052543368424146107 0.02012997385941161371 0.00000000099999999999 0.00000000099999999999 0.00000000099999999999 0.04240982376365361878 0.86265626196414690874 
0.63289763154627032282 0.20553659787336320264 0.00000000099999999993 0.00000000099999999993 0.08443024511969501877 0.07713551946067141729 0.00000000099999999993 0.00000000099999999993 0.00000000099999999993 0.00000000099999999993 
0.68735737597197599236 0.30554557583792746334 0.00000000099999999994 0.00000000099999999994 0.00000000099999999994 0.00000000099999999994 0.00709704119009675789 0.00000000099999999994 0.00000000099999999994 0.00000000099999999994 
0.00000000099999999995 0.00000000099999999995 0.00000000099999999995 0.00700761768499765739 0.00000000099999999995 0.00000000099999999995 0.13340196508237686657 0.00000000099999999995 0.00000000099999999995 0.85959041023262539039 
0.40946124733266203721 0.33603643369443580990 0.00000000099999999998 0.00000000099999999998 0.00000000099999999998 0.00000000099999999998 0.11051885894273844047 0.13511807140343798372 0.00886538362672570877 0.00000000099999999998 
0.00000000099999999956 0.00000000099999999956 0.00000000099999999956 0.00000000099999999956 0.00000000099999999956 0.00000000099999999956 0.99999999100000003249 0.00000000099999999956 0.00000000099999999956 0.00000000099999999956 
0.00000000099999999997 0.00000000099999999997 0.00000000099999999997 0.00000000099999999997 0.00000000099999999997 0.00000000099999999997 0.17412288887475815824 0.00000000099999999997 0.00000000099999999997 0.82587710312524198475 
0.00000000099999999982 0.00000000099999999982 0.13046813616125294000 0.86953185583874714748 0.00000000099999999982 0.00000000099999999982 0.00000000099999999982 0.00000000099999999982 0.00000000099999999982 0.00000000099999999982 
0.00000000099999999978 0.00000000099999999978 0.00000000099999999978 0.00000000099999999978 0.00000000099999999978 0.00000000099999999978 0.00000000099999999978 0.00000000099999999978 0.00000000099999999978 0.99999999100000003249 
0.00000000099999999982 0.00000000099999999982 0.00000000099999999982 0.00000000099999999982 0.00000000099999999982 0.99999999100000003249 0.00000000099999999982 0.00000000099999999982 0.00000000099999999982 0.00000000099999999982 
0.00000000099999999989 0.00000000099999999989 0.00000000099999999989 0.99999999100000014352 0.00000000099999999989 0.00000000099999999989 0.00000000099999999989 0.00000000099999999989 0.00000000099999999989 0.00000000099999999989 
0.63706161354378465500 0.36293837845621562677 0.00000000099999999992 0.00000000099999999992 0.00000000099999999992 0.00000000099999999992 0.00000000099999999992 0.00000000099999999992 0.00000000099999999992 0.00000000099999999992 
0.75510642454383558597 0.00000000099999999999 0.00485442947765627776 0.00000000099999999999 0.00000000099999999999 0.00000000099999999999 0.06795606126574492423 0.01056828043614778043 0.00000000099999999999 0.16151479927661566149 
0.30616662579289155577 0.67997039635669309643 0.00000000099999999993 0.00000000099999999993 0.00000000099999999993 0.00000000099999999993 0.01386297085041555445 0.00000000099999999993 0.00000000099999999993 0.00000000099999999993 
0.41840867008313359365 0.51731863492102392321 0.00000000099999999994 0.00000000099999999994 0.03366638622838658002 0.00000000099999999994 0.03060630276745594444 0.00000000099999999994 0.00000000099999999994 0.00000000099999999994 
0.00000000099999999988 0.99999999100000014352 0.00000000099999999988 0.00000000099999999988 0.00000000099999999988 0.00000000099999999988 0.00000000099999999988 0.00000000099999999988 0.00000000099999999988 0.00000000099999999988 
0.37345783918502484244 0.55272168402294985512 0.00000000099999999986 0.00000000099999999986 0.00000000099999999986 0.00000000099999999986 0.07382046979202534775 0.00000000099999999986 0.00000000099999999986 0.00000000099999999986 
0.00000000099999999992 0.00000000099999999992 0.00000391242384257345 0.59066727878291225284 0.00000000099999999992 0.00000000099999999992 0.00000000099999999992 0.38767665332578254977 0.00000000099999999992 0.02165214946746284175 
0.00000000099999999991 0.00000000099999999991 0.00000000099999999991 0.00000000099999999991 0.00000000099999999991 0.99999999100000003249 0.00000000099999999991 0.00000000099999999991 0.00000000099999999991 0.00000000099999999991 
0.00000000099999999988 0.00000000099999999988 0.00000000099999999988 0.99999999100000003249 0.00000000099999999988 0.00000000099999999988 0.00000000099999999988 0.00000000099999999988 0.00000000099999999988 0.00000000099999999988 
0.00000000099999999992 0.00000000099999999992 0.00000000099999999992 0.56797294471868253751 0.00000000099999999992 0.00000000099999999992 0.00000000099999999992 0.43202704728131752221 0.00000000099999999992 0.00000000099999999992 
0.00000000099999999979 0.00000000099999999979 0.00000000099999999979 0.00000000099999999979 0.00000000099999999979 0.99999999100000014352 0.00000000099999999979 0.00000000099999999979 0.00000000099999999979 0.00000000099999999979 
0.00000000099999999969 0.00000000099999999969 0.00000000099999999969 0.00000000099999999969 0.00000000099999999969 0.00000000099999999969 0.00000000099999999969 0.00000000099999999969 0.00000000099999999969 0.99999999100000003249 
0.00000000099999999979 0.00000000099999999979 0.00000000099999999979 0.00000000099999999979 0.00000000099999999979 0.00000000099999999979 0.00000000099999999979 0.00000000099999999979 0.00000000099999999979 0.99999999100000003249 
0.00000000099999999982 0.00000000099999999982 0.00000000099999999982 0.64980155266253780688 0.00000000099999999982 0.00000000099999999982 0.00000000099999999982 0.35019843933746225284 0.00000000099999999982 0.00000000099999999982 
0.00000000099999999986 0.00000000099999999986 0.00000000099999999986 0.61114197351485366472 0.00000000099999999986 0.00000000099999999986 0.00000000099999999986 0.38885801848514645052 0.00000000099999999986 0.00000000099999999986 
0.00000000099999999984 0.00000000099999999984 0.00000000099999999984 0.62484999765039805908 0.00000000099999999984 0.00000000099999999984 0.00000000099999999984 0.37514999434960200064 0.00000000099999999984 0.00000000099999999984 
0.00000000099999999980 0.00000000099999999980 0.00000000099999999980 0.00000000099999999980 0.00000000099999999980 0.00000000099999999980 0.00000000099999999980 0.00000000099999999980 0.00000000099999999980 0.99999999100000003249 
0.00000000099999999992 0.00000000099999999992 0.00000000099999999992 0.02459097785440359646 0.00000000099999999992 0.00000000099999999992 0.00000000099999999992 0.00000000099999999992 0.00000000099999999992 0.97540901414559633142 
0.00000000099999999980 0.00000000099999999980 0.00000000099999999980 0.99999999100000014352 0.00000000099999999980 0.00000000099999999980 0.00000000099999999980 0.00000000099999999980 0.00000000099999999980 0.00000000099999999980 
0.00000000099999999982 0.00000000099999999982 0.00000000099999999982 0.00000000099999999982 0.00000000099999999982 0.99999999100000003249 0.00000000099999999982 0.00000000099999999982 0.00000000099999999982 0.00000000099999999982 
0.00000000099999999995 0.00000000099999999995 0.00000000099999999995 0.89888726831473053647 0.00000000099999999995 0.04470552411234570561 0.00000000099999999995 0.00000000099999999995 0.03171631897392506588 0.02469088259899880275 
0.00000000099999999971 0.00000000099999999971 0.00000000099999999971 0.00000000099999999971 0.00000000099999999971 0.00000000099999999971 0.00000000099999999971 0.00000000099999999971 0.00000000099999999971 0.99999999100000003249 
0.00000000099999999980 0.00000000099999999980 0.00000000099999999980 0.99999999100000003249 0.00000000099999999980 0.00000000099999999980 0.00000000099999999980 0.00000000099999999980 0.00000000099999999980 0.00000000099999999980 
0.89333185711358031877 0.00000000099999999996 0.00000000099999999996 0.00000000099999999996 0.09658917599725574954 0.01007884063736598154 0.00000000099999999996 0.00000000099999999996 0.00000012025179818799 0.00000000099999999996 
0.00000000099999999990 0.00000000099999999990 0.00000000099999999990 0.00000827373516213717 0.00000000099999999990 0.15869852022071967435 0.00000000099999999990 0.00000000099999999990 0.00000000099999999990 0.84129319904411825615 
0.50112925092534765792 0.40297594671298792024 0.00000000099999999995 0.00000000099999999995 0.00000000099999999995 0.00000000099999999995 0.00003159616853557357 0.09068848768337278710 0.00517471350975613840 0.00000000099999999995 
0.00000000099999999972 0.00000000099999999972 0.00000000099999999972 0.00000000099999999972 0.00000000099999999972 0.00000000099999999972 0.00000000099999999972 0.00000000099999999972 0.00000000099999999972 0.99999999100000003249 
0.00000000099999999989 0.00000000099999999989 0.00000000099999999989 0.62929035900956142857 0.00000000099999999989 0.00000000099999999989 0.00000000099999999989 0.37070963299043879768 0.00000000099999999989 0.00000000099999999989 
0.00000000099999999986 0.00000000099999999986 0.00000000099999999986 0.78480038903395310523 0.00000000099999999986 0.00000000099999999986 0.00000000099999999986 0.21519960296604692673 0.00000000099999999986 0.00000000099999999986 
0.00000000099999999978 0.00000000099999999978 0.00000000099999999978 0.00000000099999999978 0.00000000099999999978 0.00000000099999999978 0.00000000099999999978 0.00000000099999999978 0.00000000099999999978 0.99999999100000003249 
0.00000000099999999966 0.00000000099999999966 0.00000000099999999966 0.00000000099999999966 0.00000000099999999966 0.00000000099999999966 0.00000000099999999966 0.99999999100000003249 0.00000000099999999966 0.00000000099999999966 
0.18271316899548206703 0.00099448615646687390 0.02736225791404261337 0.38690546988073631907 0.00000000100000000000 0.03042948772534663851 0.04372249069163212931 0.26150277059321391793 0.06636986604307952564 0.00000000100000000000 
0.00000000099999999983 0.00000000099999999983 0.02861092690291197962 0.00000000099999999983 0.00000000099999999983 0.00000000099999999983 0.00000000099999999983 0.00000000099999999983 0.00000000099999999983 0.97138906509708800030 
0.00000000099999999997 0.00000000099999999997 0.00000000099999999997 0.77829024818081637971 0.00000000099999999997 0.00000000099999999997 0.00000000099999999997 0.22167287625815518259 0.00000000099999999997 0.00003686856102858662 
0.04035595486180784675 0.07894652413015970649 0.00000000099999999991 0.00000000099999999991 0.44190012211550822041 0.00000000099999999991 0.43879739289252434054 0.00000000099999999991 0.00000000099999999991 0.00000000099999999991 
0.00000000099999999942 0.00000000099999999942 0.00000000099999999942 0.00000000099999999942 0.00000000099999999942 0.00000000099999999942 0.00000000099999999942 0.00000000099999999942 0.99999999100000003249 0.00000000099999999942 
0.99999999100000025454 0.00000000099999999982 0.00000000099999999982 0.00000000099999999982 0.00000000099999999982 0.00000000099999999982 0.00000000099999999982 0.00000000099999999982 0.00000000099999999982 0.00000000099999999982 
0.66385625920401392097 0.31745021849338866948 0.00000000099999999991 0.00000000099999999991 0.01869351530259746874 0.00000000099999999991 0.00000000099999999991 0.00000000099999999991 0.00000000099999999991 0.00000000099999999991 
0.46397369839467500485 0.53602629360532527691 0.00000000099999999993 0.00000000099999999993 0.00000000099999999993 0.00000000099999999993 0.00000000099999999993 0.00000000099999999993 0.00000000099999999993 0.00000000099999999993 
0.69529213878577222907 0.26828075054896011187 0.00000000099999999993 0.00000000099999999993 0.00000000099999999993 0.00000000099999999993 0.03642710366526784316 0.00000000099999999993 0.00000000099999999993 0.00000000099999999993 
0.00000000099999999984 0.99999999100000014352 0.00000000099999999984 0.00000000099999999984 0.00000000099999999984 0.00000000099999999984 0.00000000099999999984 0.00000000099999999984 0.00000000099999999984 0.00000000099999999984 
0.37483949678907996228 0.33219826074156133533 0.02152255888942866333 0.00000000099999999999 0.18739257582103271971 0.00000000099999999999 0.00000000099999999999 0.08404710275889736015 0.00000000099999999999 0.00000000099999999999 
0.65673591668212150108 0.34326407531787866967 0.00000000099999999989 0.00000000099999999989 0.00000000099999999989 0.00000000099999999989 0.00000000099999999989 0.00000000099999999989 0.00000000099999999989 0.00000000099999999989 
0.00000000099999999972 0.00000000099999999972 0.00000000099999999972 0.00000000099999999972 0.00000000099999999972 0.00000000099999999972 0.00000000099999999972 0.00000000099999999972 0.00000000099999999972 0.99999999099999992147 
0.91924604664298359413 0.00000000099999999991 0.00000000099999999991 0.00000000099999999991 0.08075394535701647947 0.00000000099999999991 0.00000000099999999991 0.00000000099999999991 0.00000000099999999991 0.00000000099999999991 
0.00000000099999999945 0.00000000099999999945 0.00000000099999999945 0.00000000099999999945 0.00000000099999999945 0.00000000099999999945 0.00000000099999999945 0.00000000099999999945 0.99999999100000003249 0.00000000099999999945 
0.92573351797637259963 0.00000000099999999987 0.00000000099999999987 0.00000000099999999987 0.00000000099999999987 0.00000000099999999987 0.07426647402362759887 0.00000000099999999987 0.00000000099999999987 0.00000000099999999987 
0.00000000099999999975 0.00000000099999999975 0.00000000099999999975 0.00000000099999999975 0.99999999100000003249 0.00000000099999999975 0.00000000099999999975 0.00000000099999999975 0.00000000099999999975 0.00000000099999999975 
0.00000000099999999985 0.00000000099999999985 0.00000000099999999985 0.66939905832327073476 0.00000000099999999985 0.00000000099999999985 0.00000000099999999985 0.33060093367672938047 0.00000000099999999985 0.00000000099999999985 
0.00000000099999999980 0.00000000099999999980 0.00000000099999999980 0.00000000099999999980 0.61036526859385953347 0.00000000099999999980 0.38963472340614047074 0.00000000099999999980 0.00000000099999999980 0.00000000099999999980 
0.00000000099999999978 0.00000000099999999978 0.00000000099999999978 0.00000000099999999978 0.99999999100000014352 0.00000000099999999978 0.00000000099999999978 0.00000000099999999978 0.00000000099999999978 0.00000000099999999978 
0.52862605346075630663 0.34298906693750080832 0.00000000099999999997 0.00000000099999999997 0.00000000099999999997 0.01628257831057278865 0.10322231528740577478 0.00129409090387038383 0.00000000528314730463 0.00758588681674673710 
0.00000000099999999988 0.99999999100000014352 0.00000000099999999988 0.00000000099999999988 0.00000000099999999988 0.00000000099999999988 0.00000000099999999988 0.00000000099999999988 0.00000000099999999988 0.00000000099999999988 
0.00000000099999999980 0.00000000099999999980 0.00000000099999999980 0.00000000099999999980 0.99999999100000003249 0.00000000099999999980 0.00000000099999999980 0.00000000099999999980 0.00000000099999999980 0.00000000099999999980 
0.00000000099999999984 0.00000000099999999984 0.00000000099999999984 0.00000000099999999984 0.59597764254065943579 0.00000000099999999984 0.40402234945934056842 0.00000000099999999984 0.00000000099999999984 0.00000000099999999984 
0.00000000099999999980 0.99999999100000014352 0.00000000099999999980 0.00000000099999999980 0.00000000099999999980 0.00000000099999999980 0.00000000099999999980 0.00000000099999999980 0.00000000099999999980 0.00000000099999999980 
0.00000000099999999979 0.00000000099999999979 0.00000000099999999979 0.99999999100000014352 0.00000000099999999979 0.00000000099999999979 0.00000000099999999979 0.00000000099999999979 0.00000000099999999979 0.00000000099999999979 
0.55298538559876331266 0.31985550171809729036 0.00000000099999999998 0.00000000099999999998 0.00000000099999999998 0.00000000099999999998 0.10802686272961171954 0.00000000099999999998 0.00198712376948616916 0.01714512118404158333 
0.00000000099999999977 0.00000000099999999977 0.00000000099999999977 0.00000000099999999977 0.99999999100000003249 0.00000000099999999977 0.00000000099999999977 0.00000000099999999977 0.00000000099999999977 0.00000000099999999977 
0.00000000099999999987 0.99999999100000025454 0.00000000099999999987 0.00000000099999999987 0.00000000099999999987 0.00000000099999999987 0.00000000099999999987 0.00000000099999999987 0.00000000099999999987 0.00000000099999999987 
0.00000000099999999982 0.99999999100000014352 0.00000000099999999982 0.00000000099999999982 0.00000000099999999982 0.00000000099999999982 0.00000000099999999982 0.00000000099999999982 0.00000000099999999982 0.00000000099999999982 
0.00000000099999999983 0.00000000099999999983 0.00000000099999999983 0.00000000099999999983 0.99999999100000003249 0.00000000099999999983 0.00000000099999999983 0.00000000099999999983 0.00000000099999999983 0.00000000099999999983 
0.00000000099999999986 0.00000000099999999986 0.00000000099999999986 0.83682237308705154089 0.00000000099999999986 0.00000000099999999986 0.00000000099999999986 0.16317761891294865761 0.00000000099999999986 0.00000000099999999986 
0.00000000099999999989 0.00000000099999999989 0.00000000099999999989 0.00000000099999999989 0.63004248790087935550 0.00000000099999999989 0.36995750409912059320 0.00000000099999999989 0.00000000099999999989 0.00000000099999999989 
