0.10459102343572648786 0.00000000100000000000 0.56495401825247149041 0.00010592543258424741 0.33034903187921765833 
0.99486488612546553068 0.00513497996331645657 0.00000013191121804221 0.00000000099999999999 0.00000000099999999999 
0.82924469628367880603 0.02270024613361746116 0.14482089248101129297 0.00000000099999999999 0.00323416410169260300 
0.93293546361937529365 0.00000000099999999998 0.06706453338062474956 0.00000000099999999998 0.00000000099999999998 
0.89210155433985383056 0.00000000099999999997 0.10789844266014619878 0.00000000099999999997 0.00000000099999999997 
0.99999987772317888712 0.00000000099999999996 0.00000011927682116625 0.00000000099999999996 0.00000000099999999996 
0.00000000099999999991 0.99999999600000011313 0.00000000099999999991 0.00000000099999999991 0.00000000099999999991 
0.00000000099999999992 0.00000000099999999992 0.99999999599999989108 0.00000000099999999992 0.00000000099999999992 
0.91938534123251480779 0.00000000099999999996 0.06638317226243106717 0.01423148450505414692 0.00000000099999999996 
0.00000000099999999992 0.99999999600000011313 0.00000000099999999992 0.00000000099999999992 0.00000000099999999992 
0.00000000099999999994 0.99999999600000000211 0.00000000099999999994 0.00000000099999999994 0.00000000099999999994 
0.00000000099999999996 0.99999999600000000211 0.00000000099999999996 0.00000000099999999996 0.00000000099999999996 
0.15698074647659179814 0.69212128886286627960 0.00000000100000000000 0.01600735107785987085 0.13489061258268220111 
0.14194301788400115472 0.66239764031747994100 0.00001064601011674858 0.00000000099999999999 0.19564869478840218875 
0.00000078853561308536 0.27473034936629847635 0.20937630276611007840 0.00814181297581008726 0.50775074635616823659 
0.00000000099999999992 0.99999999600000000211 0.00000000099999999992 0.00000000099999999992 0.00000000099999999992 
0.02203957277898624043 0.59542291641390621137 0.10757268415474693923 0.00000000099999999999 0.27496482565236057827 
0.08278830508628090556 0.10689452207173862075 0.52503571640519708374 0.00000216460701145267 0.28527929182977201927 
0.00000000099999999981 0.00000000099999999981 0.00000000099999999981 0.00000000099999999981 0.99999999599999989108 
0.05752457837004541774 0.32620887720106223062 0.00000000375328666193 0.00003634127554017587 0.61623019940006540374 
0.13449982647845754036 0.68733684728778399187 0.00000000099999999999 0.00377856022783869044 0.17438476500591981733 
0.00000000099999999994 0.99999999600000011313 0.00000000099999999994 0.00000000099999999994 0.00000000099999999994 
0.00000000099999999986 0.00000000099999999986 0.00000000099999999986 0.00000000099999999986 0.99999999600000000211 
0.86505696175830359973 0.02532064176196173119 0.10962239411130271505 0.00000000136843182235 0.00000000099999999999 
0.00000000099999999994 0.99999999600000000211 0.00000000099999999994 0.00000000099999999994 0.00000000099999999994 
0.00000000099999999994 0.99999999600000000211 0.00000000099999999994 0.00000000099999999994 0.00000000099999999994 
0.15759070067164604456 0.67817916561946345322 0.00000000100000000000 0.03635490625659564684 0.12787522645229495999 
0.95083238377591339230 0.00000000100000000000 0.02660634571593916559 0.00496292237969262265 0.01759834712845494489 
0.92868148830738583843 0.00000000099999999996 0.07131850869261423254 0.00000000099999999996 0.00000000099999999996 
0.00000000099999999998 0.99997036912965975297 0.00002962787034024188 0.00000000099999999998 0.00000000099999999998 
0.00000000100000000000 0.88801384436471353379 0.07959731274615455821 0.00001174763427047678 0.03237709425486148818 
0.00000000099999999997 0.96670155361861076493 0.00000000099999999997 0.01467359425174851080 0.01862485012964071665 
0.92176465934061091456 0.05219837071144837332 0.01992520342019141535 0.00611176552774918801 0.00000000099999999999 
0.00000000099999999986 0.00000000099999999986 0.00000000099999999986 0.99999999599999989108 0.00000000099999999986 
0.85116727949057435776 0.00000000099999999999 0.10712891690347718654 0.04170380160594851227 0.00000000099999999999 
0.00000000099999999996 0.99999978101985520507 0.00000000099999999996 0.00000000099999999996 0.00000021598014483231 
0.00000000099999999990 0.00000000099999999990 0.00000000099999999990 0.00000000099999999990 0.99999999600000000211 
0.00000000099999999978 0.00000000099999999978 0.00000000099999999978 0.99999999600000000211 0.00000000099999999978 
0.00000000099999999997 0.99999999600000011313 0.00000000099999999997 0.00000000099999999997 0.00000000099999999997 
0.00000000099999999994 0.98574631246635480153 0.00000000099999999994 0.00000000099999999994 0.01425368453364527811 
0.00000000099999999994 0.99851525450735689748 0.00000000099999999994 0.00000000099999999994 0.00148474249264328190 
0.00000000099999999993 0.00000000099999999993 0.99999999599999989108 0.00000000099999999993 0.00000000099999999993 
0.06317182481404014227 0.08928891568822974745 0.84169595320497259117 0.00584330529275744939 0.00000000100000000000 
0.15011358206617156363 0.69384695786330430334 0.00000102246534729680 0.02806821640738112883 0.12797022119779571936 
0.62456270359835952544 0.30860283184304887483 0.00342466701573880886 0.01892249729675688635 0.04448730024609588718 
0.00000000099999999993 0.00000000099999999993 0.99999999599999989108 0.00000000099999999993 0.00000000099999999993 
0.00000000099999999998 0.99156923142073416511 0.00000000099999999998 0.00843076557926585382 0.00000000099999999998 
0.00000000099999999992 0.00000000099999999992 0.99999999599999989108 0.00000000099999999992 0.00000000099999999992 
0.00000000099999999995 0.00000000099999999995 0.99999999600000000211 0.00000000099999999995 0.00000000099999999995 
0.00000000099999999993 0.00000000099999999993 0.99999999600000000211 0.00000000099999999993 0.00000000099999999993 
0.85618106215019285088 0.00000000099999999998 0.11827770965123958480 0.02554122619856749946 0.00000000099999999998 
0.00000000099999999989 0.00000000099999999989 0.99999999600000000211 0.00000000099999999989 0.00000000099999999989 
0.00181398028544951339 0.00000000099999999992 0.99818601671455042812 0.00000000099999999992 0.00000000099999999992 
0.00002147570205279432 0.88577042743156375604 0.00000000100000000000 0.02049424734653034624 0.09371384851985307962 
0.81288789222286417235 0.00025589857550248010 0.16891223328825999417 0.00000644782411754632 0.01793752808925591982 
0.39410735314015410413 0.00000000099999999999 0.60328222310218160285 0.00261042175766425981 0.00000000099999999999 
0.00008439901389914299 0.00000000099999999995 0.99991559798610074594 0.00000000099999999995 0.00000000099999999995 
0.99425265147961616741 0.00000000099999999997 0.00000523001651436720 0.00574211650386940910 0.00000000099999999997 
0.00059230230931157934 0.00000000099999999994 0.99940769469068857500 0.00000000099999999994 0.00000000099999999994 
0.99999999600000000211 0.00000000099999999995 0.00000000099999999995 0.00000000099999999995 0.00000000099999999995 
0.96735390757659411864 0.00000000099999999995 0.03264608942340586906 0.00000000099999999995 0.00000000099999999995 
0.03849581820494958617 0.00000000099999999997 0.96150417879505045704 0.00000000099999999997 0.00000000099999999997 
0.00000000099999999994 0.00000000099999999994 0.99999999600000000211 0.00000000099999999994 0.00000000099999999994 
0.00000000099999999999 0.07153591579525360455 0.00000001123442706430 0.00000000099999999999 0.92846407097031935507 
0.96902835472495640889 0.00000000099999999995 0.03097164227504358228 0.00000000099999999995 0.00000000099999999995 
0.00022184774583405064 0.00000000099999999999 0.97752142615089587796 0.01593412417121524427 0.00632260093205478258 
0.00000000099999999991 0.00000000099999999991 0.00000000099999999991 0.00000000099999999991 0.99999999599999989108 
0.00000000099999999997 0.99500313690943709144 0.00000000099999999997 0.00471910290886128070 0.00027775818170162729 
0.99999999405567674415 0.00000000099999999997 0.00000000294432338266 0.00000000099999999997 0.00000000099999999997 
0.00000000099999999994 0.00000000099999999994 0.00000000099999999994 0.00000000099999999994 0.99999999600000000211 
0.00000000099999999992 0.00000000099999999992 0.00000000099999999992 0.00000000099999999992 0.99999999600000000211 
0.00000000099999999996 0.02068517058286601512 0.00000000099999999996 0.00000000099999999996 0.97931482641713407666 
0.15396133511253179416 0.67707376852912948273 0.00000000099999999998 0.00000000099999999998 0.16896489435833880743 
0.04796331686959860036 0.36144799586840320460 0.00000000100000000000 0.05310977572373821315 0.53747891053826002405 
0.09480810294224110979 0.31908677637594901055 0.13486378406822135956 0.02652893582826255578 0.42471240078532607187 
0.14768722816687751553 0.64439206963368123038 0.00000321483361415642 0.03047857336591951877 0.17743891399990763258 
0.00000000099999999994 0.99999999600000011313 0.00000000099999999994 0.00000000099999999994 0.00000000099999999994 
0.00000000099999999989 0.00000000099999999989 0.00000000099999999989 0.00000000099999999989 0.99999999600000000211 
0.01769930713308656353 0.39512534021841433374 0.00000000099999999999 0.07428702012510114694 0.51288833152339796673 
0.03930123612529871913 0.35238695003135167561 0.00000000099999999999 0.06494488327657482740 0.54336692956677468125 
0.00000000099999999999 0.09349111070340541951 0.00000000099999999999 0.03525087632449797753 0.87125801097209654156 
0.30260008508771518709 0.50018893144570586440 0.00037261481873162081 0.02135484143221015943 0.17548352721563714729 
0.11418311141988954360 0.79297789843619381767 0.01129584200197308701 0.00858238730950397141 0.07296076083243954735 
0.17663738537002160456 0.70433610431981008571 0.00000000236966801607 0.01015497614854364572 0.10887153179195674380 
0.00000000099999999997 0.00000000099999999997 0.00000000099999999997 0.00690042947272251437 0.99309956752727746032 
0.00000000099999999993 0.99999999600000000211 0.00000000099999999993 0.00000000099999999993 0.00000000099999999993 
0.00000000099999999997 0.96144150920263515836 0.00000000099999999997 0.00000000099999999997 0.03855848779736494036 
0.12576520989996486932 0.73082674807725034327 0.00000000099999999999 0.01713465206074010067 0.12627338896204473584 
0.00000000099999999996 0.99038987657338073411 0.00000000099999999996 0.00000000099999999996 0.00961012042661921716 
0.04370591287556332277 0.37897813280405218128 0.00000000099999999999 0.04441034112278709894 0.53290561219759735589 
0.17032834182024450542 0.63981559795878006902 0.04099683679225398641 0.00184213136104525435 0.14701709206767615834 
0.00000000099999999994 0.06340681355334538971 0.00000000099999999994 0.00000000099999999994 0.93659318344665454248 
0.16233121919185344861 0.69016936245765736491 0.00199419094437197587 0.03939549560571440484 0.10610973180040295105 
0.00000000099999999996 0.95204341936459402351 0.00000000099999999996 0.00000000099999999996 0.04795657763540613766 
0.00000000099999999993 0.00000000099999999993 0.99999999599999989108 0.00000000099999999993 0.00000000099999999993 
0.00000000099999999986 0.00000000099999999986 0.99999999600000000211 0.00000000099999999986 0.00000000099999999986 
0.95613151085332348522 0.00000000099999999997 0.01727163812440610235 0.02659684902227038225 0.00000000099999999997 
0.97261112954973949485 0.00000000099999999995 0.02738886745026043040 0.00000000099999999995 0.00000000099999999995 
0.00116250729714870529 0.00015544780109713567 0.03109515817582202829 0.05029755725242004288 0.91728932947351204952 
0.92600832215903938760 0.02165599597559218076 0.05209630493230226617 0.00022637354259221994 0.00001300339047394566 
0.99995760613203121814 0.00000000099999999997 0.00004237674510626071 0.00000001512286250371 0.00000000099999999997 
0.00000000099999999999 0.01331849271110533729 0.12102205414060972222 0.00616980529662388474 0.85948964685166107103 
0.74927745103276577332 0.12191111913740904082 0.10678030074165860419 0.02203112808816659954 0.00000000099999999999 
0.00000000099999999990 0.00000000099999999990 0.99999999599999989108 0.00000000099999999990 0.00000000099999999990 
0.04476571798135903918 0.00002069207241110841 0.12486742617973042857 0.00000000099999999999 0.83034616276649941824 
0.00000000099999999992 0.91169437870262526324 0.00000000099999999992 0.00000000099999999992 0.08830561829737491875 
0.00000000099999999990 0.00000000099999999990 0.00000000099999999990 0.00000000099999999990 0.99999999599999989108 
0.14424882861871218820 0.67361586751587387845 0.00000000100000000000 0.00881513095671336219 0.17332017190870060985 
0.00000000099999999995 0.99999999600000011313 0.00000000099999999995 0.00000000099999999995 0.00000000099999999995 
0.99996508101244707678 0.00000000099999999997 0.00003491598755303275 0.00000000099999999997 0.00000000099999999997 
0.78064157222224850319 0.00000162183922298726 0.04475545101777214652 0.00007181814032619249 0.17452953678042998353 
0.96212133015416645421 0.00000000099999999998 0.03787866684583356125 0.00000000099999999998 0.00000000099999999998 
0.92318998067572244359 0.00000000099999999997 0.07681001632427768289 0.00000000099999999997 0.00000000099999999997 
0.93483207893577358050 0.00000058495434755989 0.06516733410987897435 0.00000000099999999999 0.00000000099999999999 
0.91360143215141287332 0.00000000099999999993 0.08639856484858719765 0.00000000099999999993 0.00000000099999999993 
0.00000000099999999995 0.97751327876170424069 0.00000000099999999995 0.00000000099999999995 0.02248671823829591701 
0.14632810191876952088 0.66829517015468464791 0.00062407167926157431 0.02677113423576731044 0.15798152201151693941 
0.00000000099999999994 0.98212444888879391058 0.00000000099999999994 0.00000000099999999994 0.01787554811120607365 
0.00000000099999999997 0.99999995275088471303 0.00000000099999999997 0.00000000099999999997 0.00000004424911545299 
0.11643156332909043726 0.72195005280027024774 0.00000000100000000000 0.01231078117684013436 0.14930760169379919677 
0.00000000099999999986 0.00000000099999999986 0.00000000099999999986 0.00000000099999999986 0.99999999600000000211 
0.00000000099999999990 0.00000000099999999990 0.00000000099999999990 0.00000000099999999990 0.99999999599999989108 
0.00000000099999999991 0.99999999600000011313 0.00000000099999999991 0.00000000099999999991 0.00000000099999999991 
0.00000000099999999993 0.99999999600000011313 0.00000000099999999993 0.00000000099999999993 0.00000000099999999993 
0.00000000099999999993 0.99999945550782798342 0.00000000099999999993 0.00000000099999999993 0.00000054149217206942 
0.00000000099999999992 0.00000000099999999992 0.00000000099999999992 0.00000000099999999992 0.99999999599999989108 
0.00000000099999999997 0.03520364673144568690 0.00000000099999999997 0.00000002236481875049 0.96479632890373567822 
0.00000000099999999992 0.99999999600000000211 0.00000000099999999992 0.00000000099999999992 0.00000000099999999992 
0.13585594473282444627 0.71408731216071674730 0.00000000099999999999 0.01048271157931807661 0.13957403052714076330 
0.00000000099999999998 0.92658055485259471773 0.00000000099999999998 0.03381871272590568356 0.03960073042149963446 
0.00000000099999999987 0.00000000099999999987 0.00000000099999999987 0.00000000099999999987 0.99999999600000000211 
0.00000000099999999992 0.99994091130483153673 0.00000000099999999992 0.00000000099999999992 0.00005908569516846920 
0.87955610548148555061 0.00419341923896971586 0.09592848319578946292 0.02032199108375519481 0.00000000100000000000 
0.00000000099999999997 0.11902939342608649664 0.00000000099999999997 0.00272813043562871111 0.87824247413828482323 
0.91085423681713839628 0.06967661580815659450 0.00184606848488258826 0.01762307788982238332 0.00000000099999999999 
0.00000000099999999987 0.00000000099999999987 0.00000000099999999987 0.00000000099999999987 0.99999999600000000211 
0.00000000099999999994 0.99999989955691948040 0.00000000099999999994 0.00000000099999999994 0.00000009744308054001 
0.00000000099999999992 0.99999999600000011313 0.00000000099999999992 0.00000000099999999992 0.00000000099999999992 
0.00000000099999999990 0.00000000099999999990 0.00000000099999999990 0.00000000099999999990 0.99999999600000000211 
0.00000000099999999992 0.99999999600000000211 0.00000000099999999992 0.00000000099999999992 0.00000000099999999992 
0.18731161156512132759 0.68856261646062999482 0.03966770420151351922 0.07200260973663390185 0.01245545803610143519 
0.00000000099999999992 0.00000000099999999992 0.00000000099999999992 0.00000000099999999992 0.99999999599999989108 
0.00000000099999999999 0.99684260755352616101 0.00000000099999999999 0.00000000099999999999 0.00315738944647381281 
0.13607402843323709862 0.00000000099999999997 0.85934681528643552806 0.00457915428032714279 0.00000000099999999997 
0.00000000099999999974 0.00000000099999999974 0.00000000099999999974 0.99999999600000000211 0.00000000099999999974 
0.99945858965721290357 0.00000000099999999995 0.00054140734278712251 0.00000000099999999995 0.00000000099999999995 
0.98136271958103893365 0.00000000099999999996 0.01863727741896114079 0.00000000099999999996 0.00000000099999999996 
0.99999010528699161515 0.00000000099999999998 0.00000989171300840899 0.00000000099999999998 0.00000000099999999998 
0.99561266911119628009 0.00000000099999999997 0.00438732788880370327 0.00000000099999999997 0.00000000099999999997 
0.95618164483680878618 0.00000000099999999998 0.03132244617118205149 0.00000000099999999998 0.01249590699200931604 
0.71052778439473118777 0.07966773786770381394 0.18257614942045918838 0.00625080644384150893 0.02097752187326436951 
0.99999999600000000211 0.00000000099999999994 0.00000000099999999994 0.00000000099999999994 0.00000000099999999994 
0.00000000099999999986 0.00000000099999999986 0.00000000099999999986 0.00000000099999999986 0.99999999600000000211 
0.93637858327378886703 0.00000000099999999998 0.04791554778656989533 0.01570586693964108951 0.00000000099999999998 
0.00000000099999999976 0.00000000099999999976 0.00000000099999999976 0.99999999600000000211 0.00000000099999999976 
0.95435434407289942982 0.00000000099999999997 0.04564565292710066197 0.00000000099999999997 0.00000000099999999997 
0.00000000099999999992 0.00000000099999999992 0.99999999600000000211 0.00000000099999999992 0.00000000099999999992 
0.00000000099999999993 0.99999999600000000211 0.00000000099999999993 0.00000000099999999993 0.00000000099999999993 
0.00000000099999999990 0.00000000099999999990 0.99999999599999989108 0.00000000099999999990 0.00000000099999999990 
0.00000000707880424903 0.00000000099999999992 0.99999998992119576435 0.00000000099999999992 0.00000000099999999992 
0.91257680450911649039 0.01720339370994249106 0.06420789522110774417 0.00601182657756580731 0.00000007998226748029 
0.91576184384326675403 0.00000000099999999999 0.08423797872657930175 0.00000017543015396887 0.00000000099999999999 
0.00000000099999999994 0.00000000099999999994 0.99999999600000000211 0.00000000099999999994 0.00000000099999999994 
0.00000000099999999992 0.00000000099999999992 0.99999999600000000211 0.00000000099999999992 0.00000000099999999992 
0.91349934949086097902 0.00000000099999999998 0.08650007591895637893 0.00000057259018269583 0.00000000099999999998 
0.00000000099999999992 0.99999999600000000211 0.00000000099999999992 0.00000000099999999992 0.00000000099999999992 
0.87993822537730281841 0.00000000100000000000 0.09483065594180760394 0.01074603281198418907 0.01448508486890539779 
0.00000000099999999992 0.00000000099999999992 0.99999999599999989108 0.00000000099999999992 0.00000000099999999992 
0.97233020991165008962 0.00000074584755843410 0.02000926518735288845 0.00765977805343867439 0.00000000100000000000 
0.93673019615075459043 0.00000000099999999997 0.06326980084924556380 0.00000000099999999997 0.00000000099999999997 
0.00000000099999999993 0.00000000099999999993 0.99999999600000000211 0.00000000099999999993 0.00000000099999999993 
0.00000000099999999994 0.99999999600000000211 0.00000000099999999994 0.00000000099999999994 0.00000000099999999994 
0.00000000099999999996 0.00000000099999999996 0.99999999599999989108 0.00000000099999999996 0.00000000099999999996 
0.96038301303229045569 0.00000000099999999999 0.03926011684849968486 0.00000000099999999999 0.00035686811920989661 
0.94151554256206315685 0.01254167612949368127 0.03352437675052934163 0.00000014881908904262 0.01241825573882477177 
0.95050153234369982869 0.00000000099999999996 0.04949846465630015208 0.00000000099999999996 0.00000000099999999996 
0.00000000099999999992 0.99999999600000000211 0.00000000099999999992 0.00000000099999999992 0.00000000099999999992 
0.85798537857472734203 0.06669585641543145094 0.05343274400243291922 0.00000000100000000000 0.02188602000740844794 
0.91178321653477689690 0.00000000099999999998 0.08009833834086978188 0.00811844312435322166 0.00000000099999999998 
0.99999999600000000211 0.00000000099999999995 0.00000000099999999995 0.00000000099999999995 0.00000000099999999995 
0.97369371561511552926 0.00000000099999999999 0.00558483946284015712 0.02072144292204451677 0.00000000099999999999 
0.14304871015915071597 0.03514803674585865317 0.82180325109499052783 0.00000000099999999999 0.00000000099999999999 
0.00000000099999999999 0.86818072385646083422 0.13181927314353908409 0.00000000099999999999 0.00000000099999999999 
0.94189708574062569468 0.03328332281157275752 0.02243935569991313897 0.00238023414587195921 0.00000000160201632952 
0.00000000099999999987 0.00000000099999999987 0.99999999600000000211 0.00000000099999999987 0.00000000099999999987 
0.00109634880312329901 0.00000000099999999999 0.99890364819687660347 0.00000000099999999999 0.00000000099999999999 
0.31453139900085891334 0.00000000099999999999 0.63209910252110546036 0.00000000099999999999 0.05336949647803566205 
0.18322694715867873794 0.45921538262080646708 0.35750380488568350712 0.00005386433483134835 0.00000000100000000000 
0.99999986522997708072 0.00000000099999999994 0.00000013177002299984 0.00000000099999999994 0.00000000099999999994 
0.37969480175888542517 0.42157736411767304796 0.11323110037747456669 0.02964539480090717938 0.05585133894505968366 
0.85694982719836143570 0.09379324757781329347 0.01476578669653430369 0.01219813156476088310 0.02229300696253008057 
0.99999999600000011313 0.00000000099999999999 0.00000000099999999999 0.00000000099999999999 0.00000000099999999999 
0.63242134973871699799 0.36756849751143427785 0.00001015074984882796 0.00000000099999999999 0.00000000099999999999 
0.62717383781128643871 0.02113615993354840336 0.35169000025516505836 0.00000000099999999999 0.00000000099999999999 
0.17097911741092358673 0.00000000099999999999 0.01555688087182883865 0.00000000099999999999 0.81346399971724747680 
0.15279469594936023746 0.68205254319706209998 0.00000033055654300334 0.01179654904669070331 0.15335588125034377294 
0.93500689115631552273 0.00000000099999999998 0.06499310584368447885 0.00000000099999999998 0.00000000099999999998 
0.00000000099999999993 0.00000000099999999993 0.99999999599999989108 0.00000000099999999993 0.00000000099999999993 
0.00000000099999999995 0.00000000099999999995 0.99999999599999989108 0.00000000099999999995 0.00000000099999999995 
0.00000000099999999993 0.00000000099999999993 0.99999999599999989108 0.00000000099999999993 0.00000000099999999993 
0.00000000099999999991 0.00000000099999999991 0.00000000099999999991 0.99999999599999989108 0.00000000099999999991 
0.97073432540856885442 0.00000096803947730392 0.02926470035727647342 0.00000000100000000000 0.00000000519467738787 
0.98671714081479833247 0.00000000099999999995 0.01328285618520180268 0.00000000099999999995 0.00000000099999999995 
0.04636516611704547680 0.00000000099999999997 0.93750234625758555040 0.01613248562536883507 0.00000000099999999997 
0.91387802050049682379 0.00000002759456468974 0.08476132001042016584 0.00136063089451828674 0.00000000099999999999 
0.00000000099999999993 0.00000000099999999993 0.99999999599999989108 0.00000000099999999993 0.00000000099999999993 
0.00000000099999999975 0.00000000099999999975 0.00000000099999999975 0.99999999600000000211 0.00000000099999999975 
0.00000000099999999994 0.00000000099999999994 0.99999999600000000211 0.00000000099999999994 0.00000000099999999994 
0.00001391487202100306 0.00000000099999999996 0.99998608212797901462 0.00000000099999999996 0.00000000099999999996 
0.00000000099999999975 0.00000000099999999975 0.00000000099999999975 0.99999999600000000211 0.00000000099999999975 
0.00000000099999999986 0.00000000099999999986 0.00000000099999999986 0.99999999600000000211 0.00000000099999999986 
0.99148434469511148581 0.00000000099999999998 0.00000000099999999998 0.00851565230488853485 0.00000000099999999998 
0.00000000099999999988 0.00000000099999999988 0.99999999600000000211 0.00000000099999999988 0.00000000099999999988 
0.93695015088962618766 0.00000000099999999998 0.03809395252017595129 0.02495589459019795231 0.00000000099999999998 
0.00000000099999999991 0.00000000099999999991 0.99999999599999989108 0.00000000099999999991 0.00000000099999999991 
