0.00000000099999999999 0.00000000099999999999 0.04205145868761458322 0.32937104116882998106 0.55375830999151332001 0.07481490932228847257 0.00000000099999999999 0.00000427782975369066 
0.00000000099999999996 0.00000000099999999996 0.35796370700347784899 0.00000000099999999996 0.00000000099999999996 0.61854248358650476547 0.02349380441001731185 0.00000000099999999996 
0.00000000099999999999 0.02022942863689670967 0.33010963971336920730 0.00004756256548951183 0.11791418790804135408 0.53169094199562916270 0.00000823718057405406 0.00000000099999999999 
0.00000000099999999994 0.00000000099999999994 0.98719672714394357538 0.00000000099999999994 0.01280326685605627166 0.00000000099999999994 0.00000000099999999994 0.00000000099999999994 
0.00000000099999999995 0.00000000099999999995 0.91133206693151214139 0.00000000099999999995 0.08866792706848787564 0.00000000099999999995 0.00000000099999999995 0.00000000099999999995 
0.00000000099999999990 0.00000000099999999990 0.99999999300000008695 0.00000000099999999990 0.00000000099999999990 0.00000000099999999990 0.00000000099999999990 0.00000000099999999990 
0.00017436667484540278 0.96845063048342050482 0.00000000099999999988 0.00000000099999999988 0.00000000099999999988 0.00000000099999999988 0.03137499784173428813 0.00000000099999999988 
0.00000000099999999987 0.00000000099999999987 0.00000000099999999987 0.00000000099999999987 0.99999999299999997593 0.00000000099999999987 0.00000000099999999987 0.00000000099999999987 
0.00000000099999999989 0.00000000099999999989 0.99999987162459214041 0.00000000099999999989 0.00000012088213892740 0.00000000099999999989 0.00000000099999999989 0.00000000249326885351 
0.00000000099999999987 0.99999999300000008695 0.00000000099999999987 0.00000000099999999987 0.00000000099999999987 0.00000000099999999987 0.00000000099999999987 0.00000000099999999987 
0.00000000099999999992 0.99999999300000008695 0.00000000099999999992 0.00000000099999999992 0.00000000099999999992 0.00000000099999999992 0.00000000099999999992 0.00000000099999999992 
0.01179689490541286322 0.98820309909458736719 0.00000000099999999994 0.00000000099999999994 0.00000000099999999994 0.00000000099999999994 0.00000000099999999994 0.00000000099999999994 
0.00000000099999999984 0.00000000099999999984 0.00000000099999999984 0.00000000099999999984 0.00000000099999999984 0.00000000099999999984 0.99999999299999986491 0.00000000099999999984 
0.00000000099999999998 0.54193759793520523971 0.00000000099999999998 0.17126828860000617438 0.00000000099999999998 0.13188492107836796707 0.15490918838642070421 0.00000000099999999998 
0.00000000099999999998 0.00000000099999999998 0.00000000099999999998 0.41207979656373611155 0.16195033088110494246 0.00000000099999999998 0.42596986755515892087 0.00000000099999999998 
0.00000000099999999990 0.99999999300000019797 0.00000000099999999990 0.00000000099999999990 0.00000000099999999990 0.00000000099999999990 0.00000000099999999990 0.00000000099999999990 
0.00041308333851445157 0.44814965063096057207 0.00203799142669893471 0.23986260598087683071 0.10329005452426140432 0.00000000099999999999 0.20624661209868777600 0.00000000099999999999 
0.00000000099999999999 0.00000000099999999999 0.04640283990559163074 0.23971739272351491601 0.52180515766355251017 0.00000000099999999999 0.19207460570734091743 0.00000000099999999999 
0.00000000099999999968 0.00000000099999999968 0.00000000099999999968 0.99999999299999997593 0.00000000099999999968 0.00000000099999999968 0.00000000099999999968 0.00000000099999999968 
0.21624873021169219167 0.00000000099999999996 0.00000000099999999996 0.42052027489315135789 0.00000000099999999996 0.00000000099999999996 0.36323098989515634205 0.00000000099999999996 
0.00000000099999999971 0.00000000099999999971 0.00000000099999999971 0.00000000099999999971 0.00000000099999999971 0.00000000099999999971 0.99999999299999997593 0.00000000099999999971 
0.03047354562119604371 0.96952644837880397333 0.00000000099999999992 0.00000000099999999992 0.00000000099999999992 0.00000000099999999992 0.00000000099999999992 0.00000000099999999992 
0.00000000099999999978 0.00000000099999999978 0.00000000099999999978 0.99999999299999997593 0.00000000099999999978 0.00000000099999999978 0.00000000099999999978 0.00000000099999999978 
0.00000000099999999995 0.00000000099999999995 0.00000000099999999995 0.00000000099999999995 0.00709289848191098880 0.99289715146962731485 0.00000994504846158196 0.00000000099999999995 
0.00726989967301632997 0.96966141243759296220 0.00000000099999999992 0.00000000099999999992 0.00000000099999999992 0.00000000099999999992 0.02306868288939066189 0.00000000099999999992 
0.00958150152506627092 0.99041849247493374264 0.00000000099999999993 0.00000000099999999993 0.00000000099999999993 0.00000000099999999993 0.00000000099999999993 0.00000000099999999993 
0.00000000099999999991 0.00000000099999999991 0.00000000099999999991 0.00000000099999999991 0.00000000099999999991 0.00000000099999999991 0.99999999299999997593 0.00000000099999999991 
0.00000000099999999992 0.00000000099999999992 0.00000000099999999992 0.00000000099999999992 0.00000000099999999992 0.99999999299999997593 0.00000000099999999992 0.00000000099999999992 
0.00000000099999999991 0.00000000099999999991 0.99999999300000008695 0.00000000099999999991 0.00000000099999999991 0.00000000099999999991 0.00000000099999999991 0.00000000099999999991 
0.01618519187723263530 0.98381480212276761765 0.00000000099999999998 0.00000000099999999998 0.00000000099999999998 0.00000000099999999998 0.00000000099999999998 0.00000000099999999998 
0.00000000099999999999 0.88218404034332575936 0.00000000099999999999 0.03438658529082737336 0.08342936929308722438 0.00000000099999999999 0.00000000099999999999 0.00000000107275971911 
0.02075988076277556632 0.93029824761497270647 0.00000000099999999996 0.00984341411727092039 0.00000000099999999996 0.00000000099999999996 0.02507979168794811572 0.01401866281703268401 
0.00000000099999999998 0.00000000099999999998 0.41270724738227643202 0.00000000099999999998 0.00000000099999999998 0.52038426935087389591 0.06690847826684966082 0.00000000099999999998 
0.00000000099999999976 0.00000000099999999976 0.00000000099999999976 0.00000000099999999976 0.00000000099999999976 0.00000000099999999976 0.00000000099999999976 0.99999999299999997593 
0.00000000099999999999 0.00000000099999999999 0.65607149444488943590 0.00000000099999999999 0.09413854443153432672 0.19803362808383168092 0.01604185920743233032 0.03571447083231212710 
0.00000000099999999994 0.99896845329448080708 0.00000000099999999994 0.00103154070551939557 0.00000000099999999994 0.00000000099999999994 0.00000000099999999994 0.00000000099999999994 
0.00000000099999999984 0.00000000099999999984 0.00000000099999999984 0.99999999299999997593 0.00000000099999999984 0.00000000099999999984 0.00000000099999999984 0.00000000099999999984 
0.00000000099999999961 0.00000000099999999961 0.00000000099999999961 0.00000000099999999961 0.00000000099999999961 0.00000000099999999961 0.00000000099999999961 0.99999999300000008695 
0.00000000099999999995 0.99999999300000019797 0.00000000099999999995 0.00000000099999999995 0.00000000099999999995 0.00000000099999999995 0.00000000099999999995 0.00000000099999999995 
0.00000000099999999990 0.98908690799014697959 0.00000000099999999990 0.01091308600985321092 0.00000000099999999990 0.00000000099999999990 0.00000000099999999990 0.00000000099999999990 
0.04572221774925737392 0.95427777625074272638 0.00000000099999999992 0.00000000099999999992 0.00000000099999999992 0.00000000099999999992 0.00000000099999999992 0.00000000099999999992 
0.00000000099999999990 0.00000000099999999990 0.00000000099999999990 0.00000000099999999990 0.99999999299999997593 0.00000000099999999990 0.00000000099999999990 0.00000000099999999990 
0.00000000099999999999 0.08405900093051588140 0.08037802861764897777 0.00000000099999999999 0.82967759433045118467 0.00001324372957181901 0.00255989302317552805 0.00331223736863659390 
0.00000000099999999989 0.00000000099999999989 0.00000000099999999989 0.00000000099999999989 0.00000000099999999989 0.00000000099999999989 0.99999999299999997593 0.00000000099999999989 
0.00000000099999999998 0.00000000099999999998 0.36241489292069090089 0.00000000099999999998 0.00000000099999999998 0.15526083018471351083 0.48232427189459547989 0.00000000099999999998 
0.00000000099999999988 0.00000000099999999988 0.00000000099999999988 0.00000000099999999988 0.99999999299999997593 0.00000000099999999988 0.00000000099999999988 0.00000000099999999988 
0.00000000099999999997 0.97449028883936850143 0.00000000099999999997 0.00000000099999999997 0.00000000099999999997 0.00000000099999999997 0.01653001172502335109 0.00897969443560825073 
0.00000000099999999988 0.00000000099999999988 0.00000000099999999988 0.00000000099999999988 0.99999999299999997593 0.00000000099999999988 0.00000000099999999988 0.00000000099999999988 
0.00000000099999999991 0.00000000099999999991 0.00000000099999999991 0.00000000099999999991 0.99999999300000008695 0.00000000099999999991 0.00000000099999999991 0.00000000099999999991 
0.00000000099999999988 0.00000000099999999988 0.00000000099999999988 0.00000000099999999988 0.99999999300000008695 0.00000000099999999988 0.00000000099999999988 0.00000000099999999988 
0.00000000099999999997 0.00000000099999999997 0.37729820672601188658 0.00000000099999999997 0.09500779884167662170 0.50353327541158410252 0.00000000099999999997 0.02416071502072730803 
0.00000000099999999982 0.00000000099999999982 0.00000000099999999982 0.00000000099999999982 0.99999999299999997593 0.00000000099999999982 0.00000000099999999982 0.00000000099999999982 
0.00000000099999999987 0.00000000099999999987 0.00000000099999999987 0.00000000099999999987 0.96438446009528278058 0.03561553390471721564 0.00000000099999999987 0.00000000099999999987 
0.07496311619553601424 0.50345624503771835290 0.00000000099999999991 0.00000000099999999991 0.00000000099999999991 0.00000000099999999991 0.42158063376674564937 0.00000000099999999991 
0.00000000099999999998 0.00000000099999999998 0.00034952458913515275 0.00000000099999999998 0.15639062824232688453 0.84325984216853799857 0.00000000099999999998 0.00000000099999999998 
0.00000000099999999996 0.00000000099999999996 0.00000000099999999996 0.00000000099999999996 0.55841643561877407631 0.44155586600354462812 0.00000000099999999996 0.00002769337768124308 
0.00000000099999999993 0.00000000099999999993 0.00000000099999999993 0.00000000099999999993 0.99999998987124760763 0.00000000412875229658 0.00000000099999999993 0.00000000099999999993 
0.00000000099999999996 0.00000000099999999996 0.49751824753010698288 0.00000000099999999996 0.00000000099999999996 0.49591710464462451791 0.00000000099999999996 0.00656464282526853047 
0.00000000099999999991 0.00000000099999999991 0.01261085942026324118 0.00000000099999999991 0.98738913457973676024 0.00000000099999999991 0.00000000099999999991 0.00000000099999999991 
0.00000000099999999983 0.00000000099999999983 0.00000000099999999983 0.00000000099999999983 0.00000000099999999983 0.99999999299999997593 0.00000000099999999983 0.00000000099999999983 
0.00000000099999999983 0.00000000099999999983 0.00000000099999999983 0.00000000099999999983 0.00000000099999999983 0.99999999299999997593 0.00000000099999999983 0.00000000099999999983 
0.00000000099999999994 0.00000000099999999994 0.00000000099999999994 0.00000000099999999994 0.94064107258819695812 0.05935892141180313525 0.00000000099999999994 0.00000000099999999994 
0.00000000099999999989 0.00000000099999999989 0.00000000099999999989 0.00000000099999999989 0.99999999299999997593 0.00000000099999999989 0.00000000099999999989 0.00000000099999999989 
0.00000000099999999998 0.07483926237290010330 0.00000000099999999998 0.92516073162709988598 0.00000000099999999998 0.00000000099999999998 0.00000000099999999998 0.00000000099999999998 
0.00000000099999999987 0.00000000099999999987 0.00000000099999999987 0.00000000099999999987 0.00000000099999999987 0.99999999300000008695 0.00000000099999999987 0.00000000099999999987 
0.00000000099999999997 0.00000000099999999997 0.00000000099999999997 0.00193485625245754271 0.94919785950709467670 0.03385400790489624667 0.00000000099999999997 0.01501327233555163621 
0.00000000099999999985 0.00000000099999999985 0.00000000099999999985 0.99999999299999997593 0.00000000099999999985 0.00000000099999999985 0.00000000099999999985 0.00000000099999999985 
0.00000000099999999995 0.98977662508206065706 0.00000000099999999995 0.00024357005086084920 0.00000000099999999995 0.00000000099999999995 0.00000038178835497796 0.00997941907872344595 
0.00000000099999999992 0.00000000099999999992 0.99999999300000008695 0.00000000099999999992 0.00000000099999999992 0.00000000099999999992 0.00000000099999999992 0.00000000099999999992 
0.06428419796008473519 0.00000000099999999990 0.00000000099999999990 0.93571579603991528185 0.00000000099999999990 0.00000000099999999990 0.00000000099999999990 0.00000000099999999990 
0.00000000099999999989 0.00000000099999999989 0.00000000099999999989 0.99398961536653673843 0.00000000099999999989 0.00000000099999999989 0.00601037863346313289 0.00000000099999999989 
0.00000000099999999995 0.02384366847252739757 0.00000000099999999995 0.97615632552747255701 0.00000000099999999995 0.00000000099999999995 0.00000000099999999995 0.00000000099999999995 
0.00000000099999999989 0.00000000099999999989 0.00000000099999999989 0.00000000099999999989 0.00000000099999999989 0.00000000099999999989 0.99999999299999997593 0.00000000099999999989 
0.99999999300000019797 0.00000000099999999973 0.00000000099999999973 0.00000000099999999973 0.00000000099999999973 0.00000000099999999973 0.00000000099999999973 0.00000000099999999973 
0.93986425596592559906 0.00000000099999999996 0.00000000099999999996 0.00000000099999999996 0.06013573803407454288 0.00000000099999999996 0.00000000099999999996 0.00000000099999999996 
0.00000000099999999990 0.00000000099999999990 0.00000000099999999990 0.00000000099999999990 0.00000000099999999990 0.00000000099999999990 0.99999999299999997593 0.00000000099999999990 
0.00000000099999999990 0.99999999300000008695 0.00000000099999999990 0.00000000099999999990 0.00000000099999999990 0.00000000099999999990 0.00000000099999999990 0.00000000099999999990 
0.00000000099999999984 0.00000000099999999984 0.00000000099999999984 0.99999999299999997593 0.00000000099999999984 0.00000000099999999984 0.00000000099999999984 0.00000000099999999984 
0.99999999300000019797 0.00000000099999999960 0.00000000099999999960 0.00000000099999999960 0.00000000099999999960 0.00000000099999999960 0.00000000099999999960 0.00000000099999999960 
0.99999999300000019797 0.00000000099999999964 0.00000000099999999964 0.00000000099999999964 0.00000000099999999964 0.00000000099999999964 0.00000000099999999964 0.00000000099999999964 
0.02586200601029436594 0.07064747783421923555 0.00000000099999999999 0.83848802148093359854 0.00000000099999999999 0.00432317872899645479 0.02398815944010828163 0.03669115450544802037 
0.11222417182270351399 0.15783247392820790034 0.21187842210159923972 0.04653336367823622532 0.00000000099999999999 0.00000000099999999999 0.47153156546925312220 0.00000000099999999999 
0.04161029244201183003 0.76580379997723746488 0.00000000099999999999 0.05132136109462195200 0.00000000099999999999 0.14126454248612876907 0.00000000099999999999 0.00000000099999999999 
0.00000000099999999989 0.00000000099999999989 0.00000000099999999989 0.00000000099999999989 0.00000000099999999989 0.00000000099999999989 0.99999999299999997593 0.00000000099999999989 
0.09323739183973948907 0.00000000099999999993 0.00000000099999999993 0.90676260216026072225 0.00000000099999999993 0.00000000099999999993 0.00000000099999999993 0.00000000099999999993 
0.00000000099999999989 0.99999999300000019797 0.00000000099999999989 0.00000000099999999989 0.00000000099999999989 0.00000000099999999989 0.00000000099999999989 0.00000000099999999989 
0.07008723505886510496 0.92638977958508639254 0.00000000099999999996 0.00352298035604850556 0.00000000099999999996 0.00000000099999999996 0.00000000099999999996 0.00000000099999999996 
0.00000000099999999987 0.00000000099999999987 0.00000000099999999987 0.00000000099999999987 0.00000000099999999987 0.00000000099999999987 0.99999999299999997593 0.00000000099999999987 
0.00000000099999999993 0.96467961602938334664 0.00000000099999999993 0.01399168165346415492 0.00000000099999999993 0.00000000099999999993 0.02132869731715268669 0.00000000099999999993 
0.99999999300000019797 0.00000000099999999964 0.00000000099999999964 0.00000000099999999964 0.00000000099999999964 0.00000000099999999964 0.00000000099999999964 0.00000000099999999964 
0.09011004206534430072 0.00000000099999999997 0.00000000099999999997 0.00000000099999999997 0.03027332911394634701 0.00000000099999999997 0.87961662382070937571 0.00000000099999999997 
0.00000000099999999991 0.06606020800680183214 0.00000000099999999991 0.93393978599319826817 0.00000000099999999991 0.00000000099999999991 0.00000000099999999991 0.00000000099999999991 
0.00000012700057944662 0.00000033156663816521 0.00000000099999999995 0.00000000099999999995 0.00000000099999999995 0.00000000099999999995 0.99999953643278227666 0.00000000099999999995 
0.02905500890373151693 0.93450905557298369342 0.00000000099999999994 0.03643593052328498311 0.00000000099999999994 0.00000000099999999994 0.00000000099999999994 0.00000000099999999994 
0.00000000099999999989 0.00000000099999999989 0.00000000099999999989 0.00000000099999999989 0.99999999300000008695 0.00000000099999999989 0.00000000099999999989 0.00000000099999999989 
0.00000000099999999977 0.00000000099999999977 0.00000000099999999977 0.00000000099999999977 0.99999999299999997593 0.00000000099999999977 0.00000000099999999977 0.00000000099999999977 
0.00000000099999999995 0.00000000099999999995 0.61673465500545643359 0.00000000099999999995 0.00000000099999999995 0.35990225861027941301 0.00000000099999999995 0.02336308138426430522 
0.00000000099999999991 0.00000000099999999991 0.36728933425943732782 0.00000000099999999991 0.00002358602804025235 0.63268707471252239039 0.00000000099999999991 0.00000000099999999991 
0.00034986243216528017 0.00000000100000000000 0.01467097185553201989 0.90310375836833944874 0.01881676619488112726 0.00000000100000000000 0.01317525353148416532 0.04988338561759808609 
0.00000000099999999996 0.00000000099999999996 0.44592412250101931548 0.00000000099999999996 0.03867210956239888059 0.43185099895475248521 0.08355276498182921674 0.00000000099999999996 
0.00000000099999999995 0.00000000099999999995 0.67733802782670449183 0.00000000099999999995 0.00000000099999999995 0.32266196617329551133 0.00000000099999999995 0.00000000099999999995 
0.00000000099999999999 0.01762885054554501341 0.00000000099999999999 0.85200740471583302771 0.12163055528086677559 0.00000000099999999999 0.00000000099999999999 0.00873318545775534846 
0.00000000099999999999 0.10092662351527208198 0.40499582049612165013 0.00000000099999999999 0.08334181200888789165 0.36463964272736554273 0.02662894019134352114 0.01946715906100919199 
0.00000000099999999984 0.00000000099999999984 0.00000000099999999984 0.00000000099999999984 0.99999999299999997593 0.00000000099999999984 0.00000000099999999984 0.00000000099999999984 
0.00901365992681253496 0.00000000099999999999 0.06375988630608379892 0.81619336370246531320 0.11103308606463829777 0.00000000099999999999 0.00000000099999999999 0.00000000099999999999 
0.00000000099999999990 0.88606822413779740000 0.00000000099999999990 0.08599831061603593896 0.00000000099999999990 0.00000000099999999990 0.02793346024616681633 0.00000000099999999990 
0.00000000099999999984 0.00000000099999999984 0.00000000099999999984 0.99999999299999997593 0.00000000099999999984 0.00000000099999999984 0.00000000099999999984 0.00000000099999999984 
0.00000000099999999986 0.00000000099999999986 0.00000000099999999986 0.00000000099999999986 0.00000000099999999986 0.00000000099999999986 0.99999999299999997593 0.00000000099999999986 
0.00000000099999999995 0.99999425981096867755 0.00000000099999999995 0.00000000099999999995 0.00000000099999999995 0.00000000099999999995 0.00000573418903147273 0.00000000099999999995 
0.00000000099999999995 0.00000000099999999995 0.64503506948536715182 0.00000000099999999995 0.00000000099999999995 0.35496492451463285134 0.00000000099999999995 0.00000000099999999995 
0.00000000606576917341 0.00000000100000000000 0.51285508062540785534 0.17071914042717814541 0.02453649615197262684 0.28677537430495692039 0.00511390042471532563 0.00000000100000000000 
0.00000000099999999997 0.00000000099999999997 0.58775907254198744845 0.00000000099999999997 0.00735527683416685278 0.40488564562384565804 0.00000000099999999997 0.00000000099999999997 
0.00000000099999999994 0.00000000099999999994 0.95818599338505594520 0.00000000099999999994 0.04181394725557243536 0.00000005435937157037 0.00000000099999999994 0.00000000099999999994 
0.00000000099999999991 0.00000000099999999991 0.00000000099999999991 0.00000000099999999991 0.00000000099999999991 0.99999999299999997593 0.00000000099999999991 0.00000000099999999991 
0.00000000099999999986 0.00000000099999999986 0.96006852645484364039 0.00000000099999999986 0.03993146754515643215 0.00000000099999999986 0.00000000099999999986 0.00000000099999999986 
0.06242423526732802930 0.93757575873267195998 0.00000000099999999993 0.00000000099999999993 0.00000000099999999993 0.00000000099999999993 0.00000000099999999993 0.00000000099999999993 
0.06034908386448619572 0.00000000099999999994 0.00000000099999999994 0.00000000099999999994 0.00000000099999999994 0.00000000099999999994 0.93965091013551371724 0.00000000099999999994 
0.00000000099999999993 0.97816599221021260924 0.00000000099999999993 0.01614570438442891262 0.00000000099999999993 0.00000000099999999993 0.00568829840535857445 0.00000000099999999993 
0.00000000099999999996 0.99999999300000008695 0.00000000099999999996 0.00000000099999999996 0.00000000099999999996 0.00000000099999999996 0.00000000099999999996 0.00000000099999999996 
0.00000000099999999985 0.00000000099999999985 0.00000000099999999985 0.00000000099999999985 0.00000000099999999985 0.00000000099999999985 0.99999999299999986491 0.00000000099999999985 
0.00000000099999999978 0.00000000099999999978 0.00000000099999999978 0.99999999300000008695 0.00000000099999999978 0.00000000099999999978 0.00000000099999999978 0.00000000099999999978 
0.03307731873794106381 0.00000000099999999986 0.00000000099999999986 0.96692267526205910588 0.00000000099999999986 0.00000000099999999986 0.00000000099999999986 0.00000000099999999986 
0.00000000099999999987 0.99999999300000008695 0.00000000099999999987 0.00000000099999999987 0.00000000099999999987 0.00000000099999999987 0.00000000099999999987 0.00000000099999999987 
0.00000000099999999991 0.99999999300000008695 0.00000000099999999991 0.00000000099999999991 0.00000000099999999991 0.00000000099999999991 0.00000000099999999991 0.00000000099999999991 
0.00000000099999999989 0.99999999300000019797 0.00000000099999999989 0.00000000099999999989 0.00000000099999999989 0.00000000099999999989 0.00000000099999999989 0.00000000099999999989 
0.00000000099999999987 0.00000000099999999987 0.00000000099999999987 0.99999999299999997593 0.00000000099999999987 0.00000000099999999987 0.00000000099999999987 0.00000000099999999987 
0.00646667109734230458 0.03638612379793162988 0.00000000099999999996 0.95714720010472609246 0.00000000099999999996 0.00000000099999999996 0.00000000099999999996 0.00000000099999999996 
0.00000000099999999990 0.99999999300000019797 0.00000000099999999990 0.00000000099999999990 0.00000000099999999990 0.00000000099999999990 0.00000000099999999990 0.00000000099999999990 
0.00000000099999999987 0.00000000099999999987 0.00000000099999999987 0.00000000099999999987 0.00000000099999999987 0.00000000099999999987 0.99999999299999986491 0.00000000099999999987 
0.01811512280315417250 0.87643835974473394135 0.00000000099999999998 0.02569189225682480537 0.00000000099999999998 0.00000000099999999998 0.04666985361661345894 0.03308476857867361648 
0.00000000099999999981 0.00000000099999999981 0.00000000099999999981 0.99999999300000008695 0.00000000099999999981 0.00000000099999999981 0.00000000099999999981 0.00000000099999999981 
0.00061628029708160191 0.99938371370291856355 0.00000000099999999989 0.00000000099999999989 0.00000000099999999989 0.00000000099999999989 0.00000000099999999989 0.00000000099999999989 
0.00000000099999999998 0.00000000099999999998 0.25879420876102371407 0.00000000099999999998 0.06928693123479794103 0.63631873843064268303 0.02629216860617053855 0.00930794996736498785 
0.10560362577713455767 0.01340697342020431490 0.00000000099999999993 0.78742394699686313331 0.00000000099999999993 0.00000000099999999993 0.09356544980579797888 0.00000000099999999993 
0.00000000099999999997 0.07132456120769109509 0.45905205447970659494 0.00000000099999999997 0.00000000099999999997 0.45657077303239534949 0.00000000099999999997 0.01305260728020706147 
0.00000000099999999981 0.00000000099999999981 0.00000000099999999981 0.99999999299999997593 0.00000000099999999981 0.00000000099999999981 0.00000000099999999981 0.00000000099999999981 
0.00006482518309825542 0.99993516662661563466 0.00000000099999999993 0.00000000099999999993 0.00000000099999999993 0.00000000099999999993 0.00000000319028613337 0.00000000099999999993 
0.00000000099999999988 0.99999999300000008695 0.00000000099999999988 0.00000000099999999988 0.00000000099999999988 0.00000000099999999988 0.00000000099999999988 0.00000000099999999988 
0.00000000099999999985 0.00000000099999999985 0.00000000099999999985 0.99999999300000008695 0.00000000099999999985 0.00000000099999999985 0.00000000099999999985 0.00000000099999999985 
0.00000000099999999989 0.99999999300000008695 0.00000000099999999989 0.00000000099999999989 0.00000000099999999989 0.00000000099999999989 0.00000000099999999989 0.00000000099999999989 
0.00000000100000000000 0.63586840451761017512 0.20355509701373483700 0.01735967041372600550 0.02528858337022140898 0.00002926518913744475 0.05133603209750734614 0.06656294639806280278 
0.00000000099999999987 0.00000000099999999987 0.00000000099999999987 0.99999999299999997593 0.00000000099999999987 0.00000000099999999987 0.00000000099999999987 0.00000000099999999987 
0.00000000099999999998 0.99723424399335880430 0.00000000099999999998 0.00276575000664129600 0.00000000099999999998 0.00000000099999999998 0.00000000099999999998 0.00000000099999999998 
0.00000000099999999995 0.00000000099999999995 0.15108889882393236603 0.00000000099999999995 0.84401053069099518655 0.00000000099999999995 0.00000000099999999995 0.00490056548507255500 
0.00000000099999999957 0.00000000099999999957 0.00000000099999999957 0.00000000099999999957 0.00000000099999999957 0.00000000099999999957 0.00000000099999999957 0.99999999300000008695 
0.00000000099999999986 0.00000000099999999986 0.00000000099999999986 0.00000000099999999986 0.00000000099999999986 0.99999999299999997593 0.00000000099999999986 0.00000000099999999986 
0.00000000099999999989 0.00000000099999999989 0.99999999299999997593 0.00000000099999999989 0.00000000099999999989 0.00000000099999999989 0.00000000099999999989 0.00000000099999999989 
0.00000000099999999992 0.00000000099999999992 0.99999999300000008695 0.00000000099999999992 0.00000000099999999992 0.00000000099999999992 0.00000000099999999992 0.00000000099999999992 
0.00000000099999999995 0.00000000099999999995 0.42593475340783171212 0.00000000099999999995 0.00000000099999999995 0.57406524059216834655 0.00000000099999999995 0.00000000099999999995 
0.00000000099999999990 0.00000000099999999990 0.00000000099999999990 0.00000000099999999990 0.00000000099999999990 0.99999999299999997593 0.00000000099999999990 0.00000000099999999990 
0.00085052135838299475 0.07868230465609148128 0.29659855454346700787 0.01976768582029327787 0.16413270339875121739 0.43477474004240790340 0.00000000100000000000 0.00519348918060625643 
0.00000000099999999991 0.00000000099999999991 0.36333454126648473403 0.00000000099999999991 0.00000000099999999991 0.63666545273351526912 0.00000000099999999991 0.00000000099999999991 
0.00000000099999999981 0.00000000099999999981 0.00000000099999999981 0.99999999300000008695 0.00000000099999999981 0.00000000099999999981 0.00000000099999999981 0.00000000099999999981 
0.00000000099999999996 0.00000000099999999996 0.35189613049383750010 0.00000000099999999996 0.01981053015642815843 0.61762297524434983664 0.00000000099999999996 0.01067036010538449306 
0.00000000099999999959 0.00000000099999999959 0.00000000099999999959 0.00000000099999999959 0.00000000099999999959 0.00000000099999999959 0.00000000099999999959 0.99999999299999997593 
0.00000000099999999993 0.00000000099999999993 0.23110403526297518262 0.00000000099999999993 0.00371829524311372266 0.76517766449391122485 0.00000000099999999993 0.00000000099999999993 
0.00000000099999999987 0.00000000099999999987 0.00000000099999999987 0.00000000099999999987 0.99999999300000008695 0.00000000099999999987 0.00000000099999999987 0.00000000099999999987 
0.00000000099999999988 0.99999999300000008695 0.00000000099999999988 0.00000000099999999988 0.00000000099999999988 0.00000000099999999988 0.00000000099999999988 0.00000000099999999988 
0.00000000099999999984 0.00000000099999999984 0.00000000099999999984 0.00000000099999999984 0.99999999299999997593 0.00000000099999999984 0.00000000099999999984 0.00000000099999999984 
0.00000000099999999988 0.00000000099999999988 0.00000000099999999988 0.00000000099999999988 0.99999999300000008695 0.00000000099999999988 0.00000000099999999988 0.00000000099999999988 
0.00000000099999999993 0.00000000099999999993 0.00000000099999999993 0.00000000099999999993 0.00000000099999999993 0.99999999300000008695 0.00000000099999999993 0.00000000099999999993 
0.01832869845429672614 0.00000000099999999997 0.60180549139622363519 0.00000000099999999997 0.05727621398925456658 0.32258952573499294347 0.00000006742523195027 0.00000000099999999997 
0.00000000099999999991 0.00000000099999999991 0.00000000099999999991 0.00000000099999999991 0.99999999299999997593 0.00000000099999999991 0.00000000099999999991 0.00000000099999999991 
0.00000000099999999987 0.00000000099999999987 0.00000000099999999987 0.00000000099999999987 0.99999999299999997593 0.00000000099999999987 0.00000000099999999987 0.00000000099999999987 
0.00000000099999999989 0.00000000099999999989 0.98423079495816134799 0.00000000099999999989 0.01576919904183873844 0.00000000099999999989 0.00000000099999999989 0.00000000099999999989 
0.00000000099999999989 0.99999999300000008695 0.00000000099999999989 0.00000000099999999989 0.00000000099999999989 0.00000000099999999989 0.00000000099999999989 0.00000000099999999989 
0.01824322491213819716 0.00000000099999999998 0.33789130447586662731 0.00000000099999999998 0.07384106865859335622 0.56579937360924748013 0.00000000099999999998 0.00422502534415422626 
0.00000000099999999986 0.00000000099999999986 0.00000000099999999986 0.00000000099999999986 0.99999999300000008695 0.00000000099999999986 0.00000000099999999986 0.00000000099999999986 
0.02593277688159921837 0.00000000099999999998 0.69984869073157485175 0.00000000099999999998 0.00865017402493653206 0.26556835436188930277 0.00000000099999999998 0.00000000099999999998 
0.00000000099999999994 0.00000000099999999994 0.97092543110697115960 0.00000000099999999994 0.02907452030928141945 0.00000004358374735246 0.00000000099999999994 0.00000000099999999994 
0.00000000099999999988 0.00000000099999999988 0.00000000099999999988 0.00000000099999999988 0.99999999299999997593 0.00000000099999999988 0.00000000099999999988 0.00000000099999999988 
0.00000000099999999989 0.99999999300000019797 0.00000000099999999989 0.00000000099999999989 0.00000000099999999989 0.00000000099999999989 0.00000000099999999989 0.00000000099999999989 
0.00000000099999999994 0.00000000099999999994 0.00000000099999999994 0.00000000099999999994 0.99999999299999997593 0.00000000099999999994 0.00000000099999999994 0.00000000099999999994 
0.00187279456060410318 0.00000000099999999997 0.71528557365356970621 0.00000000099999999997 0.00235501466345404897 0.28048661312237216370 0.00000000099999999997 0.00000000099999999997 
0.04893015481662842114 0.00000000099999999996 0.34700911906414200203 0.00000000099999999996 0.00000000099999999996 0.60406072111922959333 0.00000000099999999996 0.00000000099999999996 
0.00000000099999999988 0.00000000099999999988 0.00000000099999999988 0.00000000099999999988 0.00000000099999999988 0.99999999300000008695 0.00000000099999999988 0.00000000099999999988 
0.00000000099999999988 0.99999999300000019797 0.00000000099999999988 0.00000000099999999988 0.00000000099999999988 0.00000000099999999988 0.00000000099999999988 0.00000000099999999988 
0.02638279363516574799 0.00000000099999999997 0.82761538477492313515 0.00000000099999999997 0.03650345686228911174 0.00000000099999999997 0.10949836072762188233 0.00000000099999999997 
0.00000000099999999989 0.00000000099999999989 0.00000000099999999989 0.00000000099999999989 0.00000000099999999989 0.99999999299999997593 0.00000000099999999989 0.00000000099999999989 
0.00000000099999999992 0.00000000099999999992 0.58571471045252831988 0.00000000099999999992 0.00000000099999999992 0.41428528354747168327 0.00000000099999999992 0.00000000099999999992 
0.00000000099999999997 0.00000000099999999997 0.99312834853801179591 0.00000000099999999997 0.00000000099999999997 0.00000000099999999997 0.00000000099999999997 0.00687164546198832434 
0.00000000099999999998 0.01986177590498648671 0.00270934168432146417 0.00000000099999999998 0.83543543453152491196 0.11914387854282362800 0.02284956633634346868 0.00000000099999999998 
0.00000000099999999998 0.86489484631823454475 0.00000000099999999998 0.00000000099999999998 0.13510514768176545841 0.00000000099999999998 0.00000000099999999998 0.00000000099999999998 
0.04541086226460252367 0.00000000099999999997 0.72410488918211701748 0.00000000099999999997 0.00043332985770900201 0.21673718141866268883 0.01331373427690865988 0.00000000099999999997 
0.00000000099999999979 0.00000000099999999979 0.00000000099999999979 0.00000000099999999979 0.99999999299999997593 0.00000000099999999979 0.00000000099999999979 0.00000000099999999979 
0.00000000099999999998 0.00000000099999999998 0.00536013894395370033 0.00000000099999999998 0.99463985505604624038 0.00000000099999999998 0.00000000099999999998 0.00000000099999999998 
0.00000000099999999998 0.00000000099999999998 0.33661316552562958737 0.05010081094062247831 0.61328601853374797859 0.00000000099999999998 0.00000000099999999998 0.00000000099999999998 
0.00000000099999999999 0.39483223128125194412 0.17370157379589054591 0.00000000099999999999 0.35642871040182927400 0.00000018425849631301 0.07503729726253184629 0.00000000099999999999 
0.00000000099999999984 0.00000000099999999984 0.00000000099999999984 0.00000000099999999984 0.00000000099999999984 0.99999999300000008695 0.00000000099999999984 0.00000000099999999984 
0.00463630749910408976 0.40902741007488080394 0.18710077141757963659 0.05618415181017388099 0.08548102808197188818 0.23037497212256904944 0.00000097028424237136 0.02719438870947838913 
0.00000000099999999997 0.00000000099999999997 0.54415772241592386127 0.00000000099999999997 0.00006771458551610707 0.25042613331126378773 0.20534842568729624879 0.00000000099999999997 
0.00000000099999999995 0.00000000099999999995 0.00000000099999999995 0.00000000099999999995 0.00000000099999999995 0.99999999300000008695 0.00000000099999999995 0.00000000099999999995 
0.00000000099999999998 0.34740038754217300587 0.24930922585618600640 0.00000000099999999998 0.00000000099999999998 0.39395701275047267931 0.00933336985116828624 0.00000000099999999998 
0.00000000099999999998 0.02036142005319447473 0.37395990948274632215 0.00000000099999999998 0.33590669715949345031 0.26977196930456565083 0.00000000099999999998 0.00000000099999999998 
0.00000000099999999997 0.00000000099999999997 0.18925461885227728986 0.81074536353342119277 0.00000001261430166955 0.00000000099999999997 0.00000000099999999997 0.00000000099999999997 
0.00000000099999999984 0.00000000099999999984 0.00000000099999999984 0.00000000099999999984 0.00000000099999999984 0.00000000099999999984 0.99999999299999986491 0.00000000099999999984 
0.00000000099999999992 0.00000000099999999992 0.95595986314021741403 0.00000000099999999992 0.04404013085978255443 0.00000000099999999992 0.00000000099999999992 0.00000000099999999992 
0.00000000099999999989 0.00000000099999999989 0.00000000099999999989 0.00000000099999999989 0.99999999300000008695 0.00000000099999999989 0.00000000099999999989 0.00000000099999999989 
0.00000000099999999992 0.00000000099999999992 0.00000000099999999992 0.00000000099999999992 0.99999999300000008695 0.00000000099999999992 0.00000000099999999992 0.00000000099999999992 
0.00000000099999999988 0.00000000099999999988 0.00000000099999999988 0.00000000099999999988 0.99999999299999997593 0.00000000099999999988 0.00000000099999999988 0.00000000099999999988 
0.00000000099999999984 0.00000000099999999984 0.00000000099999999984 0.00000000099999999984 0.00000000099999999984 0.00000000099999999984 0.00000000099999999984 0.99999999299999997593 
0.00000000099999999994 0.00000000099999999994 0.99999999299999997593 0.00000000099999999994 0.00000000099999999994 0.00000000099999999994 0.00000000099999999994 0.00000000099999999994 
0.00000000099999999986 0.00000000099999999986 0.99999999300000008695 0.00000000099999999986 0.00000000099999999986 0.00000000099999999986 0.00000000099999999986 0.00000000099999999986 
0.00000000099999999996 0.00000000099999999996 0.04819243257614014980 0.00000000099999999996 0.93436241501498729090 0.00000033803772639405 0.00000000099999999996 0.01744481037114620561 
0.00000000099999999997 0.00000000099999999997 0.40992566298992977325 0.00000000099999999997 0.05627594801236093791 0.53379838399770929147 0.00000000099999999997 0.00000000099999999997 
0.00000000099999999987 0.00000000099999999987 0.00000000099999999987 0.00000000099999999987 0.99999999299999997593 0.00000000099999999987 0.00000000099999999987 0.00000000099999999987 
0.00000000099999999957 0.00000000099999999957 0.00000000099999999957 0.00000000099999999957 0.00000000099999999957 0.00000000099999999957 0.00000000099999999957 0.99999999300000008695 
0.00000000099999999989 0.00000000099999999989 0.00000000099999999989 0.00000000099999999989 0.99999999300000008695 0.00000000099999999989 0.00000000099999999989 0.00000000099999999989 
0.00000000099999999992 0.00000000099999999992 0.00000000099999999992 0.00000000099999999992 0.96801816816918029307 0.03198182583081964070 0.00000000099999999992 0.00000000099999999992 
0.00000000099999999957 0.00000000099999999957 0.00000000099999999957 0.00000000099999999957 0.00000000099999999957 0.00000000099999999957 0.00000000099999999957 0.99999999299999997593 
0.00000000099999999976 0.00000000099999999976 0.00000000099999999976 0.00000000099999999976 0.00000000099999999976 0.00000000099999999976 0.00000000099999999976 0.99999999300000008695 
0.00000000099999999994 0.00000000099999999994 0.99999999300000008695 0.00000000099999999994 0.00000000099999999994 0.00000000099999999994 0.00000000099999999994 0.00000000099999999994 
0.00000000099999999981 0.00000000099999999981 0.00000000099999999981 0.00000000099999999981 0.99999999300000008695 0.00000000099999999981 0.00000000099999999981 0.00000000099999999981 
0.00000000099999999992 0.00000000099999999992 0.99999999299999997593 0.00000000099999999992 0.00000000099999999992 0.00000000099999999992 0.00000000099999999992 0.00000000099999999992 
0.00000000099999999985 0.00000000099999999985 0.00000000099999999985 0.00000000099999999985 0.99999999299999997593 0.00000000099999999985 0.00000000099999999985 0.00000000099999999985 
