0.00276451088781538845 0.10389338075390963656 0.01526908883369119778 0.55824145315380813148 0.00000000099999999999 0.00000000646294971236 0.31983155690782594238 0.00000000099999999999 0.00000000099999999999 
0.00000000099999999996 0.30821303494936874712 0.00000000099999999996 0.00000000099999999996 0.00000000099999999996 0.00000000099999999996 0.00000000099999999996 0.67130102444496941860 0.02048593460566171948 
0.00000000099999999995 0.00000000099999999995 0.00000000099999999995 0.10403077068394349369 0.00000000099999999995 0.00000000099999999995 0.00000000099999999995 0.89596922231605635734 0.00000000099999999995 
0.00000000099999999997 0.49753723622525941606 0.00000000099999999997 0.05821580430265403672 0.00000000099999999997 0.00000000099999999997 0.00000000099999999997 0.44075028900865942383 0.00349666546342732292 
0.00000000099999999995 0.54071647924769328242 0.00000000099999999995 0.09991396589265787165 0.00000000099999999995 0.00000000149396319873 0.00000000099999999995 0.35936954836568579807 0.00000000099999999995 
0.00000000099999999989 0.99999999200000011523 0.00000000099999999989 0.00000000099999999989 0.00000000099999999989 0.00000000099999999989 0.00000000099999999989 0.00000000099999999989 0.00000000099999999989 
0.00000000099999999979 0.00000000099999999979 0.00000000099999999979 0.00000000099999999979 0.99999999200000000421 0.00000000099999999979 0.00000000099999999979 0.00000000099999999979 0.00000000099999999979 
0.00000000099999999982 0.00000000099999999982 0.00000000099999999982 0.99999999200000000421 0.00000000099999999982 0.00000000099999999982 0.00000000099999999982 0.00000000099999999982 0.00000000099999999982 
0.00000000099999999988 0.99999999087457092095 0.00000000099999999988 0.00000000212542929410 0.00000000099999999988 0.00000000099999999988 0.00000000099999999988 0.00000000099999999988 0.00000000099999999988 
0.00000000099999999975 0.00000000099999999975 0.99999999200000000421 0.00000000099999999975 0.00000000099999999975 0.00000000099999999975 0.00000000099999999975 0.00000000099999999975 0.00000000099999999975 
0.00000000099999999990 0.00000000099999999990 0.45132798082301711640 0.00000000099999999990 0.54867201217698291504 0.00000000099999999990 0.00000000099999999990 0.00000000099999999990 0.00000000099999999990 
0.00000000099999999991 0.00000000099999999991 0.46583721062320948558 0.00000000099999999991 0.53416278237679049035 0.00000000099999999991 0.00000000099999999991 0.00000000099999999991 0.00000000099999999991 
0.00000000099999999982 0.00000000099999999982 0.00000000099999999982 0.00000000099999999982 0.00000000099999999982 0.00000000099999999982 0.00000000099999999982 0.00000000099999999982 0.99999999200000000421 
0.00000000099999999998 0.13224381893473038940 0.35851492959175962350 0.00000000099999999998 0.19840496380247885089 0.00000000099999999998 0.17110364036844813440 0.00000000099999999998 0.13973264330258297616 
0.00000000099999999998 0.00000000099999999998 0.00000000099999999998 0.00000000099999999998 0.00000000099999999998 0.17053734195710157362 0.41069116448574932710 0.00000000099999999998 0.41877148755714915795 
0.00000000099999999969 0.00000000099999999969 0.99999999200000011523 0.00000000099999999969 0.00000000099999999969 0.00000000099999999969 0.00000000099999999969 0.00000000099999999969 0.00000000099999999969 
0.00000000099999999998 0.00000000099999999998 0.25166726192426752684 0.10887161456424433725 0.20145246881887865498 0.00000000099999999998 0.23796412073484232708 0.00000000099999999998 0.20004452995776719759 
0.00000000099999999999 0.00000000099999999999 0.00000000099999999999 0.39034887897626080466 0.00000000099999999999 0.13237976594933023589 0.23878812730116283358 0.04961196448516633911 0.18887125928807960151 
0.00000000099999999962 0.00000000099999999962 0.00000000099999999962 0.00000000099999999962 0.00000000099999999962 0.00000000099999999962 0.99999999200000000421 0.00000000099999999962 0.00000000099999999962 
0.00000000099999999996 0.00000000099999999996 0.04636858120644731657 0.00000000099999999996 0.00000000099999999996 0.00000000099999999996 0.48019035977670715409 0.00000000099999999996 0.47344105301684547005 
0.00000000099999999967 0.00000000099999999967 0.00000000099999999967 0.00000000099999999967 0.00000000099999999967 0.00000000099999999967 0.00000000099999999967 0.00000000099999999967 0.99999999199999989319 
0.00000000099999999986 0.00000000099999999986 0.00000000099999999986 0.00000000099999999986 0.99999999200000011523 0.00000000099999999986 0.00000000099999999986 0.00000000099999999986 0.00000000099999999986 
0.00000000099999999974 0.00000000099999999974 0.00000000099999999974 0.00000000099999999974 0.00000000099999999974 0.00000000099999999974 0.99999999200000000421 0.00000000099999999974 0.00000000099999999974 
0.00000000099999999995 0.00000000099999999995 0.00000000099999999995 0.08355489099529579688 0.00000000099999999995 0.00000000099999999995 0.00000000099999999995 0.88878663964986315271 0.02765846335484095989 
0.00000000099999999989 0.00000000099999999989 0.45327333690084736784 0.00000000099999999989 0.52811760481919522991 0.00000000099999999989 0.00000000099999999989 0.00000000099999999989 0.01860905227995734990 
0.00000000099999999978 0.00000000099999999978 0.99999999200000011523 0.00000000099999999978 0.00000000099999999978 0.00000000099999999978 0.00000000099999999978 0.00000000099999999978 0.00000000099999999978 
0.00000000099999999991 0.00000000099999999991 0.00000000099999999991 0.00000000099999999991 0.00000000099999999991 0.00000000099999999991 0.00000000099999999991 0.00000000099999999991 0.99999999200000000421 
0.00000000099999999994 0.00000000099999999994 0.00000000099999999994 0.00000000099999999994 0.00000000099999999994 0.00000000099999999994 0.00000000099999999994 0.99999999200000000421 0.00000000099999999994 
0.00000000099999999992 0.97660583245068255387 0.00000000099999999992 0.02339416054931758859 0.00000000099999999992 0.00000000099999999992 0.00000000099999999992 0.00000000099999999992 0.00000000099999999992 
0.00000000099999999998 0.00000000099999999998 0.34588694479226822498 0.00000000099999999998 0.65411304820773197299 0.00000000099999999998 0.00000000099999999998 0.00000000099999999998 0.00000000099999999998 
0.00000000099999999998 0.00000000099999999998 0.58098671786550815099 0.00000000099999999998 0.32002718332966179071 0.09151125369182729063 0.00747484011300271391 0.00000000099999999998 0.00000000099999999998 
0.00753551494888175452 0.00000000099999999993 0.49279220699279230322 0.00000000099999999993 0.45557659920745885440 0.00000000099999999993 0.01738448195059393020 0.00000000099999999993 0.02671119290027315282 
0.00000000099999999997 0.22473823787300928334 0.00000000099999999997 0.00000000099999999997 0.00000000099999999997 0.03154727689249097605 0.00000000099999999997 0.68394951936083636657 0.05976496087366326565 
0.99999999200000022626 0.00000000099999999972 0.00000000099999999972 0.00000000099999999972 0.00000000099999999972 0.00000000099999999972 0.00000000099999999972 0.00000000099999999972 0.00000000099999999972 
0.03399281961933910134 0.85185115316672210817 0.00000000099999999999 0.01176280730869099823 0.00000000099999999999 0.10239321490524788683 0.00000000099999999999 0.00000000099999999999 0.00000000099999999999 
0.00000000099999999984 0.00000000099999999984 0.00000000099999999984 0.00000000099999999984 0.99999999200000000421 0.00000000099999999984 0.00000000099999999984 0.00000000099999999984 0.00000000099999999984 
0.00000000099999999980 0.00000000099999999980 0.00000000099999999980 0.00000000099999999980 0.00000000099999999980 0.00000000099999999980 0.99999999200000000421 0.00000000099999999980 0.00000000099999999980 
0.99999999200000011523 0.00000000099999999956 0.00000000099999999956 0.00000000099999999956 0.00000000099999999956 0.00000000099999999956 0.00000000099999999956 0.00000000099999999956 0.00000000099999999956 
0.00000000099999999992 0.00000000099999999992 0.52519644154363431809 0.00000000099999999992 0.47480355145636571335 0.00000000099999999992 0.00000000099999999992 0.00000000099999999992 0.00000000099999999992 
0.00000000099999999981 0.00000000099999999981 0.00000000099999999981 0.00000000099999999981 0.99999999200000011523 0.00000000099999999981 0.00000000099999999981 0.00000000099999999981 0.00000000099999999981 
0.00000000099999999979 0.00000000099999999979 0.99999999200000000421 0.00000000099999999979 0.00000000099999999979 0.00000000099999999979 0.00000000099999999979 0.00000000099999999979 0.00000000099999999979 
0.00000000099999999985 0.00000000099999999985 0.00000000099999999985 0.99999999200000000421 0.00000000099999999985 0.00000000099999999985 0.00000000099999999985 0.00000000099999999985 0.00000000099999999985 
0.00000086794603223830 0.08764446781179711932 0.08602281864759751817 0.65002156418995094000 0.00000000099999999999 0.17631027740462221209 0.00000000099999999999 0.00000000099999999999 0.00000000099999999999 
0.00000000099999999988 0.00000000099999999988 0.00000000099999999988 0.00000000099999999988 0.00000000099999999988 0.00000000099999999988 0.00000000099999999988 0.00000000099999999988 0.99999999199999989319 
0.00000000099999999997 0.32679016436868391082 0.00000000099999999997 0.00374353839424058530 0.00000000099999999997 0.00000000099999999997 0.00000000099999999997 0.18704460129603336926 0.48242169094104209170 
0.00000000099999999987 0.00000000099999999987 0.00000000099999999987 0.47950690071679286097 0.00000000099999999987 0.52049309228320705945 0.00000000099999999987 0.00000000099999999987 0.00000000099999999987 
0.00000000099999999991 0.00000000099999999991 0.00000000099999999991 0.00000000099999999991 0.99999999200000000421 0.00000000099999999991 0.00000000099999999991 0.00000000099999999991 0.00000000099999999991 
0.00000000099999999982 0.00000000099999999982 0.00000000099999999982 0.99999999200000011523 0.00000000099999999982 0.00000000099999999982 0.00000000099999999982 0.00000000099999999982 0.00000000099999999982 
0.00000000099999999989 0.00000000099999999989 0.00000000099999999989 0.72305194428089247793 0.00000000099999999989 0.27694804871910760902 0.00000000099999999989 0.00000000099999999989 0.00000000099999999989 
0.00000000099999999975 0.00000000099999999975 0.00000000099999999975 0.00000000099999999975 0.00000000099999999975 0.99999999200000000421 0.00000000099999999975 0.00000000099999999975 0.00000000099999999975 
0.01788725113692946761 0.28015891127731173960 0.00000000099999999997 0.00000000099999999997 0.00000000099999999997 0.10989044227944881615 0.00000000099999999997 0.59206339030630983356 0.00000000099999999997 
0.00000000099999999978 0.00000000099999999978 0.00000000099999999978 0.99999999200000000421 0.00000000099999999978 0.00000000099999999978 0.00000000099999999978 0.00000000099999999978 0.00000000099999999978 
0.00000000099999999984 0.00000000099999999984 0.00000000099999999984 0.99999999200000011523 0.00000000099999999984 0.00000000099999999984 0.00000000099999999984 0.00000000099999999984 0.00000000099999999984 
0.00000000099999999988 0.00000000099999999988 0.00000000099999999988 0.00000000099999999988 0.51222388389872153258 0.00000000099999999988 0.00000000099999999988 0.00000000099999999988 0.48777610910127860988 
0.00000000099999999999 0.03344365189392835974 0.00000000099999999999 0.00000000099999999999 0.00000000099999999999 0.15879810088445342475 0.00000000099999999999 0.80775824122161821172 0.00000000099999999999 
0.00000000099999999996 0.00000000099999999996 0.00000000099999999996 0.55708268895790558073 0.00000000099999999996 0.00000000099999999996 0.00000000099999999996 0.44291730404209450622 0.00000000099999999996 
0.00000000099999999977 0.00000000099999999977 0.00000000099999999977 0.00000000099999999977 0.00000000099999999977 0.99999999200000000421 0.00000000099999999977 0.00000000099999999977 0.00000000099999999977 
0.00492967466645517858 0.39247508950508358527 0.00000000099999999994 0.00000000099999999994 0.00000000099999999994 0.00000000099999999994 0.00000000099999999994 0.60259522982846114303 0.00000000099999999994 
0.00000000099999999986 0.00000000099999999986 0.00000000099999999986 0.99999999200000011523 0.00000000099999999986 0.00000000099999999986 0.00000000099999999986 0.00000000099999999986 0.00000000099999999986 
0.00000000099999999983 0.00000000099999999983 0.00000000099999999983 0.00000000099999999983 0.00000000099999999983 0.00000000099999999983 0.00000000099999999983 0.99999999199999989319 0.00000000099999999983 
0.00000000099999999987 0.00000000099999999987 0.00000000099999999987 0.00000000099999999987 0.00000000099999999987 0.00000000099999999987 0.00000000099999999987 0.99999999199999989319 0.00000000099999999987 
0.00000000099999999992 0.03507976468109431228 0.00000000099999999992 0.50822782771344554575 0.00000000099999999992 0.45669240160546026308 0.00000000099999999992 0.00000000099999999992 0.00000000099999999992 
0.00000000099999999988 0.00000000099999999988 0.00000000099999999988 0.73444488516389272448 0.00000000099999999988 0.26555510783610730696 0.00000000099999999988 0.00000000099999999988 0.00000000099999999988 
0.00000000099999999997 0.00000000099999999997 0.00000000099999999997 0.00000000099999999997 0.08774808131028058455 0.00000000099999999997 0.91225191168971941913 0.00000000099999999997 0.00000000099999999997 
0.00000000099999999986 0.00000000099999999986 0.00000000099999999986 0.00000000099999999986 0.00000000099999999986 0.00000000099999999986 0.00000000099999999986 0.99999999200000000421 0.00000000099999999986 
0.00000000099999999993 0.00000000099999999993 0.00000000099999999993 0.99999999200000011523 0.00000000099999999993 0.00000000099999999993 0.00000000099999999993 0.00000000099999999993 0.00000000099999999993 
0.00000000099999999982 0.00000000099999999982 0.00000000099999999982 0.00000000099999999982 0.00000000099999999982 0.00000000099999999982 0.99999999200000000421 0.00000000099999999982 0.00000000099999999982 
0.00000000099999999991 0.00000000099999999991 0.62449370056014807950 0.00000000099999999991 0.37550629243985184091 0.00000000099999999991 0.00000000099999999991 0.00000000099999999991 0.00000000099999999991 
0.00000000099999999994 0.47093182778863473814 0.00000000099999999994 0.00000000099999999994 0.00000000099999999994 0.00000000099999999994 0.00000000099999999994 0.52906816521136512677 0.00000000099999999994 
0.00000000099999999989 0.00000000099999999989 0.00000000099999999989 0.00000000099999999989 0.00000000099999999989 0.00000000099999999989 0.99999999200000000421 0.00000000099999999989 0.00000000099999999989 
0.00000000099999999986 0.00000000099999999986 0.00000000099999999986 0.00000000099999999986 0.00000000099999999986 0.00000000099999999986 0.99765739112326301541 0.00000000099999999986 0.00234260187673699305 
0.00000000099999999992 0.00000000099999999992 0.04554710306945582848 0.00000000099999999992 0.00000000099999999992 0.00000000099999999992 0.95445288993054411275 0.00000000099999999992 0.00000000099999999992 
0.00000000099999999986 0.00000000099999999986 0.00000000099999999986 0.00000000099999999986 0.00000000099999999986 0.00000000099999999986 0.00000000099999999986 0.00000000099999999986 0.99999999199999989319 
0.00361632168263888512 0.00000000099999999991 0.00000000099999999991 0.00000000099999999991 0.00000000099999999991 0.00000000099999999991 0.37679280976245305146 0.00000000099999999991 0.61959086255490802841 
0.02086477879732501553 0.00000000099999999999 0.03454160894667359510 0.14562289046082879662 0.00000000099999999999 0.00000000099999999999 0.27340905426922224031 0.00000000099999999999 0.52556166352595046209 
0.00000000099999999989 0.00000000099999999989 0.00000000099999999989 0.00000000099999999989 0.00000000099999999989 0.00000000099999999989 0.00000000099999999989 0.00000000099999999989 0.99999999200000000421 
0.00000000099999999988 0.00000000099999999988 0.27243334486002801498 0.00000000099999999988 0.72756664813997207197 0.00000000099999999988 0.00000000099999999988 0.00000000099999999988 0.00000000099999999988 
0.00000000099999999980 0.00000000099999999980 0.00000000099999999980 0.00000000099999999980 0.00000000099999999980 0.00000000099999999980 0.99999999200000000421 0.00000000099999999980 0.00000000099999999980 
0.01871154192998768923 0.00000000099999999986 0.00000000099999999986 0.00000000099999999986 0.00000000099999999986 0.00000000099999999986 0.33947300381345463238 0.00000000099999999986 0.64181544825655756359 
0.02389484649745905395 0.00000000099999999989 0.00000000099999999989 0.00000000099999999989 0.00000000099999999989 0.00000000099999999989 0.37365701486634728123 0.00000000099999999989 0.60244813263619378940 
0.03899452132485441147 0.00000000099999999998 0.00000000099999999998 0.00000000099999999998 0.07790930837536060027 0.00000000099999999998 0.84967989615005223847 0.00000000099999999998 0.03341626914973283569 
0.00708171969940758587 0.20807019139630605897 0.00959589549685604080 0.00000000099999999999 0.15124290939501447428 0.00000000099999999999 0.07465137913654044943 0.00000000099999999999 0.54935790187587529854 
0.00387416972905726617 0.00000000099999999999 0.38150249320888468541 0.00000000099999999999 0.40972890075423606948 0.00000000099999999999 0.06435832873324891235 0.14053610357457302360 0.00000000099999999999 
0.00000000099999999989 0.00000000099999999989 0.00000000099999999989 0.00000000099999999989 0.00000000099999999989 0.00000000099999999989 0.00000000099999999989 0.00000000099999999989 0.99999999199999989319 
0.00963748472342497615 0.00000000099999999995 0.00000000099999999995 0.00000000099999999995 0.00906684603471274130 0.00000000099999999995 0.98129566324186223714 0.00000000099999999995 0.00000000099999999995 
0.00000000099999999975 0.00000000099999999975 0.99999999200000011523 0.00000000099999999975 0.00000000099999999975 0.00000000099999999975 0.00000000099999999975 0.00000000099999999975 0.00000000099999999975 
0.00000000099999999994 0.00000000099999999994 0.00000000099999999994 0.00000000099999999994 0.98333153440080933727 0.00000000099999999994 0.01666845859919071846 0.00000000099999999994 0.00000000099999999994 
0.00000000099999999986 0.00000000099999999986 0.00000000099999999986 0.00000000099999999986 0.00000000099999999986 0.00000000099999999986 0.00000000099999999986 0.00000000099999999986 0.99999999199999989319 
0.00000000099999999987 0.00000000099999999987 0.00000000099999999987 0.00000000099999999987 0.99999999200000000421 0.00000000099999999987 0.00000000099999999987 0.00000000099999999987 0.00000000099999999987 
0.00956141157306466573 0.00000000099999999990 0.00000000099999999990 0.00000000099999999990 0.00000000099999999990 0.00000000099999999990 0.36777235556818360651 0.00000000099999999990 0.62266622685875172571 
0.00000000099999999997 0.00000000099999999997 0.00000000099999999997 0.00000000099999999997 0.00000000099999999997 0.04183304821641676413 0.00000000099999999997 0.00000000099999999997 0.95816694478358321874 
0.00000000099999999989 0.00000000099999999989 0.00106048120004718894 0.00000000099999999989 0.07023574373320942699 0.00000000099999999989 0.92870376906674323436 0.00000000099999999989 0.00000000099999999989 
0.00000000099999999995 0.00000000099999999995 0.00000000099999999995 0.00000000099999999995 0.03665448288593130960 0.00000000099999999995 0.00000000099999999995 0.00000000099999999995 0.96334551011406865939 
0.00000000099999999992 0.00000000099999999992 0.33163686241677331479 0.00000000099999999992 0.60525171827251977863 0.00000000099999999992 0.04607418971822279524 0.00000000099999999992 0.01703722459248418683 
0.00000000099999999976 0.00000000099999999976 0.00000000099999999976 0.00000000099999999976 0.00000000099999999976 0.99999999200000000421 0.00000000099999999976 0.00000000099999999976 0.00000000099999999976 
0.00000000099999999976 0.00000000099999999976 0.00000000099999999976 0.55941526444631728410 0.00000000099999999976 0.44058472855368258081 0.00000000099999999976 0.00000000099999999976 0.00000000099999999976 
0.00577280109989440279 0.99422719190010577783 0.00000000099999999992 0.00000000099999999992 0.00000000099999999992 0.00000000099999999992 0.00000000099999999992 0.00000000099999999992 0.00000000099999999992 
0.00000000099999999988 0.00000000099999999988 0.00000000099999999988 0.00000000099999999988 0.00000000099999999988 0.00000000099999999988 0.00000000099999999988 0.99999999200000000421 0.00000000099999999988 
0.04502341879782569001 0.00139041837297731573 0.00000000099999999999 0.00000000099999999999 0.02617411440539599982 0.03551270707634585772 0.89189933734745530103 0.00000000099999999999 0.00000000099999999999 
0.00000000099999999995 0.38866399128291778675 0.00000000099999999995 0.06483812938761675249 0.00000000099999999995 0.00000000099999999995 0.00000000099999999995 0.46867371677275199149 0.07782415755671334701 
0.00000000099999999989 0.99999999200000022626 0.00000000099999999989 0.00000000099999999989 0.00000000099999999989 0.00000000099999999989 0.00000000099999999989 0.00000000099999999989 0.00000000099999999989 
0.00000000099999999997 0.00000000099999999997 0.00000000099999999997 0.12411585351961006152 0.03882768306337907455 0.00000000099999999997 0.83705645741701095730 0.00000000099999999997 0.00000000099999999997 
0.01110864744444096941 0.20187564803096480492 0.13159216167087728344 0.10948380371873812911 0.00000000099999999998 0.00000000099999999998 0.00000000099999999998 0.54593973513497873196 0.00000000099999999998 
0.00000000099999999979 0.00000000099999999979 0.00000000099999999979 0.99999999200000011523 0.00000000099999999979 0.00000000099999999979 0.00000000099999999979 0.00000000099999999979 0.00000000099999999979 
0.00000000099999999998 0.06446638437532496713 0.00000000099999999998 0.11672346506671162081 0.00000099517664900365 0.00000000099999999998 0.81880915038131452111 0.00000000099999999998 0.00000000099999999998 
0.00000000099999999985 0.00000000099999999985 0.00000000099999999985 0.00000000099999999985 0.91242617416124538465 0.00000000099999999985 0.08757381883875461903 0.00000000099999999985 0.00000000099999999985 
0.00000000099999999981 0.00000000099999999981 0.00000000099999999981 0.00000000099999999981 0.00000000099999999981 0.00000000099999999981 0.99999999199999989319 0.00000000099999999981 0.00000000099999999981 
0.00000000099999999983 0.00000000099999999983 0.00000000099999999983 0.00000000099999999983 0.00000000099999999983 0.00000000099999999983 0.00000000099999999983 0.00000000099999999983 0.99999999200000000421 
0.00000000099999999994 0.00000000099999999994 0.32246214576267212548 0.00000000099999999994 0.67753784723732801698 0.00000000099999999994 0.00000000099999999994 0.00000000099999999994 0.00000000099999999994 
0.00000000099999999990 0.99999995821578990807 0.00000000099999999990 0.00000003478421030822 0.00000000099999999990 0.00000000099999999990 0.00000000099999999990 0.00000000099999999990 0.00000000099999999990 
0.00000000100000000000 0.56932791043566899347 0.01214466364448818676 0.04820670711592794228 0.00000000100000000000 0.00000006884774208676 0.16623589982398348508 0.20408474713218927032 0.00000000100000000000 
0.00000000099999999996 0.35457302523637301839 0.00000000099999999996 0.03010067727795505410 0.00000000099999999996 0.00000000099999999996 0.00000000099999999996 0.61532629148567175026 0.00000000099999999996 
0.00000000099999999992 0.92412932001208036858 0.00000000099999999992 0.00000000099999999992 0.00000000099999999992 0.07587067298791966286 0.00000000099999999992 0.00000000099999999992 0.00000000099999999992 
0.00000000099999999992 0.00000000099999999992 0.00000000099999999992 0.00000000099999999992 0.00000000099999999992 0.00000000099999999992 0.00000000099999999992 0.99999999200000000421 0.00000000099999999992 
0.00000000099999999985 0.92495025148598575271 0.00000000099999999985 0.00000000099999999985 0.00000000099999999985 0.07504974151401440363 0.00000000099999999985 0.00000000099999999985 0.00000000099999999985 
0.00000000099999999992 0.00000000099999999992 0.33269776143847756833 0.00000000099999999992 0.63933592891338353326 0.00000000099999999992 0.02291306963408309971 0.00000000099999999992 0.00505323501405591929 
0.00000000099999999993 0.00000000099999999993 0.00000000099999999993 0.00000000099999999993 0.00000000099999999993 0.00000000099999999993 0.00000000099999999993 0.00000000099999999993 0.99999999199999989319 
0.00000000099999999986 0.00000000099999999986 0.00000000099999999986 0.00000000099999999986 0.99999999200000000421 0.00000000099999999986 0.00000000099999999986 0.00000000099999999986 0.00000000099999999986 
0.00000000099999999994 0.00000000099999999994 0.55987747909111906797 0.00000000099999999994 0.44012251390888107450 0.00000000099999999994 0.00000000099999999994 0.00000000099999999994 0.00000000099999999994 
0.00000000099999999982 0.00000000099999999982 0.00000000099999999982 0.00000000099999999982 0.00000000099999999982 0.00000000099999999982 0.00000000099999999982 0.00000000099999999982 0.99999999200000000421 
0.00000000099999999972 0.00000000099999999972 0.00000000099999999972 0.00000000099999999972 0.00000000099999999972 0.00000000099999999972 0.99999999199999989319 0.00000000099999999972 0.00000000099999999972 
0.00000000099999999982 0.00000000099999999982 0.00000000099999999982 0.00000000099999999982 0.00000000099999999982 0.00000000099999999982 0.99999999200000000421 0.00000000099999999982 0.00000000099999999982 
0.00000000099999999984 0.00000000099999999984 0.35769651483402969960 0.00000000099999999984 0.64230347816597044286 0.00000000099999999984 0.00000000099999999984 0.00000000099999999984 0.00000000099999999984 
0.00000000099999999986 0.00000000099999999986 0.62789400781668114337 0.00000000099999999986 0.37210598518331899909 0.00000000099999999986 0.00000000099999999986 0.00000000099999999986 0.00000000099999999986 
0.00000000099999999985 0.00000000099999999985 0.49588499343190362012 0.00000000099999999985 0.50411499956809657785 0.00000000099999999985 0.00000000099999999985 0.00000000099999999985 0.00000000099999999985 
0.00000000099999999984 0.00000000099999999984 0.00000000099999999984 0.00000000099999999984 0.00000000099999999984 0.00000000099999999984 0.99999999199999989319 0.00000000099999999984 0.00000000099999999984 
0.00000000099999999995 0.00000000099999999995 0.00000000099999999995 0.00000000099999999995 0.04890435185452450539 0.00000000099999999995 0.95109564114547551217 0.00000000099999999995 0.00000000099999999995 
0.00000000099999999979 0.00000000099999999979 0.00000000099999999979 0.00000000099999999979 0.99999999200000000421 0.00000000099999999979 0.00000000099999999979 0.00000000099999999979 0.00000000099999999979 
0.00000000099999999985 0.00000000099999999985 0.00000000099999999985 0.00000000099999999985 0.00000000099999999985 0.00000000099999999985 0.00000000099999999985 0.00000000099999999985 0.99999999200000000421 
0.02947926237689356063 0.00000000099999999996 0.13969256696718232447 0.00000000099999999996 0.74391196347310395431 0.00000000099999999996 0.03164085284254636310 0.00000000099999999996 0.05527535034027381000 
0.00000000099999999975 0.00000000099999999975 0.00000000099999999975 0.00000000099999999975 0.00000000099999999975 0.00000000099999999975 0.99999999200000000421 0.00000000099999999975 0.00000000099999999975 
0.00000000099999999985 0.00000000099999999985 0.52279075494588467254 0.00000000099999999985 0.47720923805411535890 0.00000000099999999985 0.00000000099999999985 0.00000000099999999985 0.00000000099999999985 
0.01318145218485663149 0.00000000099999999997 0.00000000099999999997 0.00000000099999999997 0.00000000099999999997 0.10620279719807483587 0.00000000099999999997 0.86818946331642077308 0.01242628230064771015 
0.00000000099999999991 0.00000000099999999991 0.00055479099181815624 0.00000000099999999991 0.01103451605828973531 0.00000000099999999991 0.83086691079660424109 0.00000000099999999991 0.15754377715328787835 
0.00283296197010326871 0.53790396008199503619 0.09063933370479347607 0.00000000099999999996 0.00000000099999999996 0.00000000099999999996 0.00000000099999999996 0.36862373924310820605 0.00000000099999999996 
0.00000000099999999976 0.00000000099999999976 0.00000000099999999976 0.00000000099999999976 0.00000000099999999976 0.00000000099999999976 0.99999999199999989319 0.00000000099999999976 0.00000000099999999976 
0.00000000099999999990 0.00000000099999999990 0.43970263389539637755 0.00000000099999999990 0.56029735910460365389 0.00000000099999999990 0.00000000099999999990 0.00000000099999999990 0.00000000099999999990 
0.00000000099999999986 0.00000000099999999986 0.29796425047294938793 0.00000000099999999986 0.70203574252705069902 0.00000000099999999986 0.00000000099999999986 0.00000000099999999986 0.00000000099999999986 
0.00000000099999999981 0.00000000099999999981 0.00000000099999999981 0.00000000099999999981 0.00000000099999999981 0.00000000099999999981 0.99999999199999989319 0.00000000099999999981 0.00000000099999999981 
0.00000000099999999973 0.00000000099999999973 0.99999999200000011523 0.00000000099999999973 0.00000000099999999973 0.00000000099999999973 0.00000000099999999973 0.00000000099999999973 0.00000000099999999973 
0.06814180086064820785 0.20441196016763199528 0.44466271840247567626 0.03071245949624323152 0.21936478174400642072 0.00000000100000000000 0.00563365872074943035 0.00000000100000000000 0.02707261860824508939 
0.00000000099999999984 0.00000000099999999984 0.00000000099999999984 0.00000000099999999984 0.00000000099999999984 0.00000000099999999984 0.99999999199999989319 0.00000000099999999984 0.00000000099999999984 
0.00000000099999999993 0.00000000099999999993 0.00000000099999999993 0.00000000099999999993 0.99999999200000011523 0.00000000099999999993 0.00000000099999999993 0.00000000099999999993 0.00000000099999999993 
0.00000000099999999995 0.07154932019305826341 0.00000000099999999995 0.65170956723080419870 0.00000000099999999995 0.21267339149078484661 0.00000000099999999995 0.06406771608535258289 0.00000000099999999995 
0.99999999200000022626 0.00000000099999999949 0.00000000099999999949 0.00000000099999999949 0.00000000099999999949 0.00000000099999999949 0.00000000099999999949 0.00000000099999999949 0.00000000099999999949 
0.00000000099999999989 0.19645673318767312154 0.00000000099999999989 0.00000000099999999989 0.00000000099999999989 0.00000000099999999989 0.00000000099999999989 0.80354325981232677112 0.00000000099999999989 
0.00000000099999999988 0.99999999200000022626 0.00000000099999999988 0.00000000099999999988 0.00000000099999999988 0.00000000099999999988 0.00000000099999999988 0.00000000099999999988 0.00000000099999999988 
0.00000000099999999991 0.00000000099999999991 0.00000000099999999991 0.00000000099999999991 0.00000000099999999991 0.00000000099999999991 0.00000000099999999991 0.99999999200000000421 0.00000000099999999991 
0.00000000099999999995 0.53503224641830926522 0.00000000099999999995 0.00000000099999999995 0.00000000099999999995 0.02918374601840083293 0.00000000099999999995 0.43578400156329005766 0.00000000099999999995 
0.00000000099999999991 0.00000000099999999991 0.00000000099999999991 0.00000000099999999991 0.00000000099999999991 0.00000000099999999991 0.00000000099999999991 0.99999999200000000421 0.00000000099999999991 
0.00447726784984501126 0.02580851894011145994 0.08478646498602045167 0.00000000099999999999 0.00000000099999999999 0.20265460582358629793 0.00882972097494659838 0.67344341842549015897 0.00000000099999999999 
0.00000000099999999985 0.00000000099999999985 0.00000000099999999985 0.00000000099999999985 0.00000000099999999985 0.00000000099999999985 0.00000000099999999985 0.99999999199999989319 0.00000000099999999985 
0.00000000099999999975 0.00000000099999999975 0.00000000099999999975 0.00000000099999999975 0.00000000099999999975 0.00000000099999999975 0.99999999199999989319 0.00000000099999999975 0.00000000099999999975 
0.00000000099999999992 0.00000000099999999992 0.00000000099999999992 0.00002130123591921658 0.00000000099999999992 0.00000000099999999992 0.00000000099999999992 0.99997869176408071823 0.00000000099999999992 
0.99999999200000011523 0.00000000099999999951 0.00000000099999999951 0.00000000099999999951 0.00000000099999999951 0.00000000099999999951 0.00000000099999999951 0.00000000099999999951 0.00000000099999999951 
0.00000000099999999990 0.00000000099999999990 0.00000000099999999990 0.00713545206589250199 0.00000000099999999990 0.00000000099999999990 0.00000000099999999990 0.99286454093410758670 0.00000000099999999990 
0.00000000099999999983 0.00000000099999999983 0.00000000099999999983 0.99999999200000000421 0.00000000099999999983 0.00000000099999999983 0.00000000099999999983 0.00000000099999999983 0.00000000099999999983 
0.00000000099999999986 0.00000000099999999986 0.32956946405688475332 0.00000000099999999986 0.67043052894311527812 0.00000000099999999986 0.00000000099999999986 0.00000000099999999986 0.00000000099999999986 
0.00000000099999999983 0.00000000099999999983 0.00000000099999999983 0.68754193829774379321 0.00000000099999999983 0.31245805470225618272 0.00000000099999999983 0.00000000099999999983 0.00000000099999999983 
0.00000000099999999982 0.00000000099999999982 0.00000000099999999982 0.99999999200000011523 0.00000000099999999982 0.00000000099999999982 0.00000000099999999982 0.00000000099999999982 0.00000000099999999982 
0.00000000099999999996 0.00000000099999999996 0.00000000099999999996 0.00000000099999999996 0.00000000099999999996 0.05621363353740688185 0.00000000099999999996 0.94378635946259314959 0.00000000099999999996 
0.00000000099999999996 0.37931019854710090744 0.00000000099999999996 0.08207060356551405811 0.00000000099999999996 0.00000000099999999996 0.00000000099999999996 0.51651589561953226148 0.02210329726785266458 
0.00000000099999999986 0.00000000099999999986 0.00000000099999999986 0.41749050258818876102 0.00000000099999999986 0.58250949041181110388 0.00000000099999999986 0.00000000099999999986 0.00000000099999999986 
0.00000000099999999982 0.00000000099999999982 0.00000000099999999982 0.99999999200000011523 0.00000000099999999982 0.00000000099999999982 0.00000000099999999982 0.00000000099999999982 0.00000000099999999982 
0.00000000099999999990 0.92947599445395212570 0.00000000099999999990 0.07052399854604804452 0.00000000099999999990 0.00000000099999999990 0.00000000099999999990 0.00000000099999999990 0.00000000099999999990 
0.00000000099999999979 0.00000000099999999979 0.00000000099999999979 0.00000000099999999979 0.99999999200000011523 0.00000000099999999979 0.00000000099999999979 0.00000000099999999979 0.00000000099999999979 
0.01353290076505570851 0.00000000099999999997 0.00000000099999999997 0.00000000099999999997 0.00000000099999999997 0.10077337258248671159 0.00000000099999999997 0.88569372065245755010 0.00000000099999999997 
0.00000000099999999986 0.00000000099999999986 0.00000000099999999986 0.77176608905837940089 0.00000000099999999986 0.22823390394162057504 0.00000000099999999986 0.00000000099999999986 0.00000000099999999986 
0.00093665565483042708 0.58119696293142997234 0.00000000099999999998 0.00000000099999999998 0.00000000099999999998 0.02093878083645675861 0.00000000099999999998 0.37475348946403552741 0.02217410711324745848 
0.00000000099999999996 0.50760198763283281842 0.00000000099999999996 0.00634497438454647168 0.00000000099999999996 0.04258633583722881005 0.00000000099999999996 0.44346669714539210805 0.00000000099999999996 
0.00000000099999999987 0.00000000099999999987 0.00000000099999999987 0.37948575564388431491 0.00000000099999999987 0.62051423735611577204 0.00000000099999999987 0.00000000099999999987 0.00000000099999999987 
0.00000000099999999988 0.00000000099999999988 0.31377180340987381735 0.00000000099999999988 0.68622818959012632511 0.00000000099999999988 0.00000000099999999988 0.00000000099999999988 0.00000000099999999988 
0.00000000099999999992 0.00000000099999999992 0.00000000099999999992 0.77597831606350509137 0.00000000099999999992 0.22402167693649491231 0.00000000099999999992 0.00000000099999999992 0.00000000099999999992 
0.00000000099999999994 0.99999994112000534230 0.00000000099999999994 0.00000000099999999994 0.00000000099999999994 0.00000005187999482375 0.00000000099999999994 0.00000000099999999994 0.00000000099999999994 
0.00000000099999999999 0.37152405406927907494 0.00000000099999999999 0.02142577555231790082 0.00000000099999999999 0.00000000099999999999 0.00000000099999999999 0.57474812129505303826 0.03230204408334980126 
0.00000000099999999988 0.00000000099999999988 0.00000000099999999988 0.00000000099999999988 0.00000000099999999988 0.00000000099999999988 0.00000000099999999988 0.99999999199999989319 0.00000000099999999988 
0.00000000099999999980 0.00000000099999999980 0.00000000099999999980 0.00000000099999999980 0.99999999200000011523 0.00000000099999999980 0.00000000099999999980 0.00000000099999999980 0.00000000099999999980 
0.00000000099999999996 0.79159505757903558809 0.00000000099999999996 0.00000000099999999996 0.00000000099999999996 0.06010665862734255321 0.00000000099999999996 0.00000000286994235416 0.14829827592367952893 
0.00000000099999999991 0.00000000099999999991 0.00000000099999999991 0.00000000099999999991 0.00000000099999999991 0.10576026931219130456 0.00000000099999999991 0.89423972368780868525 0.00000000099999999991 
0.00000000099999999991 0.53137683534452617717 0.00000000099999999991 0.00000000099999999991 0.00000000099999999991 0.00000000099999999991 0.00000000099999999991 0.46862315765547407631 0.00000000099999999991 
0.00008390570959251963 0.99926672815777606296 0.00000000099999999997 0.00000000099999999997 0.00000000099999999997 0.00051680116109864994 0.00000000099999999997 0.00013255997153287545 0.00000000099999999997 
0.00000000099999999998 0.09900072356538312801 0.00000000099999999998 0.87834061900750881602 0.00000000099999999998 0.00000000099999999998 0.00000000099999999998 0.00000000099999999998 0.02265865142710803484 
0.00000000099999999997 0.00000000099999999997 0.34381938715162424502 0.00000000099999999997 0.51528320980355413194 0.14089739704482154292 0.00000000099999999997 0.00000000099999999997 0.00000000099999999997 
0.00000000099999999997 0.55967836220641020706 0.00000000099999999997 0.02468873544686657831 0.00000000099999999997 0.00000000099999999997 0.00000000099999999997 0.35179809316239152306 0.06383480418433190584 
0.00000000099999999974 0.00000000099999999974 0.00000000099999999974 0.99999999200000011523 0.00000000099999999974 0.00000000099999999974 0.00000000099999999974 0.00000000099999999974 0.00000000099999999974 
0.00000000099999999992 0.00000000099999999992 0.00000000099999999992 0.00000000099999999992 0.00000000099999999992 0.99999999200000011523 0.00000000099999999992 0.00000000099999999992 0.00000000099999999992 
0.00000000099999999997 0.35844512305467546298 0.00000000099999999997 0.29685421822984603413 0.00000000099999999997 0.29832306976337258364 0.04637758395210583168 0.00000000099999999997 0.00000000099999999997 
0.00000000099999999998 0.12896895892847645704 0.00000000099999999998 0.40692252333376471851 0.42748733582406356346 0.00000000099999999998 0.00000000099999999998 0.00000002205207035645 0.03662115586162502379 
0.00000000099999999984 0.99999999200000022626 0.00000000099999999984 0.00000000099999999984 0.00000000099999999984 0.00000000099999999984 0.00000000099999999984 0.00000000099999999984 0.00000000099999999984 
0.00000000100000000000 0.20931774962939983520 0.46835084647737429409 0.00000000100000000000 0.00000000100000000000 0.11087227891406474523 0.03833492904241266735 0.17312419193674841167 0.00000000100000000000 
0.00000000099999999997 0.52322292480269994019 0.00000000099999999997 0.00000000099999999997 0.00000000099999999997 0.01719975047044858263 0.00000000099999999997 0.25565471096442338172 0.20392260876242809808 
0.00000000099999999994 0.99999999200000011523 0.00000000099999999994 0.00000000099999999994 0.00000000099999999994 0.00000000099999999994 0.00000000099999999994 0.00000000099999999994 0.00000000099999999994 
