0.33048591613034628001 0.00000000099999999999 0.55584862375519661359 0.00000000099999999999 0.11329691613904825653 0.00036854097540883204 0.00000000099999999999 
0.00000000099999999997 0.03130345788344971597 0.00000000099999999997 0.00000000099999999997 0.96869653711655023809 0.00000000099999999997 0.00000000099999999997 
0.00578461936223633160 0.00010859570894441032 0.13735463410389667227 0.02365223667750581890 0.83309991006011141490 0.00000000099999999999 0.00000000308730542818 
0.00000000099999999997 0.00000000099999999997 0.06819334896805138990 0.00000000099999999997 0.91408202361761525800 0.00000000099999999997 0.01772462341433334726 
0.00000000099999999996 0.00000000680273951334 0.10390170232434046971 0.00000000099999999996 0.89609828687292003568 0.00000000099999999996 0.00000000099999999996 
0.00000000099999999996 0.00000000099999999996 0.00000000099999999996 0.00000000099999999996 0.99999999400000005867 0.00000000099999999996 0.00000000099999999996 
0.00000000099999999991 0.02997595547885966577 0.00000000099999999991 0.96770414760048317770 0.00000000099999999991 0.00000000099999999991 0.00231989292065728440 
0.00000000099999999987 0.00000000099999999987 0.99999999400000005867 0.00000000099999999987 0.00000000099999999987 0.00000000099999999987 0.00000000099999999987 
0.00000000099999999992 0.00000000099999999992 0.05409574544216269598 0.00000000099999999992 0.92815107503863092386 0.01775317551920630246 0.00000000099999999992 
0.00000000099999999990 0.00000000099999999990 0.00000000099999999990 0.99999999400000005867 0.00000000099999999990 0.00000000099999999990 0.00000000099999999990 
0.00000000099999999994 0.00000000099999999994 0.00000000099999999994 0.99999999400000005867 0.00000000099999999994 0.00000000099999999994 0.00000000099999999994 
0.00000000099999999995 0.00000000099999999995 0.00000000099999999995 0.99173063631363322923 0.00000000099999999995 0.00000000099999999995 0.00826935868636676299 
0.00000000099999999987 0.99999999400000016969 0.00000000099999999987 0.00000000099999999987 0.00000000099999999987 0.00000000099999999987 0.00000000099999999987 
0.17209395757736786758 0.15926057082356601113 0.00000000099999999999 0.54608157765264664363 0.12256389094641943760 0.00000000099999999999 0.00000000099999999999 
0.41203017115196810538 0.42627691940495571199 0.16169290544307626800 0.00000000099999999999 0.00000000099999999999 0.00000000099999999999 0.00000000099999999999 
0.00000000099999999992 0.00000001001880933532 0.00000000099999999992 0.99999998498119080370 0.00000000099999999992 0.00000000099999999992 0.00000000099999999992 
0.24031529978791119073 0.20603521684407297143 0.10400016285988832043 0.44859911076532416052 0.00105020774280322805 0.00000000099999999999 0.00000000099999999999 
0.24035833274874504606 0.19193944025181922108 0.52679929031773997661 0.00000000099999999999 0.04090293368169578558 0.00000000099999999999 0.00000000099999999999 
0.99999999400000016969 0.00000000099999999974 0.00000000099999999974 0.00000000099999999974 0.00000000099999999974 0.00000000099999999974 0.00000000099999999974 
0.42255556166057073320 0.36559914063320797517 0.00000000099999999997 0.00000000099999999997 0.00000000099999999997 0.00000000099999999997 0.21184529370622151578 
0.00000000099999999976 0.99999999400000005867 0.00000000099999999976 0.00000000099999999976 0.00000000099999999976 0.00000000099999999976 0.00000000099999999976 
0.00000000099999999994 0.00000016119479519259 0.00000000099999999994 0.96945165940208721800 0.00000000099999999994 0.00000000099999999994 0.03054817540311772009 
0.99999999400000005867 0.00000000099999999983 0.00000000099999999983 0.00000000099999999983 0.00000000099999999983 0.00000000099999999983 0.00000000099999999983 
0.00000000099999999997 0.05643939996186202179 0.10369437133266001805 0.00000000099999999997 0.83986622470547800390 0.00000000099999999997 0.00000000099999999997 
0.00000000099999999994 0.02681413211283839235 0.00000000099999999994 0.97318510482676823248 0.00000000099999999994 0.00000000099999999994 0.00000075906039341237 
0.00000000099999999995 0.00000000099999999995 0.00000000099999999995 0.99123260856034944855 0.00000000099999999995 0.00000000099999999995 0.00876738643965047949 
0.00000000099999999992 0.99999999400000016969 0.00000000099999999992 0.00000000099999999992 0.00000000099999999992 0.00000000099999999992 0.00000000099999999992 
0.00000000099999999998 0.00000000918433591206 0.01533840230595903686 0.00000000099999999998 0.94739254415295937051 0.00000000099999999998 0.03726904135674582313 
0.00000000099999999995 0.00000000099999999995 0.06359300193421391079 0.00000000099999999995 0.93640699306578623062 0.00000000099999999995 0.00000000099999999995 
0.00000000099999999998 0.00000000099999999998 0.00000000099999999998 0.98685819454265588657 0.00000000099999999998 0.00000000099999999998 0.01314180045734402412 
0.03453267330879390695 0.00000000099999999999 0.08343694364958134657 0.88203005774439846576 0.00000000099999999999 0.00000032229722640370 0.00000000099999999999 
0.01522874583351396284 0.02921083163322035769 0.00000000099999999997 0.93201455172602498678 0.00000000099999999997 0.01443794087535665155 0.00910792793188402831 
0.00000000099999999998 0.07194571778911393323 0.01510992309570334882 0.00176067112576366912 0.91118368498941915146 0.00000000099999999998 0.00000000099999999998 
0.00000000099999999980 0.00000000099999999980 0.00000000099999999980 0.00000000099999999980 0.00000000099999999980 0.99999999400000005867 0.00000000099999999980 
0.00000000099999999999 0.01124766655495453536 0.10349110217650198118 0.00000000099999999999 0.84294387338110055019 0.04231735488744288454 0.00000000099999999999 
0.00101425445389779741 0.00000000099999999996 0.00000000099999999996 0.99898574054610222994 0.00000000099999999996 0.00000000099999999996 0.00000000099999999996 
0.99999999400000016969 0.00000000099999999988 0.00000000099999999988 0.00000000099999999988 0.00000000099999999988 0.00000000099999999988 0.00000000099999999988 
0.00000000099999999968 0.00000000099999999968 0.00000000099999999968 0.00000000099999999968 0.00000000099999999968 0.99999999399999994765 0.00000000099999999968 
0.00000000099999999996 0.00000000099999999996 0.00000000099999999996 0.99999999399999994765 0.00000000099999999996 0.00000000099999999996 0.00000000099999999996 
0.01069531329366152708 0.00000000099999999992 0.00000000099999999992 0.98930468170633856229 0.00000000099999999992 0.00000000099999999992 0.00000000099999999992 
0.00000000099999999994 0.00000542659835132510 0.00000000099999999994 0.95472553150069150441 0.00000000099999999994 0.00000000099999999994 0.04526903790095727215 
0.00000000099999999991 0.00000000099999999991 0.99999999399999994765 0.00000000099999999991 0.00000000099999999991 0.00000000099999999991 0.00000000099999999991 
0.00000000099999999999 0.00536376010805109799 0.83604216414185883455 0.08354312783827337607 0.07016101522784418121 0.00488993068397251731 0.00000000099999999999 
0.00000000099999999991 0.99999999400000005867 0.00000000099999999991 0.00000000099999999991 0.00000000099999999991 0.00000000099999999991 0.00000000099999999991 
0.00000000099999999998 0.48624820861947753992 0.00670091002147883870 0.00000000099999999998 0.50705087735904352808 0.00000000099999999998 0.00000000099999999998 
0.00000000099999999988 0.00000000099999999988 0.99999999399999994765 0.00000000099999999988 0.00000000099999999988 0.00000000099999999988 0.00000000099999999988 
0.00000000099999999998 0.01629488934851573700 0.00000000099999999998 0.97498380518060268063 0.00000000099999999998 0.00872130147088159662 0.00000000099999999998 
0.00000000099999999988 0.00000000099999999988 0.99999999400000005867 0.00000000099999999988 0.00000000099999999988 0.00000000099999999988 0.00000000099999999988 
0.00000000099999999991 0.00000000099999999991 0.99999999399999994765 0.00000000099999999991 0.00000000099999999991 0.00000000099999999991 0.00000000099999999991 
0.00000000099999999989 0.00000000099999999989 0.99999999400000005867 0.00000000099999999989 0.00000000099999999989 0.00000000099999999989 0.00000000099999999989 
0.00000000099999999997 0.00174524537714344850 0.11208731475451111370 0.00000000099999999997 0.85787851759522015804 0.02828891927312528198 0.00000000099999999997 
0.00000000099999999983 0.00000000099999999983 0.99999999400000005867 0.00000000099999999983 0.00000000099999999983 0.00000000099999999983 0.00000000099999999983 
0.00000000099999999988 0.00000000099999999988 0.99357910118436842950 0.00000000099999999988 0.00642089381563152803 0.00000000099999999988 0.00000000099999999988 
0.00000000099999999994 0.42068439040910282634 0.00000000099999999994 0.50326388859394666220 0.00000000099999999994 0.00000000099999999994 0.07605171699695048582 
0.00000000099999999999 0.00000000099999999999 0.16691219258127404368 0.00000000099999999999 0.79586299529364468164 0.00000000099999999999 0.03722480812508131148 
0.00000000099999999998 0.00000000099999999998 0.59121720300054536601 0.00000000099999999998 0.40579884040561253755 0.00298395259384186566 0.00000000099999999998 
0.00000000099999999993 0.00000000099999999993 0.99999999399999994765 0.00000000099999999993 0.00000000099999999993 0.00000000099999999993 0.00000000099999999993 
0.00000000099999999996 0.00000000099999999996 0.00000000099999999996 0.00000000099999999996 0.99021511933143291362 0.00978487566856710289 0.00000000099999999996 
0.00000000099999999991 0.00000000099999999991 0.99907784669764554408 0.00000000099999999991 0.00092214830235448999 0.00000000099999999991 0.00000000099999999991 
0.00000000099999999993 0.00000000099999999993 0.00000000099999999993 0.00000000099999999993 0.99999999399999994765 0.00000000099999999993 0.00000000099999999993 
0.00000000099999999994 0.00000000099999999994 0.02534334151649895658 0.00000000099999999994 0.97465665348350094543 0.00000000099999999994 0.00000000099999999994 
0.00000000099999999995 0.00000000099999999995 0.95924332863965733331 0.00000000099999999995 0.04075666636034261381 0.00000000099999999995 0.00000000099999999995 
0.00000000099999999989 0.00000000099999999989 0.99999999400000005867 0.00000000099999999989 0.00000000099999999989 0.00000000099999999989 0.00000000099999999989 
0.92537704736577697240 0.00000000099999999998 0.00000000099999999998 0.07462294763422312738 0.00000000099999999998 0.00000000099999999998 0.00000000099999999998 
0.00000000099999999994 0.00000000099999999994 0.03009799500045304624 0.00000000099999999994 0.96990199999954684884 0.00000000099999999994 0.00000000099999999994 
0.00426820822267340999 0.00000000099999999998 0.97820915766098681665 0.00000000099999999998 0.00000000316839418448 0.01752262794794557862 0.00000000099999999998 
0.99999999400000016969 0.00000000099999999988 0.00000000099999999988 0.00000000099999999988 0.00000000099999999988 0.00000000099999999988 0.00000000099999999988 
0.00033277236775102560 0.00028967159274998795 0.00000000099999999997 0.98936569969754095677 0.00000000099999999997 0.01001185334195808622 0.00000000099999999997 
0.00000000099999999996 0.00000000099999999996 0.00000000099999999996 0.00000000099999999996 0.99999999400000005867 0.00000000099999999996 0.00000000099999999996 
0.93614723546169031909 0.00000000099999999993 0.00000000099999999993 0.00000000099999999993 0.00000000099999999993 0.00000000099999999993 0.06385275953830985007 
0.99366595252070299971 0.00633404247929712522 0.00000000099999999992 0.00000000099999999992 0.00000000099999999992 0.00000000099999999992 0.00000000099999999992 
0.97607189446058861826 0.00000000099999999996 0.00000000099999999996 0.02392810053941146417 0.00000000099999999996 0.00000000099999999996 0.00000000099999999996 
0.00000000099999999991 0.99999999400000016969 0.00000000099999999991 0.00000000099999999991 0.00000000099999999991 0.00000000099999999991 0.00000000099999999991 
0.00000000099999999978 0.00000000099999999978 0.00000000099999999978 0.00000000099999999978 0.00000000099999999978 0.00000000099999999978 0.99999999399999994765 
0.00000000099999999996 0.00000000099999999996 0.05904521063457925795 0.00000000099999999996 0.00000000099999999996 0.00000000099999999996 0.94095478436542068224 
0.00000000099999999993 0.99999999400000005867 0.00000000099999999993 0.00000000099999999993 0.00000000099999999993 0.00000000099999999993 0.00000000099999999993 
0.00000000099999999992 0.00000000099999999992 0.00000000099999999992 0.99999999399999994765 0.00000000099999999992 0.00000000099999999992 0.00000000099999999992 
0.99999999400000016969 0.00000000099999999988 0.00000000099999999988 0.00000000099999999988 0.00000000099999999988 0.00000000099999999988 0.00000000099999999988 
0.00000000099999999967 0.00000000099999999967 0.00000000099999999967 0.00000000099999999967 0.00000000099999999967 0.00000000099999999967 0.99999999399999994765 
0.00000000099999999971 0.00000000099999999971 0.00000000099999999971 0.00000000099999999971 0.00000000099999999971 0.00000000099999999971 0.99999999399999994765 
0.83904000710776749372 0.02611781555495947330 0.00000000099999999999 0.07142108808839679746 0.00000000099999999999 0.03756051432021307451 0.02586057292866326962 
0.04937069304939520342 0.47757598651951704838 0.00000000290761174988 0.15939376035883479066 0.20305640692567619721 0.00285810370567620440 0.10774504653328885462 
0.04796733765337580363 0.00000000100000000000 0.00468228803398489102 0.76824189891594341084 0.12563875374550184660 0.00008018576978496939 0.05338953488140900372 
0.00000000099999999991 0.99999999400000016969 0.00000000099999999991 0.00000000099999999991 0.00000000099999999991 0.00000000099999999991 0.00000000099999999991 
0.90635926143661549315 0.00000000099999999995 0.00000000099999999995 0.00000000099999999995 0.00000000099999999995 0.00000000099999999995 0.09364073356338462051 
0.00000000099999999991 0.00000000099999999991 0.00000000099999999991 0.99999999400000005867 0.00000000099999999991 0.00000000099999999991 0.00000000099999999991 
0.03578936078246094943 0.03238071857112282542 0.00000000099999999997 0.92899510604357349308 0.00000000099999999997 0.00000000099999999997 0.00283481160284259834 
0.00000000099999999989 0.99999999400000005867 0.00000000099999999989 0.00000000099999999989 0.00000000099999999989 0.00000000099999999989 0.00000000099999999989 
0.01353905378969751973 0.02163795090573270019 0.00000000099999999995 0.96482299130456972147 0.00000000099999999995 0.00000000099999999995 0.00000000099999999995 
0.00000000099999999970 0.00000000099999999970 0.00000000099999999970 0.00000000099999999970 0.00000000099999999970 0.00000000099999999970 0.99999999399999994765 
0.00000000099999999998 0.87686437691339291778 0.03001592921328734634 0.00000000099999999998 0.00000000099999999998 0.00000000099999999998 0.09311968987331982472 
0.93389003331199837987 0.00000000099999999993 0.00000000099999999993 0.06610996168800156725 0.00000000099999999993 0.00000000099999999993 0.00000000099999999993 
0.00000000099999999997 0.99595611992486621222 0.00000000099999999997 0.00047250980324483797 0.00000000099999999997 0.00000000099999999997 0.00357136627188896130 
0.03728539483943169724 0.00000806899473531970 0.00000000099999999996 0.93497492990347386144 0.00000000099999999996 0.00000000099999999996 0.02773160326235923900 
0.00000000099999999989 0.00000000099999999989 0.99999999399999994765 0.00000000099999999989 0.00000000099999999989 0.00000000099999999989 0.00000000099999999989 
0.00000000099999999978 0.00000000099999999978 0.99999999400000005867 0.00000000099999999978 0.00000000099999999978 0.00000000099999999978 0.00000000099999999978 
0.00000000099999999995 0.00000000099999999995 0.01452042835790202414 0.00000000099999999995 0.95407965297626684542 0.03139991466583114815 0.00000000099999999995 
0.00000000099999999993 0.00000000099999999993 0.01807261716220449205 0.00000000099999999993 0.98192737783779548977 0.00000000099999999993 0.00000000099999999993 
0.90196855250177709884 0.01289344911528512473 0.02508108920918640516 0.00000041921685570505 0.00662189565348368387 0.05065701067198957047 0.00277758363142250383 
0.00000000099999999996 0.08887349270781827459 0.05673231855666984597 0.00000000099999999996 0.85439418473551187461 0.00000000099999999996 0.00000000099999999996 
0.00000000099999999995 0.00000000099999999995 0.00000000099999999995 0.00000000099999999995 0.99999987558952541100 0.00000011941047449711 0.00000000099999999995 
0.85264000283233265520 0.00000000099999999999 0.12178644862070937827 0.01728850405112548894 0.00000000099999999999 0.00828504149583235254 0.00000000099999999999 
0.00000000099999999999 0.02912034223432624289 0.10097025504453209510 0.10265739401234118267 0.74566279381716327190 0.02158921289163722584 0.00000000099999999999 
0.00000000099999999985 0.00000000099999999985 0.99999999399999994765 0.00000000099999999985 0.00000000099999999985 0.00000000099999999985 0.00000000099999999985 
0.80964667215781793708 0.00000000099999999999 0.12456583401077618578 0.00000000157967871859 0.04724697857336865314 0.00000000099999999999 0.01854051167835837899 
0.08593726754649302912 0.02823706509642738213 0.00000000099999999992 0.88582566335707957350 0.00000000099999999992 0.00000000099999999992 0.00000000099999999992 
0.99999999400000005867 0.00000000099999999987 0.00000000099999999987 0.00000000099999999987 0.00000000099999999987 0.00000000099999999987 0.00000000099999999987 
0.00000000099999999989 0.99999999400000005867 0.00000000099999999989 0.00000000099999999989 0.00000000099999999989 0.00000000099999999989 0.00000000099999999989 
0.00000000099999999996 0.00010836955618287266 0.00000000099999999996 0.99989162544381715580 0.00000000099999999996 0.00000000099999999996 0.00000000099999999996 
0.00000000099999999996 0.00000000099999999996 0.00000000099999999996 0.00000000099999999996 0.99999999400000005867 0.00000000099999999996 0.00000000099999999996 
0.17068141576797069003 0.01048853722638884781 0.03763919493492023927 0.00000000100000000000 0.78114806687622073689 0.00000033734895831848 0.00004244684554119915 
0.00000000099999999997 0.00000000099999999997 0.03446070007943605185 0.00000000099999999997 0.95544610992662459825 0.00000000099999999997 0.01009318599393949599 
0.00000000099999999996 0.00000000099999999996 0.07062166926817681212 0.00000000099999999996 0.92937832573182310725 0.00000000099999999996 0.00000000099999999996 
0.00000000099999999998 0.00000000099999999998 0.05571822033651956801 0.00343780090729450642 0.94084397475618586348 0.00000000099999999998 0.00000000099999999998 
0.00000000099999999990 0.00000000099999999990 0.08061864248708883185 0.00000000099999999990 0.91938135251291119854 0.00000000099999999990 0.00000000099999999990 
0.00000000099999999995 0.00000000099999999995 0.00000000099999999995 0.93676414055931644942 0.00000000099999999995 0.00000000099999999995 0.06323585444068360872 
0.00000000099999999995 0.94305708387705522444 0.00000000099999999995 0.00000000099999999995 0.00000000099999999995 0.00000000099999999995 0.05694291112294484758 
0.01597115974778910361 0.00501934724382530235 0.00000000099999999994 0.97900948900838558053 0.00000000099999999994 0.00000000099999999994 0.00000000099999999994 
0.00000000099999999997 0.00000000099999999997 0.00000000099999999997 0.99999999400000005867 0.00000000099999999997 0.00000000099999999997 0.00000000099999999997 
0.00000000099999999988 0.99999999400000016969 0.00000000099999999988 0.00000000099999999988 0.00000000099999999988 0.00000000099999999988 0.00000000099999999988 
0.99999999400000005867 0.00000000099999999982 0.00000000099999999982 0.00000000099999999982 0.00000000099999999982 0.00000000099999999982 0.00000000099999999982 
0.96499114570058364126 0.00000000099999999989 0.00000000099999999989 0.00000000099999999989 0.00000000099999999989 0.00000000099999999989 0.03500884929941659729 
0.00000000099999999990 0.00000000099999999990 0.00000000099999999990 0.99999999399999994765 0.00000000099999999990 0.00000000099999999990 0.00000000099999999990 
0.00000000099999999993 0.00000000099999999993 0.00000000099999999993 0.99999999400000005867 0.00000000099999999993 0.00000000099999999993 0.00000000099999999993 
0.00000000099999999992 0.00000000099999999992 0.00000000099999999992 0.99999999400000005867 0.00000000099999999992 0.00000000099999999992 0.00000000099999999992 
0.99999999400000005867 0.00000000099999999991 0.00000000099999999991 0.00000000099999999991 0.00000000099999999991 0.00000000099999999991 0.00000000099999999991 
0.96103114206125894725 0.00000001001366688177 0.00000000099999999998 0.03896843088465289789 0.00000000099999999998 0.00000026047816493152 0.00000015456225639740 
0.00000000099999999992 0.00000000099999999992 0.00000000099999999992 0.99999999399999994765 0.00000000099999999992 0.00000000099999999992 0.00000000099999999992 
0.00000000099999999990 0.99999999400000016969 0.00000000099999999990 0.00000000099999999990 0.00000000099999999990 0.00000000099999999990 0.00000000099999999990 
0.02545230269641352364 0.04551653018288857183 0.00000000099999999999 0.87745863063241291702 0.00000000099999999999 0.03303660752957839064 0.01853592695870668119 
0.99999999400000016969 0.00000000099999999985 0.00000000099999999985 0.00000000099999999985 0.00000000099999999985 0.00000000099999999985 0.00000000099999999985 
0.00000003035268838450 0.00000000099999999992 0.00000000099999999992 0.99999925982641024724 0.00000000099999999992 0.00000000099999999992 0.00000070582090155056 
0.00000000099999999999 0.03416781132533632664 0.09278236180790822019 0.00000000099999999999 0.86063817110177365244 0.01241165276498186476 0.00000000099999999999 
0.78705132381013143128 0.09292318733876324399 0.00000000099999999995 0.01442545194565855726 0.00000000099999999995 0.00000000099999999995 0.10560003390544681068 
0.00000000099999999998 0.00000000099999999998 0.00000041188037717913 0.07521426378188830753 0.90803396978592842981 0.01675135155180613664 0.00000000099999999998 
0.99999999400000005867 0.00000000099999999985 0.00000000099999999985 0.00000000099999999985 0.00000000099999999985 0.00000000099999999985 0.00000000099999999985 
0.00000000099999999995 0.00001366591697877567 0.00000000099999999995 0.99996108816754158966 0.00000000099999999995 0.00000000099999999995 0.00002524191547977466 
0.00000000099999999991 0.00000000099999999991 0.00000000099999999991 0.99999999399999994765 0.00000000099999999991 0.00000000099999999991 0.00000000099999999991 
0.99999999400000005867 0.00000000099999999988 0.00000000099999999988 0.00000000099999999988 0.00000000099999999988 0.00000000099999999988 0.00000000099999999988 
0.00000000099999999992 0.00000000099999999992 0.00000000099999999992 0.99999999400000005867 0.00000000099999999992 0.00000000099999999992 0.00000000099999999992 
0.01610110866923187764 0.05387266420222702051 0.03278860804535382173 0.63550545703415761700 0.19209526202167548359 0.06963689902735406556 0.00000000100000000000 
0.99999999400000016969 0.00000000099999999990 0.00000000099999999990 0.00000000099999999990 0.00000000099999999990 0.00000000099999999990 0.00000000099999999990 
0.00244340876781227317 0.00000000099999999998 0.00000002342969995394 0.99755656380248780568 0.00000000099999999998 0.00000000099999999998 0.00000000099999999998 
0.00000000099999999995 0.00000000099999999995 0.85713363545700937962 0.00000000099999999995 0.13805208255938219986 0.00481427798360822921 0.00000000099999999995 
0.00000000099999999964 0.00000000099999999964 0.00000000099999999964 0.00000000099999999964 0.00000000099999999964 0.99999999399999994765 0.00000000099999999964 
0.00000000099999999992 0.00000000099999999992 0.00000000099999999992 0.00000000099999999992 0.99999999400000005867 0.00000000099999999992 0.00000000099999999992 
0.00000000099999999995 0.00000000099999999995 0.00924544624780742480 0.00000000099999999995 0.99075454875219248763 0.00000000099999999995 0.00000000099999999995 
0.00000000099999999997 0.00000000099999999997 0.00000000099999999997 0.00000000099999999997 0.99999998736345152572 0.00000000099999999997 0.00000000763654854860 
0.00000000099999999996 0.00000000099999999996 0.00052405595776702524 0.00000000099999999996 0.99947593904223297478 0.00000000099999999996 0.00000000099999999996 
0.01525685337781331960 0.00000000099999999997 0.02541325673161737644 0.00000000099999999997 0.95932988589056922279 0.00000000099999999997 0.00000000099999999997 
0.01906998506899912349 0.00000000100000000000 0.17672094016791511928 0.08023369366425124605 0.71386800732227206900 0.00548746080024303372 0.00461991197631947317 
0.00000000099999999993 0.00000000099999999993 0.00000000099999999993 0.00000000099999999993 0.99999999400000005867 0.00000000099999999993 0.00000000099999999993 
0.99999999400000005867 0.00000000099999999984 0.00000000099999999984 0.00000000099999999984 0.00000000099999999984 0.00000000099999999984 0.00000000099999999984 
0.00000000099999999998 0.00000000099999999998 0.04143037497211688597 0.00000000099999999998 0.93993441090993257170 0.01379985164842441672 0.00483535946952617403 
0.00000000099999999965 0.00000000099999999965 0.00000000099999999965 0.00000000099999999965 0.00000000099999999965 0.99999999399999994765 0.00000000099999999965 
0.00000000099999999995 0.00000000099999999995 0.03639363133275860807 0.00000000099999999995 0.96360636366724128354 0.00000000099999999995 0.00000000099999999995 
0.00000000099999999987 0.00000000099999999987 0.99999999400000005867 0.00000000099999999987 0.00000000099999999987 0.00000000099999999987 0.00000000099999999987 
0.00000000099999999991 0.00000000099999999991 0.00000000099999999991 0.99999999400000005867 0.00000000099999999991 0.00000000099999999991 0.00000000099999999991 
0.00000000099999999984 0.00000000099999999984 0.99999999399999994765 0.00000000099999999984 0.00000000099999999984 0.00000000099999999984 0.00000000099999999984 
0.00000000099999999988 0.00000000099999999988 0.99999999399999994765 0.00000000099999999988 0.00000000099999999988 0.00000000099999999988 0.00000000099999999988 
0.00000000100000000000 0.01676549198381583131 0.05593928055492354556 0.00886772301874488335 0.91207733254418610347 0.00635016989832968681 0.00000000100000000000 
0.00000000099999999997 0.01519830433940269100 0.07806620323685591056 0.00000000099999999997 0.89313922357306374522 0.00000000099999999997 0.01359626585067753163 
0.00000000099999999992 0.00000000099999999992 0.99999999400000005867 0.00000000099999999992 0.00000000099999999992 0.00000000099999999992 0.00000000099999999992 
0.00000000099999999987 0.00000000099999999987 0.99999999399999994765 0.00000000099999999987 0.00000000099999999987 0.00000000099999999987 0.00000000099999999987 
0.00000000099999999997 0.00000000099999999997 0.08152752316104565355 0.00000000099999999997 0.91847236569792711780 0.00000010714102713729 0.00000000099999999997 
0.00000000099999999992 0.00000000099999999992 0.00000000099999999992 0.99999999400000005867 0.00000000099999999992 0.00000000099999999992 0.00000000099999999992 
0.00000141707826586260 0.00000000099999999999 0.08654499057409394125 0.00000000099999999999 0.88139749662538535713 0.00929759668626529284 0.02275849703598968252 
0.00000000099999999987 0.00000000099999999987 0.99999999400000005867 0.00000000099999999987 0.00000000099999999987 0.00000000099999999987 0.00000000099999999987 
0.00000000099999999998 0.00000000099999999998 0.03340874463924611848 0.00000000099999999998 0.93007759456536209797 0.00000000099999999998 0.03651365679539181341 
0.00000000099999999997 0.00000000099999999997 0.05729150123899379166 0.00000000099999999997 0.94270849376100618322 0.00000000099999999997 0.00000000099999999997 
0.00000000099999999989 0.00000000099999999989 0.99999999400000005867 0.00000000099999999989 0.00000000099999999989 0.00000000099999999989 0.00000000099999999989 
0.00000000099999999992 0.00000000099999999992 0.00000000099999999992 0.99999999400000005867 0.00000000099999999992 0.00000000099999999992 0.00000000099999999992 
0.00000000099999999994 0.00000000099999999994 0.99999999399999994765 0.00000000099999999994 0.00000000099999999994 0.00000000099999999994 0.00000000099999999994 
0.00000000099999999997 0.00000000099999999997 0.02324213907398113912 0.00000000099999999997 0.96024527435282658328 0.00000000099999999997 0.01651258257319227624 
0.00000000099999999997 0.00000000099999999997 0.02372629731533834260 0.00000000099999999997 0.92063544927824125796 0.00000000099999999997 0.05563824940642036337 
0.00000000099999999995 0.01207486597263399825 0.04480409503446997066 0.00000000099999999995 0.94312103499289601238 0.00000000099999999995 0.00000000099999999995 
0.00000000099999999990 0.00000000099999999990 0.00000000099999999990 0.99999999400000005867 0.00000000099999999990 0.00000000099999999990 0.00000000099999999990 
0.00000000099999999998 0.11377498067962305006 0.05777485215445455485 0.00000000099999999998 0.79951414547404464628 0.00000000099999999998 0.02893601869187788223 
0.00000000099999999997 0.00506649979878733871 0.07290469387390050016 0.00000000099999999997 0.91298726226677551221 0.00904154106053670775 0.00000000099999999997 
0.00000000099999999993 0.00000000099999999993 0.00000000099999999993 0.00000000099999999993 0.99999999400000005867 0.00000000099999999993 0.00000000099999999993 
0.00000000099999999999 0.00000000099999999999 0.00000865811576768344 0.00000000099999999999 0.97725000982274767836 0.02274132806148458641 0.00000000099999999999 
0.00000000099999999998 0.01851197638095582187 0.82353396055006578003 0.02116914970254434383 0.13678491036643389278 0.00000000099999999998 0.00000000099999999998 
0.00000000099999999998 0.00000000099999999998 0.13467807347019045139 0.86532192152980957900 0.00000000099999999998 0.00000000099999999998 0.00000000099999999998 
0.00000000099999999998 0.03614868137512988744 0.01397273192099257426 0.00000000099999999998 0.91609856404705480859 0.00000000099999999998 0.03378001965682263241 
0.00000000099999999980 0.00000000099999999980 0.99999999399999994765 0.00000000099999999980 0.00000000099999999980 0.00000000099999999980 0.00000000099999999980 
0.00000000099999999998 0.00000000099999999998 0.99976922534888734706 0.00000000099999999998 0.00023076965111263798 0.00000000099999999998 0.00000000099999999998 
0.05209400229294302437 0.00000000099999999999 0.62678302921695261407 0.00000000099999999999 0.32110296157565898501 0.00000000099999999999 0.00002000391444540293 
0.00000000099999999999 0.07515594456050958549 0.35349967679168370349 0.39207949896153321268 0.17926487668627361094 0.00000000099999999999 0.00000000099999999999 
0.00000000099999999991 0.00000000099999999991 0.00000000099999999991 0.00000000099999999991 0.99999999399999994765 0.00000000099999999991 0.00000000099999999991 
0.05976159097679981103 0.00000010013912178640 0.09355247557776054379 0.41185019185172933032 0.40577887444168619924 0.02729264064691906688 0.00176412636598336642 
0.00000000099999999998 0.21032691228642325099 0.01156749159340801462 0.00000000099999999998 0.77810531128578186433 0.00000028183438675176 0.00000000099999999998 
0.00000000099999999998 0.00000019433119384450 0.00000000099999999998 0.00000000099999999998 0.99999980066880622687 0.00000000099999999998 0.00000000099999999998 
0.00000000099999999998 0.00786544955328118134 0.00000000099999999998 0.35482942656268695591 0.63730511988403182322 0.00000000099999999998 0.00000000099999999998 
0.00000000099999999999 0.00000000099999999999 0.34594221917044765124 0.02136842951115496339 0.63268876675239760221 0.00000000099999999999 0.00000058156599975904 
0.81020389243807389157 0.00000000099999999998 0.00685865084803461041 0.00000000099999999998 0.18293745271389147411 0.00000000099999999998 0.00000000099999999998 
0.00000000099999999986 0.99999999400000016969 0.00000000099999999986 0.00000000099999999986 0.00000000099999999986 0.00000000099999999986 0.00000000099999999986 
0.00000000099999999996 0.00500936860552350389 0.06044053306658252883 0.00000000099999999996 0.93455009432789404311 0.00000000099999999996 0.00000000099999999996 
0.00000000099999999989 0.00000000099999999989 0.99999999400000005867 0.00000000099999999989 0.00000000099999999989 0.00000000099999999989 0.00000000099999999989 
0.00000000099999999993 0.00000000099999999993 0.99999999399999994765 0.00000000099999999993 0.00000000099999999993 0.00000000099999999993 0.00000000099999999993 
0.00000000099999999988 0.00000000099999999988 0.99999999400000005867 0.00000000099999999988 0.00000000099999999988 0.00000000099999999988 0.00000000099999999988 
0.00000000099999999986 0.00000000099999999986 0.00000000099999999986 0.00000000099999999986 0.00000000099999999986 0.99999999400000005867 0.00000000099999999986 
0.00000000099999999997 0.00000000099999999997 0.02648980036832084689 0.00000000099999999997 0.94488813932853821242 0.00000000099999999997 0.02862205630314108851 
0.00000000099999999993 0.00000000099999999993 0.00500771495957685192 0.00000000099999999993 0.99499228004042306051 0.00000000099999999993 0.00000000099999999993 
0.00000000099999999996 0.00000000099999999996 0.93462376803475843978 0.00000000099999999996 0.04935896385524411040 0.01601726410999730621 0.00000000099999999996 
0.00000000099999999998 0.01405323201267822709 0.08219622161274461880 0.00000000099999999998 0.90374267968349830671 0.00000786369107882571 0.00000000099999999998 
0.00000000099999999988 0.00000000099999999988 0.99999999399999994765 0.00000000099999999988 0.00000000099999999988 0.00000000099999999988 0.00000000099999999988 
0.00000000099999999964 0.00000000099999999964 0.00000000099999999964 0.00000000099999999964 0.00000000099999999964 0.99999999399999994765 0.00000000099999999964 
0.00000000099999999990 0.00000000099999999990 0.99999999399999994765 0.00000000099999999990 0.00000000099999999990 0.00000000099999999990 0.00000000099999999990 
0.00000000099999999993 0.00000000099999999993 0.99999966458009115211 0.00000000099999999993 0.00000033041990882635 0.00000000099999999993 0.00000000099999999993 
0.00000000099999999963 0.00000000099999999963 0.00000000099999999963 0.00000000099999999963 0.00000000099999999963 0.99999999399999994765 0.00000000099999999963 
0.00000000099999999980 0.00000000099999999980 0.00000000099999999980 0.00000000099999999980 0.00000000099999999980 0.99999999399999994765 0.00000000099999999980 
0.00000000099999999998 0.00068485197549014471 0.00000000099999999998 0.00000000099999999998 0.98488354142651823864 0.01443160259799159198 0.00000000099999999998 
0.00000000099999999982 0.00000000099999999982 0.99999999400000005867 0.00000000099999999982 0.00000000099999999982 0.00000000099999999982 0.00000000099999999982 
0.00000000099999999997 0.01645756837591361849 0.03661494856711570295 0.00000000099999999997 0.92171325414129956499 0.02521422591567097637 0.00000000099999999997 
0.00000000099999999987 0.00000000099999999987 0.99999999399999994765 0.00000000099999999987 0.00000000099999999987 0.00000000099999999987 0.00000000099999999987 
