0.00000000099999999999 0.00000000099999999999 0.07393884264086267311 0.33114309328852403747 0.03637476406984327393 0.00000000099999999999 0.30589907456877590830 0.00000000099999999999 0.25264422143199405379 
0.00000000099999999996 0.00000000099999999996 0.49331827209129097689 0.00000000099999999996 0.48753051273550168654 0.01915120917320728422 0.00000000099999999996 0.00000000099999999996 0.00000000099999999996 
0.00000000099999999990 0.00000000099999999990 0.00000000099999999990 0.00000000099999999990 0.90738528551273422984 0.00000000099999999990 0.09261470748726584323 0.00000000099999999990 0.00000000099999999990 
0.00000000099999999997 0.00000000099999999997 0.59090785318695937534 0.00000000099999999997 0.31698262004777222334 0.00441365899682536183 0.08769586276844316963 0.00000000099999999997 0.00000000099999999997 
0.00000000099999999996 0.00000000099999999996 0.63922682382890283481 0.00000000099999999996 0.24408520154887305975 0.00000000099999999996 0.00000000099999999996 0.00000000099999999996 0.11668796862222416411 
0.00000000099999999993 0.00000000099999999993 0.99999999200000011523 0.00000000099999999993 0.00000000099999999993 0.00000000099999999993 0.00000000099999999993 0.00000000099999999993 0.00000000099999999993 
0.00000000099999999979 0.00000000099999999979 0.00000000099999999979 0.00000000099999999979 0.00000000099999999979 0.00000000099999999979 0.00000000099999999979 0.99999999200000000421 0.00000000099999999979 
0.00000000099999999974 0.00000000099999999974 0.00000000099999999974 0.00000000099999999974 0.00000000099999999974 0.00000000099999999974 0.99999999199999989319 0.00000000099999999974 0.00000000099999999974 
0.00055905057568751107 0.00000000099999999991 0.94114120878771578838 0.00000000099999999991 0.00000000099999999991 0.00000000099999999991 0.00000000099999999991 0.00000000099999999991 0.05829973463659687827 
0.00000000099999999985 0.55589293527328054179 0.00000000099999999985 0.00000000099999999985 0.00000000099999999985 0.00000000099999999985 0.00000000099999999985 0.44410705772671960068 0.00000000099999999985 
0.00000000099999999982 0.99999999200000011523 0.00000000099999999982 0.00000000099999999982 0.00000000099999999982 0.00000000099999999982 0.00000000099999999982 0.00000000099999999982 0.00000000099999999982 
0.00000000099999999985 0.00000000099999999985 0.00000000099999999985 0.00000000099999999985 0.00000000099999999985 0.00000000099999999985 0.00000000099999999985 0.99999999200000000421 0.00000000099999999985 
0.00000000099999999982 0.00000000099999999982 0.00000000099999999982 0.00000000099999999982 0.00000000099999999982 0.99999999200000011523 0.00000000099999999982 0.00000000099999999982 0.00000000099999999982 
0.00000000099999999998 0.18031543235779703971 0.12533568754301707693 0.17032991564424973530 0.00000000099999999998 0.14688405751085883977 0.00410577122957942950 0.37302913271449783528 0.00000000099999999998 
0.00000000099999999998 0.00000000099999999998 0.00000000099999999998 0.40971758003143654570 0.00000000099999999998 0.42117828657430661510 0.00000000099999999998 0.00000000099999999998 0.16910412739425698114 
0.00000000099999999978 0.00000000099999999978 0.00000000099999999978 0.00000000099999999978 0.00000000099999999978 0.00000000099999999978 0.00000000099999999978 0.99999999200000000421 0.00000000099999999978 
0.00000000099999999998 0.00000000099999999998 0.00000000099999999998 0.24464281767005882640 0.00000000099999999998 0.20067885188172873701 0.00000000099999999998 0.44766368147334001382 0.10701464397487232827 
0.00000000099999999999 0.00000000099999999999 0.00000000099999999999 0.23840426511274476207 0.05649590876440496040 0.18900240326264045043 0.07077507730750921822 0.00000000099999999999 0.44532234155270072895 
0.00000000099999999962 0.00000000099999999962 0.00000000099999999962 0.99999999200000011523 0.00000000099999999962 0.00000000099999999962 0.00000000099999999962 0.00000000099999999962 0.00000000099999999962 
0.00000000099999999996 0.00000000099999999996 0.00000000099999999996 0.49248625212350988223 0.00000000099999999996 0.50155621089243129784 0.00000000099999999996 0.00595753098405880401 0.00000000099999999996 
0.00000000099999999967 0.00000000099999999967 0.00000000099999999967 0.00000000099999999967 0.00000000099999999967 0.99999999200000011523 0.00000000099999999967 0.00000000099999999967 0.00000000099999999967 
0.00000000099999999990 0.32722036515779157062 0.00000000099999999990 0.00000000099999999990 0.00000000099999999990 0.01915656865183346796 0.00000000099999999990 0.65362306019037463845 0.00000000099999999990 
0.00000000099999999974 0.00000000099999999974 0.00000000099999999974 0.99999999200000000421 0.00000000099999999974 0.00000000099999999974 0.00000000099999999974 0.00000000099999999974 0.00000000099999999974 
0.00000000099999999990 0.00000000099999999990 0.00000000099999999990 0.00000000099999999990 0.99999999200000011523 0.00000000099999999990 0.00000000099999999990 0.00000000099999999990 0.00000000099999999990 
0.00000000099999999983 0.00000000099999999983 0.00000000099999999983 0.00000000099999999983 0.00000000099999999983 0.00000000099999999983 0.00000000099999999983 0.99999999200000000421 0.00000000099999999983 
0.00000000099999999983 0.00000000099999999983 0.00000000099999999983 0.00000000099999999983 0.00000000099999999983 0.00000000099999999983 0.00000000099999999983 0.99999999199999989319 0.00000000099999999983 
0.00000000099999999990 0.00000000099999999990 0.00000000099999999990 0.00000000099999999990 0.00000000099999999990 0.99999999200000011523 0.00000000099999999990 0.00000000099999999990 0.00000000099999999990 
0.00000000099999999988 0.00000000099999999988 0.00000000099999999988 0.00000000099999999988 0.99999999200000011523 0.00000000099999999988 0.00000000099999999988 0.00000000099999999988 0.00000000099999999988 
0.00000000099999999993 0.00000000099999999993 0.66543970252047235370 0.00000000099999999993 0.26370706033513030553 0.00000000099999999993 0.07085323114439756598 0.00000000099999999993 0.00000000099999999993 
0.00000000099999999996 0.69642908138946035823 0.00000000099999999996 0.00000000099999999996 0.00000000099999999996 0.00000000865250907380 0.00000000099999999996 0.30357090395803071337 0.00000000099999999996 
0.00000000099999999998 0.39021498288186035053 0.00000000099999999998 0.02896547571218502024 0.00000000099999999998 0.00000000099999999998 0.00000000099999999998 0.49449822847993263331 0.08632130792602189795 
0.01730472329703673998 0.58547064167259132983 0.00000000099999999993 0.00758490323297635657 0.00000000099999999993 0.03368970864975989743 0.00000000099999999993 0.35595001914763574336 0.00000000099999999993 
0.00000000099999999998 0.00041949453492243601 0.50437510247248373840 0.00000000099999999998 0.40274512985259686149 0.06451547675354624145 0.02794479238645088473 0.00000000099999999998 0.00000000099999999998 
0.99999999200000011523 0.00000000099999999973 0.00000000099999999973 0.00000000099999999973 0.00000000099999999973 0.00000000099999999973 0.00000000099999999973 0.00000000099999999973 0.00000000099999999973 
0.03518979995172143160 0.00000000099999999999 0.81715255653795093593 0.00000000099999999999 0.00000000099999999999 0.00566132361482702112 0.00000000099999999999 0.00000000099999999999 0.14199631489550068597 
0.00000000099999999980 0.99999999200000022626 0.00000000099999999980 0.00000000099999999980 0.00000000099999999980 0.00000000099999999980 0.00000000099999999980 0.00000000099999999980 0.00000000099999999980 
0.00000000099999999980 0.00000000099999999980 0.00000000099999999980 0.99999999200000000421 0.00000000099999999980 0.00000000099999999980 0.00000000099999999980 0.00000000099999999980 0.00000000099999999980 
0.99999999200000011523 0.00000000099999999956 0.00000000099999999956 0.00000000099999999956 0.00000000099999999956 0.00000000099999999956 0.00000000099999999956 0.00000000099999999956 0.00000000099999999956 
0.00000000099999999993 0.52485863189998682721 0.00000000099999999993 0.00000000099999999993 0.00000000099999999993 0.00000000099999999993 0.00000000099999999993 0.47514136110001320423 0.00000000099999999993 
0.00000000099999999983 0.00000000099999999983 0.00000000099999999983 0.00000000099999999983 0.00000000099999999983 0.00000000099999999983 0.00000000099999999983 0.99999999199999989319 0.00000000099999999983 
0.00000000099999999991 0.40970497673652023218 0.00000000099999999991 0.00000000099999999991 0.00000000099999999991 0.03609691710723616359 0.00000000099999999991 0.55419810015624326738 0.00000000099999999991 
0.00000000099999999985 0.00000000099999999985 0.00000000099999999985 0.00000000099999999985 0.00000000099999999985 0.00000000099999999985 0.00000000099999999985 0.00000000099999999985 0.99999999200000000421 
0.00000000099999999998 0.09273693639263917710 0.06174505839112330585 0.00000000099999999998 0.00000000099999999998 0.00000000099999999998 0.55756809015075692315 0.00000000099999999998 0.28794991006548065204 
0.00000000099999999988 0.00000000099999999988 0.00000000099999999988 0.00000000099999999988 0.00000000099999999988 0.99999999200000000421 0.00000000099999999988 0.00000000099999999988 0.00000000099999999988 
0.00000000099999999997 0.00000000099999999997 0.37370734609244504743 0.00000000099999999997 0.13504072078217996267 0.48247333398212832734 0.00877859414324660102 0.00000000099999999997 0.00000000099999999997 
0.00000000099999999984 0.00000000099999999984 0.00000000099999999984 0.00000000099999999984 0.00000000099999999984 0.00000000099999999984 0.00000000099999999984 0.00000000099999999984 0.99999999200000000421 
0.00290216320483525176 0.60516629859142312409 0.00000000099999999995 0.00000000099999999995 0.00000000099999999995 0.00979098589527422833 0.00000000099999999995 0.38214054730846730434 0.00000000099999999995 
0.00000000099999999975 0.00000000099999999975 0.00000000099999999975 0.00000000099999999975 0.00000000099999999975 0.00000000099999999975 0.99999999199999989319 0.00000000099999999975 0.00000000099999999975 
0.00000000099999999989 0.00000000099999999989 0.00000000099999999989 0.00000000099999999989 0.00000000099999999989 0.00000000099999999989 0.44999209168305970286 0.00000000099999999989 0.55000790131694021756 
0.00000000099999999982 0.00000000099999999982 0.00000000099999999982 0.00000000099999999982 0.00000000099999999982 0.00000000099999999982 0.00000000099999999982 0.00000000099999999982 0.99999999200000000421 
0.02097154060108204557 0.00000000099999999996 0.42802345854018908344 0.00000000099999999996 0.43187116632012245709 0.00000000099999999996 0.00000000099999999996 0.00000000099999999996 0.11913382953860658653 
0.00000000099999999982 0.00000000099999999982 0.00000000099999999982 0.00000000099999999982 0.00000000099999999982 0.00000000099999999982 0.29663622779676651620 0.00000000099999999982 0.70336376520323340422 
0.00000000099999999977 0.00000000099999999977 0.00000000099999999977 0.00000000099999999977 0.00000000099999999977 0.00000000099999999977 0.99999999199999989319 0.00000000099999999977 0.00000000099999999977 
0.00000000099999999988 0.52389824433393694658 0.00000000099999999988 0.00000000099999999988 0.00000000099999999988 0.47610174866606325139 0.00000000099999999988 0.00000000099999999988 0.00000000099999999988 
0.00000000099999999999 0.00000000099999999999 0.24167796886634643205 0.00000000099999999999 0.60573839075322355452 0.00000175134951982834 0.00000000099999999999 0.00000000099999999999 0.15258188403091027530 
0.00000000099999999995 0.00000000099999999995 0.00000000099999999995 0.00000000099999999995 0.47146653860715304063 0.00000000099999999995 0.33320072524950788972 0.00000000099999999995 0.19533273014333907280 
0.00000000099999999985 0.00000000099999999985 0.00000000099999999985 0.00000000099999999985 0.00000000099999999985 0.00000000099999999985 0.00000000099999999985 0.00000000099999999985 0.99999999199999989319 
0.00355638564046624689 0.00000000099999999995 0.72666853298206379730 0.00000000099999999995 0.26977507537747014155 0.00000000099999999995 0.00000000099999999995 0.00000000099999999995 0.00000000099999999995 
0.00000000099999999989 0.00000000099999999989 0.00000000099999999989 0.00000000099999999989 0.00000000099999999989 0.00000000099999999989 0.46368863842493512895 0.00000000099999999989 0.53631135457506484698 
0.00000000099999999978 0.00000000099999999978 0.00000000099999999978 0.00000000099999999978 0.99999999200000011523 0.00000000099999999978 0.00000000099999999978 0.00000000099999999978 0.00000000099999999978 
0.00000000099999999979 0.00000000099999999979 0.00000000099999999979 0.00000000099999999979 0.99999999200000000421 0.00000000099999999979 0.00000000099999999979 0.00000000099999999979 0.00000000099999999979 
0.00000000099999999992 0.00000000099999999992 0.00000000099999999992 0.00000000099999999992 0.05248261805277735365 0.00000000099999999992 0.22564522592488048258 0.00000000099999999992 0.72187215002234206285 
0.00000000099999999987 0.00000000099999999987 0.00000000099999999987 0.00000000099999999987 0.00000000099999999987 0.00000000099999999987 0.43792663756579441880 0.00000000099999999987 0.56207335543420566815 
0.00000000099999999997 0.00000000099999999997 0.00000000099999999997 0.91639320087547582183 0.00000000099999999997 0.00000000099999999997 0.00000000099999999997 0.08360679212452426512 0.00000000099999999997 
0.00000000099999999989 0.00000000099999999989 0.37096055710064551603 0.00000000099999999989 0.59139686570428495749 0.00000000099999999989 0.00000000099999999989 0.00000000099999999989 0.03764257119506943944 
0.01420992699217240272 0.00000000099999999996 0.00000000099999999996 0.00000000099999999996 0.00000000099999999996 0.00000000099999999996 0.23449406515895640513 0.00000000099999999996 0.75129600184887113112 
0.00000000099999999982 0.00000000099999999982 0.00000000099999999982 0.99999999200000011523 0.00000000099999999982 0.00000000099999999982 0.00000000099999999982 0.00000000099999999982 0.00000000099999999982 
0.00000000099999999986 0.00000000099999999986 0.00000000099999999986 0.00000000099999999986 0.00000000099999999986 0.00000000099999999986 0.00000000099999999986 0.99999999199999989319 0.00000000099999999986 
0.00000000099999999992 0.00000000099999999992 0.99999999200000000421 0.00000000099999999992 0.00000000099999999992 0.00000000099999999992 0.00000000099999999992 0.00000000099999999992 0.00000000099999999992 
0.00000000099999999989 0.00000000099999999989 0.00000000099999999989 0.99999999200000000421 0.00000000099999999989 0.00000000099999999989 0.00000000099999999989 0.00000000099999999989 0.00000000099999999989 
0.00000000099999999985 0.00000000099999999985 0.00000000099999999985 0.99648047609911327704 0.00000000099999999985 0.00351951690088684113 0.00000000099999999985 0.00000000099999999985 0.00000000099999999985 
0.00000000099999999993 0.00000000099999999993 0.00000000099999999993 0.96587505866723610826 0.00000000099999999993 0.00000000099999999993 0.00000000099999999993 0.03412493433276380522 0.00000000099999999993 
0.00000000099999999987 0.00000000099999999987 0.00000000099999999987 0.00000000099999999987 0.00000000099999999987 0.99999999200000011523 0.00000000099999999987 0.00000000099999999987 0.00000000099999999987 
0.00316748906705823906 0.00000000099999999991 0.00000000099999999991 0.37701767264278357450 0.00000000099999999991 0.61981483229015821301 0.00000000099999999991 0.00000000099999999991 0.00000000099999999991 
0.02212193668107013608 0.00000000099999999999 0.00000000099999999999 0.27392838598410673701 0.00000000099999999999 0.53288853720198992026 0.14644582124879457208 0.02461531488403864015 0.00000000099999999999 
0.00000000099999999989 0.00000000099999999989 0.00000000099999999989 0.00000000099999999989 0.00000000099999999989 0.99999999200000000421 0.00000000099999999989 0.00000000099999999989 0.00000000099999999989 
0.00000000099999999978 0.99999999200000022626 0.00000000099999999978 0.00000000099999999978 0.00000000099999999978 0.00000000099999999978 0.00000000099999999978 0.00000000099999999978 0.00000000099999999978 
0.00000000099999999980 0.00000000099999999980 0.00000000099999999980 0.99999999200000000421 0.00000000099999999980 0.00000000099999999980 0.00000000099999999980 0.00000000099999999980 0.00000000099999999980 
0.01792050990921618264 0.00000000099999999986 0.00000000099999999986 0.33943337931977735078 0.00000000099999999986 0.64264610477100636565 0.00000000099999999986 0.00000000099999999986 0.00000000099999999986 
0.02560767094715003453 0.00000000099999999989 0.00000000099999999989 0.37281063928340973934 0.00000000099999999989 0.60158168376944021194 0.00000000099999999989 0.00000000099999999989 0.00000000099999999989 
0.03515254583492186807 0.10628786428786732299 0.00000000099999999998 0.84125128025821083178 0.00000000099999999998 0.01730830461899997286 0.00000000099999999998 0.00000000099999999998 0.00000000099999999998 
0.00677481093521832990 0.09340646501000729462 0.20567093157331631237 0.07441003975308264906 0.00000000099999999999 0.55030341170517671490 0.00000000099999999999 0.06943433802319870507 0.00000000099999999999 
0.00000000107014717679 0.54196550271702770285 0.00000000099999999998 0.06008619521851035761 0.14817653279187639748 0.00000000099999999998 0.00000000099999999998 0.24977176420243835109 0.00000000099999999998 
0.00000000099999999989 0.00000000099999999989 0.00000000099999999989 0.00000000099999999989 0.00000000099999999989 0.99999999200000011523 0.00000000099999999989 0.00000000099999999989 0.00000000099999999989 
0.00960177455226840330 0.00381295347311589282 0.00000000099999999995 0.98658526597461582153 0.00000000099999999995 0.00000000099999999995 0.00000000099999999995 0.00000000099999999995 0.00000000099999999995 
0.00000000099999999984 0.71850871542090299915 0.00000000099999999984 0.00000000099999999984 0.00000000099999999984 0.00000000099999999984 0.00000000099999999984 0.28149127757909703229 0.00000000099999999984 
0.00000000099999999994 0.99579431552569575015 0.00000000099999999994 0.00420567747430428216 0.00000000099999999994 0.00000000099999999994 0.00000000099999999994 0.00000000099999999994 0.00000000099999999994 
0.00000000099999999985 0.00000000099999999985 0.00000000099999999985 0.00000000099999999985 0.00000000099999999985 0.99999999200000000421 0.00000000099999999985 0.00000000099999999985 0.00000000099999999985 
0.00000000099999999983 0.99999999200000011523 0.00000000099999999983 0.00000000099999999983 0.00000000099999999983 0.00000000099999999983 0.00000000099999999983 0.00000000099999999983 0.00000000099999999983 
0.00940401874713883874 0.00000000099999999990 0.00000000099999999990 0.36764251689766075382 0.00000000099999999990 0.62295345835520032907 0.00000000099999999990 0.00000000099999999990 0.00000000099999999990 
0.00000000099999999997 0.00000000099999999997 0.00000000099999999997 0.00000000099999999997 0.00000000099999999997 0.95304076789415104187 0.04695922510584913528 0.00000000099999999997 0.00000000099999999997 
0.00000000099999999988 0.07780505043527302655 0.00000000099999999988 0.92219494256472700489 0.00000000099999999988 0.00000000099999999988 0.00000000099999999988 0.00000000099999999988 0.00000000099999999988 
0.00000000099999999996 0.00000000099999999996 0.00000000099999999996 0.00000000099999999996 0.00000000099999999996 0.98295686287789918456 0.00000000099999999996 0.01704313012210091280 0.00000000099999999996 
0.00000000099999999992 0.43387237525411331829 0.00000000099999999992 0.04669597480884342400 0.00000000099999999992 0.01668646846299894071 0.00000000099999999992 0.50274517647404404208 0.00000000099999999992 
0.00000000099999999982 0.00000000099999999982 0.00000000099999999982 0.00000000099999999982 0.00000000099999999982 0.00000000099999999982 0.00000000099999999982 0.00000000099999999982 0.99999999200000000421 
0.00000000099999999972 0.00000000099999999972 0.00000000099999999972 0.00000000099999999972 0.00000000099999999972 0.00000000099999999972 0.00000000099999999972 0.00000000099999999972 0.99999999200000000421 
0.02342942326873716577 0.00000000099999999994 0.69989105632334269735 0.00000000099999999994 0.25735291581953978479 0.00000000099999999994 0.00000000099999999994 0.00000000099999999994 0.01932659958838041717 
0.00000000099999999990 0.00000000099999999990 0.44075491289431345532 0.00000000099999999990 0.52539579421197302178 0.00000000099999999990 0.00000000099999999990 0.00000000099999999990 0.03384928689371362320 
0.04253109490537661935 0.03336863252066629010 0.00000001083167791750 0.88989186122416941149 0.00000000453464726192 0.00000000099999999999 0.03420839298346255858 0.00000000099999999999 0.00000000099999999999 
0.00000000099999999996 0.00000000099999999996 0.68187795908132931011 0.00000000099999999996 0.15517742876529508345 0.07858123660763949303 0.08436337054573610217 0.00000000099999999996 0.00000000099999999996 
0.00000000099999999992 0.00000000099999999992 0.99840780704827358782 0.00000000099999999992 0.00000000099999999992 0.00000000099999999992 0.00159218595172649154 0.00000000099999999992 0.00000000099999999992 
0.00000000099999999997 0.04187955519553777234 0.00000000099999999997 0.83584396996106269384 0.00000000099999999997 0.00000000099999999997 0.00000000099999999997 0.00000000099999999997 0.12227646884339966882 
0.01844181467790263415 0.00000000099999999999 0.38227102101715493276 0.00000000099999999999 0.37425637344639095527 0.01878343004897274279 0.04892986322807626326 0.10727086971480803701 0.05004662586669428315 
0.00000000099999999975 0.00000000099999999975 0.00000000099999999975 0.00000000099999999975 0.00000000099999999975 0.00000000099999999975 0.00000000099999999975 0.00000000099999999975 0.99999999199999989319 
0.00000000099999999998 0.01514654100492682925 0.04101577548031842824 0.80965295601732678588 0.00000000099999999998 0.00000000099999999998 0.00000000099999999998 0.00000000099999999998 0.13418472249742802171 
0.00000000099999999985 0.00000000099999999985 0.00000000099999999985 0.08492700345512410598 0.00000000099999999985 0.00000000204380703228 0.00000000099999999985 0.91507298850106888466 0.00000000099999999985 
0.00000000099999999981 0.00000000099999999981 0.00000000099999999981 0.99999999200000000421 0.00000000099999999981 0.00000000099999999981 0.00000000099999999981 0.00000000099999999981 0.00000000099999999981 
0.00000000099999999983 0.00000000099999999983 0.00000000099999999983 0.00000000099999999983 0.00000000099999999983 0.99999999200000011523 0.00000000099999999983 0.00000000099999999983 0.00000000099999999983 
0.00000000099999999992 0.71435711676532065439 0.00000000099999999992 0.00000000099999999992 0.00000000099999999992 0.00000000099999999992 0.00000000099999999992 0.28564287623467954358 0.00000000099999999992 
0.00000000099999999992 0.00000000099999999992 0.99980019313505996692 0.00000000099999999992 0.00000000099999999992 0.00000000099999999992 0.00019979986494001535 0.00000000099999999992 0.00000000099999999992 
0.00000000100000000000 0.00000000100000000000 0.74326621297902228935 0.17735192247919576158 0.00000000590972451157 0.00025572068790999966 0.07912613267595347555 0.00000000226819376432 0.00000000100000000000 
0.00000000099999999995 0.00000000099999999995 0.43722926432728098645 0.00000000099999999995 0.54598517525549417062 0.00000000099999999995 0.01678555441722486691 0.00000000099999999995 0.00000000099999999995 
0.00000000099999999995 0.00000000099999999995 0.88632256828511535307 0.00000000099999999995 0.00000010505459332164 0.00000000099999999995 0.00000000099999999995 0.00000000099999999995 0.11367732066029126448 
0.00000000099999999986 0.00000000099999999986 0.00000000099999999986 0.00000000099999999986 0.99999999200000011523 0.00000000099999999986 0.00000000099999999986 0.00000000099999999986 0.00000000099999999986 
0.00000000099999999987 0.00000000099999999987 0.90302314952401918635 0.00000000099999999987 0.00000000099999999987 0.00000000099999999987 0.00000000099999999987 0.00000000099999999987 0.09697684347598098387 
0.00000000099999999986 0.00000000099999999986 0.00000000099999999986 0.00000000099999999986 0.00000000099999999986 0.00000000099999999986 0.00000000099999999986 0.99999999200000000421 0.00000000099999999986 
0.00000000099999999993 0.00000000099999999993 0.00000000099999999993 0.00000000099999999993 0.00000000099999999993 0.99999999200000011523 0.00000000099999999993 0.00000000099999999993 0.00000000099999999993 
0.00000000099999999991 0.51207400689718263198 0.00000000099999999991 0.00883617269755865471 0.00000000099999999991 0.00000000099999999991 0.00000000099999999991 0.47908981440525882922 0.00000000099999999991 
0.00000000099999999994 0.59354545378420808799 0.00000000099999999994 0.00000000099999999994 0.00000000099999999994 0.00000000099999999994 0.00000000099999999994 0.40645453921579194345 0.00000000099999999994 
0.00000000099999999982 0.00000000099999999982 0.00000000099999999982 0.00000000099999999982 0.00000000099999999982 0.99999999200000011523 0.00000000099999999982 0.00000000099999999982 0.00000000099999999982 
0.00000000099999999972 0.00000000099999999972 0.00000000099999999972 0.99999999200000011523 0.00000000099999999972 0.00000000099999999972 0.00000000099999999972 0.00000000099999999972 0.00000000099999999972 
0.00000000099999999982 0.00000000099999999982 0.00000000099999999982 0.99999999200000011523 0.00000000099999999982 0.00000000099999999982 0.00000000099999999982 0.00000000099999999982 0.00000000099999999982 
0.00000000099999999979 0.00000000099999999979 0.00000000099999999979 0.00000000099999999979 0.00000000099999999979 0.00000000099999999979 0.00000000099999999979 0.99999999199999989319 0.00000000099999999979 
0.00000000099999999983 0.00000000099999999983 0.00000000099999999983 0.00000000099999999983 0.00000000099999999983 0.00000000099999999983 0.00000000099999999983 0.99999999199999989319 0.00000000099999999983 
0.00000000099999999977 0.99999999200000011523 0.00000000099999999977 0.00000000099999999977 0.00000000099999999977 0.00000000099999999977 0.00000000099999999977 0.00000000099999999977 0.00000000099999999977 
0.00000000099999999984 0.00000000099999999984 0.00000000099999999984 0.99999999200000000421 0.00000000099999999984 0.00000000099999999984 0.00000000099999999984 0.00000000099999999984 0.00000000099999999984 
0.00000000099999999993 0.06335742228046727098 0.00000000099999999993 0.93664257071953282985 0.00000000099999999993 0.00000000099999999993 0.00000000099999999993 0.00000000099999999993 0.00000000099999999993 
0.00000000099999999976 0.99999999200000011523 0.00000000099999999976 0.00000000099999999976 0.00000000099999999976 0.00000000099999999976 0.00000000099999999976 0.00000000099999999976 0.00000000099999999976 
0.00000000099999999985 0.00000000099999999985 0.00000000099999999985 0.00000000099999999985 0.00000000099999999985 0.99999999200000011523 0.00000000099999999985 0.00000000099999999985 0.00000000099999999985 
0.03328485481114736022 0.65919605059161878735 0.00000000099999999996 0.01791069214977180843 0.00000000099999999996 0.04550946824645859395 0.00000000099999999996 0.24409893020100342786 0.00000000099999999996 
0.00000000099999999976 0.00000000099999999976 0.00000000099999999976 0.99999999200000000421 0.00000000099999999976 0.00000000099999999976 0.00000000099999999976 0.00000000099999999976 0.00000000099999999976 
0.00000000099999999985 0.69669718616101072861 0.00000000099999999985 0.00000000099999999985 0.00000000099999999985 0.00000000099999999985 0.00000000099999999985 0.30330280683898930283 0.00000000099999999985 
0.00944707363660165882 0.00000000099999999998 0.38622814747322659068 0.00000000099999999998 0.49973595520175034812 0.02236738525612490258 0.00000000099999999998 0.00000000099999999998 0.08222143443229636139 
0.00000000099999999991 0.01496177264431486700 0.00000000099999999991 0.82972963817988565349 0.00000000099999999991 0.15530858317579948613 0.00000000099999999991 0.00000000099999999991 0.00000000099999999991 
0.01315887281426596916 0.00000000099999999998 0.67217130332944674542 0.00000000099999999998 0.23658328883692242295 0.00000000099999999998 0.00000000099999999998 0.07541875705464273771 0.00266777396472217369 
0.00000000099999999976 0.00000000099999999976 0.00000000099999999976 0.99999999200000011523 0.00000000099999999976 0.00000000099999999976 0.00000000099999999976 0.00000000099999999976 0.00000000099999999976 
0.00000000099999999983 0.99999999200000011523 0.00000000099999999983 0.00000000099999999983 0.00000000099999999983 0.00000000099999999983 0.00000000099999999983 0.00000000099999999983 0.00000000099999999983 
0.00000000099999999986 0.58744762942146910856 0.00000000099999999986 0.00000000099999999986 0.00000000099999999986 0.00000000099999999986 0.00000000099999999986 0.41255236357853097839 0.00000000099999999986 
0.00000000099999999980 0.00000000099999999980 0.00000000099999999980 0.99999999200000000421 0.00000000099999999980 0.00000000099999999980 0.00000000099999999980 0.00000000099999999980 0.00000000099999999980 
0.00000000099999999986 0.49884446791778563890 0.00000000099999999986 0.00000000099999999986 0.00000000099999999986 0.00000000099999999986 0.00000000099999999986 0.50115552508221417050 0.00000000099999999986 
0.06600810838795770352 0.50091458778999364831 0.19457667134828618427 0.00376933075429075832 0.00000000100000000000 0.05072853248118736752 0.03511886915903654482 0.14888389807924770625 0.00000000100000000000 
0.00000000099999999985 0.00000000099999999985 0.00000000099999999985 0.99999999200000011523 0.00000000099999999985 0.00000000099999999985 0.00000000099999999985 0.00000000099999999985 0.00000000099999999985 
0.00000000099999999998 0.37113535321565765956 0.00000000099999999998 0.00000000099999999998 0.00000000099999999998 0.00000000099999999998 0.00000000099999999998 0.62886463978434203881 0.00000000099999999998 
0.00000000099999999994 0.00000000099999999994 0.12864909439710209282 0.00000000099999999994 0.00000000099999999994 0.00000000099999999994 0.45336502921664850740 0.00000000099999999994 0.41798587038624929191 
0.99999999200000022626 0.00000000099999999949 0.00000000099999999949 0.00000000099999999949 0.00000000099999999949 0.00000000099999999949 0.00000000099999999949 0.00000000099999999949 0.00000000099999999949 
0.00000000099999999988 0.00000000099999999988 0.45189988408063830327 0.00000000099999999988 0.53490938934141507577 0.00000000099999999988 0.01319072057794668830 0.00000000099999999988 0.00000000099999999988 
0.00000000099999999990 0.00000000099999999990 0.99999998828673752893 0.00000000099999999990 0.00000000099999999990 0.00000000099999999990 0.00000000099999999990 0.00000000099999999990 0.00000000471326263760 
0.00000000099999999992 0.00000000099999999992 0.99999999200000011523 0.00000000099999999992 0.00000000099999999992 0.00000000099999999992 0.00000000099999999992 0.00000000099999999992 0.00000000099999999992 
0.00000000099999999992 0.00000000099999999992 0.96304991944916207292 0.00000000099999999992 0.00000000099999999992 0.00000000099999999992 0.00000000099999999992 0.00000000099999999992 0.03695007355083793771 
0.00000000099999999986 0.00000000099999999986 0.00000000099999999986 0.00000000099999999986 0.99999999200000000421 0.00000000099999999986 0.00000000099999999986 0.00000000099999999986 0.00000000099999999986 
0.00336834075437960397 0.00000000099999999999 0.44835365207760652373 0.01952383683918795104 0.26241763925830946524 0.00000000099999999999 0.00000000099999999999 0.08093631986712965243 0.18540020820338692920 
0.00000000099999999990 0.00000000099999999990 0.99999999200000000421 0.00000000099999999990 0.00000000099999999990 0.00000000099999999990 0.00000000099999999990 0.00000000099999999990 0.00000000099999999990 
0.00000000099999999975 0.00000000099999999975 0.00000000099999999975 0.99999999200000011523 0.00000000099999999975 0.00000000099999999975 0.00000000099999999975 0.00000000099999999975 0.00000000099999999975 
0.01105438576545709171 0.00000000099999999996 0.48609736005195430808 0.00000000099999999996 0.46666717200000823462 0.00000000099999999996 0.00000000099999999996 0.00000000099999999996 0.03618107718258041505 
0.99999999200000011523 0.00000000099999999951 0.00000000099999999951 0.00000000099999999951 0.00000000099999999951 0.00000000099999999951 0.00000000099999999951 0.00000000099999999951 0.00000000099999999951 
0.00000000099999999992 0.00000000099999999992 0.33410143386287072254 0.00000000099999999992 0.60271461571457474182 0.00000000099999999992 0.06318394442255449717 0.00000000099999999992 0.00000000099999999992 
0.00000000099999999986 0.00000000099999999986 0.00000000099999999986 0.00000000099999999986 0.00000000099999999986 0.00000000099999999986 0.24735800446711972422 0.00000000099999999986 0.75264198853288022395 
0.00000000099999999985 0.29063988173775806567 0.00000000099999999985 0.00000000099999999985 0.00000000099999999985 0.00000000099999999985 0.00000000099999999985 0.70936011126224163270 0.00000000099999999985 
0.00000000099999999977 0.00000000099999999977 0.00000000099999999977 0.00000000099999999977 0.00000000099999999977 0.00000000099999999977 0.00000000099999999977 0.00000000099999999977 0.99999999199999989319 
0.00000000099999999986 0.00000000099999999986 0.00000000099999999986 0.00000000099999999986 0.00000000099999999986 0.00000000099999999986 0.48656980462574539459 0.00000000099999999986 0.51343018837425458134 
0.00000000099999999989 0.00000000099999999989 0.00000000099999999989 0.00000000099999999989 0.99999999200000000421 0.00000000099999999989 0.00000000099999999989 0.00000000099999999989 0.00000000099999999989 
0.00000000099999999996 0.00000000099999999996 0.60546027971057680972 0.00000000099999999996 0.27994334522251240749 0.02271140113172946326 0.09188496893518127706 0.00000000099999999996 0.00000000099999999996 
0.00000000099999999984 0.00000000099999999984 0.00000000099999999984 0.00000000099999999984 0.00000000099999999984 0.00000000099999999984 0.00000000099999999984 0.00000000099999999984 0.99999999199999989319 
0.00000000099999999984 0.00000000099999999984 0.00000000099999999984 0.00000000099999999984 0.00000000099999999984 0.00000000099999999984 0.00000000099999999984 0.00000000099999999984 0.99999999200000000421 
0.00000000099999999991 0.00000000099999999991 0.89367332357048046010 0.00000000099999999991 0.00000000099999999991 0.00000000099999999991 0.00000000099999999991 0.00000000099999999991 0.10632666942951966849 
0.00000000099999999984 0.63692458907685278735 0.00000000099999999984 0.00000000099999999984 0.00000000099999999984 0.00000000099999999984 0.00000000099999999984 0.36307540392314724409 0.00000000099999999984 
0.00651528190321316262 0.00000000099999999998 0.34613091154758901524 0.00729468044720213513 0.54346317923956521945 0.00000000099999999998 0.00000000099999999998 0.00000000099999999998 0.09659594286243050609 
0.00000000099999999985 0.00000000099999999985 0.00000000099999999985 0.00000000099999999985 0.00000000099999999985 0.00000000099999999985 0.56383661143842245256 0.00000000099999999985 0.43616338156157763439 
0.00000000099999999997 0.00000000099999999997 0.90832905728720070293 0.00000000099999999997 0.00000000274684518194 0.03123248106312153174 0.06043845390283248548 0.00000000099999999997 0.00000000099999999997 
0.00000000099999999996 0.00000000099999999996 0.62183455170566004355 0.00000000099999999996 0.30728432898471635948 0.00000000099999999996 0.00000000099999999996 0.00000000099999999996 0.07088111330962378054 
0.00000000099999999984 0.00000000099999999984 0.00000000099999999984 0.00000000099999999984 0.00000000099999999984 0.00000000099999999984 0.00000000099999999984 0.00000000099999999984 0.99999999200000000421 
0.00000000099999999982 0.00000000099999999982 0.00000000099999999982 0.00000000099999999982 0.00000000099999999982 0.00000000099999999982 0.00000000099999999982 0.99999999199999989319 0.00000000099999999982 
0.00000000099999999992 0.00000000099999999992 0.00000000099999999992 0.00000000099999999992 0.00000000099999999992 0.00000000099999999992 0.52637070498836902033 0.00000000099999999992 0.47362928801163106662 
0.00000000099999999997 0.00582623667984771398 0.75939918627671254558 0.00000000099999999997 0.18635279632410423067 0.00000000099999999997 0.00000000099999999997 0.00000000099999999997 0.04842177571933583419 
0.00000000099999999998 0.00000000099999999998 0.52392222199363747137 0.00000000099999999998 0.38778814194260058379 0.03306997303574484709 0.05521965802801704487 0.00000000099999999998 0.00000000099999999998 
0.00000000099999999982 0.00000000099999999982 0.00000000099999999982 0.00000000099999999982 0.99999999200000000421 0.00000000099999999982 0.00000000099999999982 0.00000000099999999982 0.00000000099999999982 
0.00000000099999999984 0.71912081949145478799 0.00000000099999999984 0.00000000099999999984 0.00000000099999999984 0.00000000099999999984 0.00000000099999999984 0.28087917350854529897 0.00000000099999999984 
0.00000000099999999996 0.00000000099999999996 0.79250636336722624087 0.00000000099999999996 0.00000000099999999996 0.14570890996511534632 0.06178472066765842291 0.00000000099999999996 0.00000000099999999996 
0.00000000099999999985 0.00000000099999999985 0.00000000099999999985 0.00000000099999999985 0.99999999200000011523 0.00000000099999999985 0.00000000099999999985 0.00000000099999999985 0.00000000099999999985 
0.00000000099999999991 0.00000000099999999991 0.57032779571661362805 0.00000000099999999991 0.42967219728338645890 0.00000000099999999991 0.00000000099999999991 0.00000000099999999991 0.00000000099999999991 
0.00000001372132940538 0.00000000099999999997 0.99964871815507705399 0.00000000099999999997 0.00000000099999999997 0.00000000099999999997 0.00035126212359352135 0.00000000099999999997 0.00000000099999999997 
0.00000000099999999998 0.00000000099999999998 0.12773292797735802395 0.00000000099999999998 0.00007624287535618183 0.01078765462193951447 0.23309249912607440947 0.02749259581862883300 0.60081807658064301236 
0.00000000099999999998 0.30181649214556710570 0.00000000099999999998 0.00000000099999999998 0.00000000099999999998 0.00000000099999999998 0.00000000099999999998 0.55851343992336577315 0.13967006193106690226 
0.00000000099999999997 0.00000000099999999997 0.68267674760009666723 0.00000000099999999997 0.20531442940786331919 0.06740407199864616172 0.00000000099999999997 0.00000000099999999997 0.04460474599339388224 
0.00000000099999999963 0.00000000099999999963 0.00000000099999999963 0.00000000099999999963 0.00000000099999999963 0.00000000099999999963 0.99999999200000000421 0.00000000099999999963 0.00000000099999999963 
0.00000000099999999992 0.00000000099999999992 0.00000000099999999992 0.00000000099999999992 0.00000000099999999992 0.00000000099999999992 0.99999999200000000421 0.00000000099999999992 0.00000000099999999992 
0.00000000099999999998 0.00000000099999999998 0.32735422422939747245 0.05014758930808679155 0.00000000099999999998 0.00000000099999999998 0.28831200612764429358 0.00000000099999999998 0.33418617533487138260 
0.00000000099999999997 0.00000000099999999997 0.08155745961273914990 0.00000000099999999997 0.00000000099999999997 0.00000002748958854375 0.46522970255761447733 0.45321280534005770058 0.00000000099999999997 
0.00000000099999999986 0.00000000099999999986 0.99999999200000011523 0.00000000099999999986 0.00000000099999999986 0.00000000099999999986 0.00000000099999999986 0.00000000099999999986 0.00000000099999999986 
0.02393143898443019987 0.24420223049589082076 0.35892830491763327849 0.05719966217461431440 0.00002166836130531682 0.00000000100000000000 0.00000000100000000000 0.17322925393777138803 0.14248743912835470926 
0.00000000099999999997 0.00000000099999999997 0.64515223692769396724 0.00000000099999999997 0.11369078484339378843 0.20524745475688596641 0.00000000099999999997 0.00000000099999999997 0.03590951847202634994 
0.00000000099999999996 0.00000000099999999996 0.99999999200000000421 0.00000000099999999996 0.00000000099999999996 0.00000000099999999996 0.00000000099999999996 0.00000000099999999996 0.00000000099999999996 
