0.11380434533319079560 0.33098343006069552708 0.55459624685027153479 0.00000000099999999999 0.00061597575584218262 0.00000000099999999999 
0.97275304426244213474 0.00000000099999999998 0.00000016078172230826 0.02724679195583568081 0.00000000099999999998 0.00000000099999999998 
0.83377726260496975996 0.00480764235950104785 0.13811782257613813840 0.00009500654889213279 0.00000000099999999999 0.02320226491049896117 
0.92500788651640852844 0.00000000099999999998 0.06506725483601481785 0.00992485564757661885 0.00000000099999999998 0.00000000099999999998 
0.89571711592419356318 0.00000000099999999997 0.10428288007580648056 0.00000000099999999997 0.00000000099999999997 0.00000000099999999997 
0.99999999034623998639 0.00000000099999999996 0.00000000565376014896 0.00000000099999999996 0.00000000099999999996 0.00000000099999999996 
0.00000000099999999991 0.00000000099999999991 0.00000000099999999991 0.02821492817125094421 0.00000000099999999991 0.97178506782874907177 
0.00000000099999999990 0.00000000099999999990 0.99999999499999991937 0.00000000099999999990 0.00000000099999999990 0.00000000099999999990 
0.92684400721488136021 0.00000000099999999994 0.05647223829834246978 0.00000000099999999994 0.01668375148677614384 0.00000000099999999994 
0.00000000099999999991 0.00000000099999999991 0.00000000099999999991 0.00000000099999999991 0.00000000099999999991 0.99999999500000003039 
0.00000000099999999995 0.00000002809790559245 0.00000000099999999995 0.00000087469640648527 0.00000000099999999995 0.99999909420568777740 
0.00000000099999999995 0.00000000099999999995 0.00000000099999999995 0.00000000099999999995 0.00000000099999999995 0.99999999500000003039 
0.00000000099999999989 0.00000000099999999989 0.00000000099999999989 0.99999999499999991937 0.00000000099999999989 0.00000000099999999989 
0.12486458785738732691 0.16976885575705302767 0.00000308965249693873 0.15465763197894766279 0.00000000099999999999 0.55070583375411485960 
0.00000000099999999999 0.41156980371417389852 0.16588293316847554926 0.42254725985399643751 0.00000000099999999999 0.00000000126335429390 
0.00000000099999999992 0.00000000099999999992 0.00000000099999999992 0.00007994506729300127 0.00000000099999999992 0.99992005093270708294 
0.00256390772318216111 0.24026586649061165701 0.10374845294829318498 0.20502805342711447056 0.00000000099999999999 0.44839371841079866954 
0.04256479365662901859 0.23994605257969278678 0.52770643064207745088 0.18978272112160082807 0.00000000099999999999 0.00000000099999999999 
0.00000000099999999977 0.99999999500000014141 0.00000000099999999977 0.00000000099999999977 0.00000000099999999977 0.00000000099999999977 
0.00000000099999999998 0.49518157256197542493 0.00000000099999999998 0.50481077627979908939 0.00000000099999999998 0.00000764815822536193 
0.00000000099999999980 0.00000000099999999980 0.00000000099999999980 0.99999999500000003039 0.00000000099999999980 0.00000000099999999980 
0.00000000099999999994 0.00000000099999999994 0.00000000099999999994 0.02175866380179899626 0.00000000099999999994 0.97824133219820108565 
0.00000000099999999984 0.99999999500000003039 0.00000000099999999984 0.00000000099999999984 0.00000000099999999984 0.00000000099999999984 
0.84307117961946986817 0.00000000099999999998 0.10578383980124560215 0.05114497757928464228 0.00000000099999999998 0.00000000099999999998 
0.00000000099999999994 0.00000000099999999994 0.00000000099999999994 0.02599802698205905607 0.00000000099999999994 0.97400196901794100501 
0.00000000099999999995 0.00000000099999999995 0.00000000099999999995 0.00112236634605357194 0.00000000099999999995 0.99887762965394655268 
0.00000000099999999994 0.00000000099999999994 0.00000000099999999994 0.99999999499999991937 0.00000000099999999994 0.00000000099999999994 
0.94347575537240391252 0.00272687608988268554 0.01876388353736441889 0.02798461588776518863 0.00704886811258392462 0.00000000099999999999 
0.93538205167186005973 0.00000000099999999996 0.06461794432813994238 0.00000000099999999996 0.00000000099999999996 0.00000000099999999996 
0.00000000099999999999 0.00000000099999999999 0.00000010697971666696 0.00012984718887838038 0.00000000099999999999 0.99987004283140501482 
0.00000000103419979325 0.03369036556439759800 0.08337730860589440129 0.00000113600843401396 0.00007745359238225428 0.88285373519469190207 
0.00000000099999999997 0.01664226180507052261 0.00000000099999999997 0.03488963000960290661 0.01484425257591812965 0.93362385360940847168 
0.91268281680125795674 0.00000000099999999999 0.01657618322171214992 0.07026047592655640384 0.00000009736838752243 0.00048042568208593616 
0.00000000099999999983 0.00000000099999999983 0.00000000099999999983 0.00000000099999999983 0.99999999499999991937 0.00000000099999999983 
0.84546659138220836560 0.00000000099999999999 0.10572382893984202945 0.00611262275031338679 0.04269695492763624090 0.00000000099999999999 
0.00000000099999999996 0.00151379897034703147 0.00000000099999999996 0.00000000099999999996 0.00000000099999999996 0.99848619702965313305 
0.00000000099999999989 0.99999999500000003039 0.00000000099999999989 0.00000000099999999989 0.00000000099999999989 0.00000000099999999989 
0.00000000099999999973 0.00000000099999999973 0.00000000099999999973 0.00000000099999999973 0.99999999500000003039 0.00000000099999999973 
0.00000000099999999996 0.00000000099999999996 0.00000000099999999996 0.00000000099999999996 0.00000000099999999996 0.99999999500000003039 
0.00000000099999999993 0.00810240306199965822 0.00000000099999999993 0.00000000099999999993 0.00000000099999999993 0.99189759293800039419 
0.00000000099999999995 0.00000847155564650367 0.00000000099999999995 0.04125476640537843742 0.00000000099999999995 0.95873675903897503936 
0.00000000099999999992 0.00000000099999999992 0.99999999500000003039 0.00000000099999999992 0.00000000099999999992 0.00000000099999999992 
0.07286188842781095298 0.00000000100000000000 0.83510888538342953336 0.00132391259722520896 0.00486963101218391720 0.08583568157935042575 
0.00000000099999999993 0.00000000099999999993 0.00000000099999999993 0.99999999500000003039 0.00000000099999999993 0.00000000099999999993 
0.50756099236109120110 0.00000000099999999998 0.00816797822537793615 0.48427102641353086954 0.00000000099999999998 0.00000000099999999998 
0.00000000199048824659 0.00000000099999999991 0.99999999400951167239 0.00000000099999999991 0.00000000099999999991 0.00000000099999999991 
0.00000000099999999998 0.00000000099999999998 0.00000000099999999998 0.01059859769115389060 0.00848907539841343289 0.98091232391043259309 
0.00000000099999999990 0.00000000099999999990 0.99999999499999991937 0.00000000099999999990 0.00000000099999999990 0.00000000099999999990 
0.00000000099999999993 0.00000000099999999993 0.99999999500000003039 0.00000000099999999993 0.00000000099999999993 0.00000000099999999993 
0.00000000099999999991 0.00000000099999999991 0.99999999500000003039 0.00000000099999999991 0.00000000099999999991 0.00000000099999999991 
0.85893714642602059239 0.00000000099999999998 0.11371680356531171929 0.00000221535875120015 0.02734383264991656348 0.00000000099999999998 
0.00000000099999999986 0.00000000099999999986 0.99999999499999991937 0.00000000099999999986 0.00000000099999999986 0.00000000099999999986 
0.00669220711087748551 0.00000000099999999990 0.99330778888912252267 0.00000000099999999990 0.00000000099999999990 0.00000000099999999990 
0.00000000099999999995 0.00176387489139267378 0.00000000099999999995 0.48015758892746146502 0.00055774672035305306 0.51752078746079266391 
0.80266213906317418481 0.01205014913834649010 0.16631031680822727647 0.01897724384635103567 0.00000014950085512585 0.00000000164304584217 
0.40415426642815022173 0.00000000099999999998 0.59285783538720915331 0.00000000099999999998 0.00298789518464068335 0.00000000099999999998 
0.00008468047147272362 0.00000000099999999994 0.99991531552852719322 0.00000000099999999994 0.00000000099999999994 0.00000000099999999994 
0.99170733538052069367 0.00000000099999999997 0.00001417622825218773 0.00000000099999999997 0.00827848539122710836 0.00000000099999999997 
0.00264141627321237867 0.00000000099999999993 0.99735857972678776395 0.00000000099999999993 0.00000000099999999993 0.00000000099999999993 
0.99999999500000003039 0.00000000099999999994 0.00000000099999999994 0.00000000099999999994 0.00000000099999999994 0.00000000099999999994 
0.97278471891160078755 0.00000000099999999995 0.02721527708839924231 0.00000000099999999995 0.00000000099999999995 0.00000000099999999995 
0.04074554820291648172 0.00000000099999999996 0.95925444779708357590 0.00000000099999999996 0.00000000099999999996 0.00000000099999999996 
0.00000000099999999991 0.00000000099999999991 0.99999999500000003039 0.00000000099999999991 0.00000000099999999991 0.00000000099999999991 
0.00000002432959092744 0.92416747430609613723 0.00000021355343161292 0.00000000099999999999 0.00000000099999999999 0.07583228581088136133 
0.96863261609184303502 0.00000000099999999995 0.03136737990815705035 0.00000000099999999995 0.00000000099999999995 0.00000000099999999995 
0.00045960289717272861 0.00465784210346649637 0.97789018444006536868 0.00000000099999999998 0.01699236855929548221 0.00000000099999999998 
0.00000000099999999990 0.99999999500000014141 0.00000000099999999990 0.00000000099999999990 0.00000000099999999990 0.00000000099999999990 
0.00000000099999999997 0.00006040145280177148 0.00000000099999999997 0.00000603043037504505 0.00935654148759509745 0.99057702462922803122 
0.99999999500000003039 0.00000000099999999996 0.00000000099999999996 0.00000000099999999996 0.00000000099999999996 0.00000000099999999996 
0.00000000099999999994 0.99999999500000003039 0.00000000099999999994 0.00000000099999999994 0.00000000099999999994 0.00000000099999999994 
0.00000000099999999992 0.99846712103369039681 0.00000000099999999992 0.00153287496630969723 0.00000000099999999992 0.00000000099999999992 
0.00000000099999999996 0.97824044859535341789 0.00000000099999999996 0.00000000099999999996 0.00000000099999999996 0.02175954740464675075 
0.00000000099999999992 0.00000000099999999992 0.00000000099999999992 0.99999999499999991937 0.00000000099999999992 0.00000000099999999992 
0.00000000099999999995 0.37735710607347205947 0.00000000099999999995 0.61977836478759151806 0.00286452613893628484 0.00000000099999999995 
0.00019917995067807401 0.27478722938056837632 0.14034057228655380523 0.53622817699295877159 0.02537849822106123462 0.02306634316817980992 
0.00000000099999999993 0.00000000099999999993 0.00000000099999999993 0.99999999500000003039 0.00000000099999999993 0.00000000099999999993 
0.00000000099999999993 0.00000000099999999993 0.00000000099999999993 0.00000000099999999993 0.00000000099999999993 0.99999999499999991937 
0.00000000099999999989 0.99999999500000003039 0.00000000099999999989 0.00000000099999999989 0.00000000099999999989 0.00000000099999999989 
0.00000000099999999993 0.34102830010399021177 0.00000000099999999993 0.64135326701630190893 0.01761842987970789476 0.00000000099999999993 
0.00000000099999999994 0.37448547371541013318 0.00000000099999999994 0.60156492480128787026 0.02394959848330182120 0.00000000099999999994 
0.00000000099999999999 0.85259843684051028756 0.00000000099999999999 0.03744469825757963666 0.03716016503616079159 0.07279669786574920198 
0.20230992959912616480 0.07584126779760951009 0.00023162799313774913 0.55206910884775539650 0.00916158390282673964 0.16038648185954451630 
0.13374470094429710687 0.07073300073467021776 0.00298773678089636879 0.00003492584867325411 0.00263951645101111665 0.78986011924045185228 
0.00000000099999999993 0.00000000099999999993 0.00000000099999999993 0.99999999499999991937 0.00000000099999999993 0.00000000099999999993 
0.00000000099999999998 0.99067635465204573197 0.00000000099999999998 0.00000021589599088014 0.00930545234978231821 0.00001797510218110927 
0.00000000099999999992 0.00000000099999999992 0.00000000099999999992 0.00000000099999999992 0.00000000099999999992 0.99999999500000003039 
0.00000000099999999997 0.03528684510043524764 0.00000000099999999997 0.03423438798432357211 0.00000000099999999997 0.93047876391524131368 
0.00000000099999999992 0.00000000099999999992 0.00000000099999999992 0.99999999412510132135 0.00000000099999999992 0.00000000187489870712 
0.00000000099999999996 0.01195469986591320664 0.00000000099999999996 0.00425500179710981523 0.00000000099999999996 0.98379029533697692766 
0.00000000099999999995 0.36814352465321592556 0.00000000099999999995 0.62185904085417409437 0.00999743149260998512 0.00000000099999999995 
0.00000000099999999998 0.00000000099999999998 0.03924297524885576871 0.96075702075114433054 0.00000000099999999998 0.00000000099999999998 
0.00000000099999999993 0.93189304091738567326 0.00000000099999999993 0.00000000099999999993 0.00000000099999999993 0.06810695508261441211 
0.00000000099999999997 0.00000000099999999997 0.00000000099999999997 0.98755426927719469621 0.00000000099999999997 0.01244572672280534580 
0.00000000099999999996 0.04873524303439841221 0.00000000099999999996 0.01884293765399487272 0.00000000099999999996 0.93242181631160669930 
0.00000000099999999991 0.00000000099999999991 0.99999999500000003039 0.00000000099999999991 0.00000000099999999991 0.00000000099999999991 
0.00000000099999999982 0.00000000099999999982 0.99999999499999991937 0.00000000099999999982 0.00000000099999999982 0.00000000099999999982 
0.95551653955467585888 0.00000000099999999996 0.01495885883547834819 0.00000000099999999996 0.02952459860984587778 0.00000000099999999996 
0.97982814925224903657 0.00000000099999999995 0.02017167225402875450 0.00000000099999999995 0.00000017549372230406 0.00000000099999999995 
0.00847540044778711914 0.90787339694265256629 0.02480242510651857121 0.00905440650231290577 0.04918868552876665828 0.00060568547196214765 
0.85982158621473514515 0.00000000099999999997 0.05861763999787716894 0.08156077078738759034 0.00000000099999999997 0.00000000099999999997 
0.99999163891892539624 0.00000000099999999997 0.00000362733033662912 0.00000000099999999997 0.00000473075073783015 0.00000000099999999997 
0.00000000099999999999 0.85340479555739834350 0.12378772120400101386 0.00000000099999999999 0.00423092856592934084 0.01857655267267119270 
0.75061754875869235448 0.00000000099999999999 0.10032181363495377979 0.02387242512762137100 0.02097067864689420094 0.10421753283183850247 
0.00000000099999999988 0.00000000099999999988 0.99999999500000003039 0.00000000099999999988 0.00000000099999999988 0.00000000099999999988 
0.04970309770528802407 0.82428578686333897618 0.12588445188971197908 0.00001839207800887782 0.00000000099999999999 0.00010827046365222194 
0.00000000099999999993 0.08531213978366418427 0.00000000099999999993 0.02180680905336629047 0.00000000099999999993 0.89288104816296964827 
0.00000000099999999988 0.99999999500000014141 0.00000000099999999988 0.00000000099999999988 0.00000000099999999988 0.00000000099999999988 
0.00000000099999999990 0.00000000099999999990 0.00000000099999999990 0.99999999499999991937 0.00000000099999999990 0.00000000099999999990 
0.00000000099999999996 0.00000000099999999996 0.00000000099999999996 0.00076252991832462085 0.00000000099999999996 0.99923746608167540728 
0.99999790591307580190 0.00000000099999999996 0.00000209008692423586 0.00000000099999999996 0.00000000099999999996 0.00000000099999999996 
0.77994520935037470188 0.17021076409099406002 0.03960999827171246546 0.01017015542024283722 0.00006375540263635496 0.00000011746403944613 
0.96685392950816451130 0.00000000099999999998 0.03288771586531426261 0.00025835162652113888 0.00000000099999999998 0.00000000099999999998 
0.93047196082787930749 0.00000000099999999997 0.06952803517212077788 0.00000000099999999997 0.00000000099999999997 0.00000000099999999997 
0.94155334301901061345 0.00000000099999999999 0.05761699817060033507 0.00000002652016031287 0.00000000099999999999 0.00082963029022890106 
0.91799600206364195820 0.00000000099999999992 0.08200399393635801615 0.00000000099999999992 0.00000000099999999992 0.00000000099999999992 
0.00000000099999999996 0.02550537097242868909 0.00000000099999999996 0.00796481809208427101 0.00000000099999999996 0.96652980793548715077 
0.00000000099999999996 0.00000000099999999996 0.00000000099999999996 0.99999999500000003039 0.00000000099999999996 0.00000000099999999996 
0.00000000099999999995 0.01427923166802766604 0.00000000099999999995 0.00030489357026495812 0.00000000099999999995 0.98541587176170741813 
0.00000000099999999997 0.00000101368043904304 0.00000000099999999997 0.00000000099999999997 0.00000000099999999997 0.99999898231956096950 
0.00000000099999999989 0.00000000099999999989 0.00000000099999999989 0.99999999500000003039 0.00000000099999999989 0.00000000099999999989 
0.00000000099999999984 0.99999999500000014141 0.00000000099999999984 0.00000000099999999984 0.00000000099999999984 0.00000000099999999984 
0.00000000099999999990 0.99999999500000014141 0.00000000099999999990 0.00000000099999999990 0.00000000099999999990 0.00000000099999999990 
0.00000000099999999991 0.00000000099999999991 0.00000000099999999991 0.00000000099999999991 0.00000000099999999991 0.99999999499999991937 
0.00000000099999999993 0.00000000099999999993 0.00000000099999999993 0.00000000099999999993 0.00000000099999999993 0.99999999500000003039 
0.00000000099999999992 0.00000010510863700096 0.00000000099999999992 0.00000000099999999992 0.00000000099999999992 0.99999989089136298581 
0.00000000099999999991 0.99999999500000014141 0.00000000099999999991 0.00000000099999999991 0.00000000099999999991 0.00000000099999999991 
0.00000000099999999998 0.96128994482408824940 0.00000000099999999998 0.00000004797287040200 0.00000000383149299508 0.03871000137154834153 
0.00000000099999999993 0.00000000099999999993 0.00000000099999999993 0.00000000099999999993 0.00000000099999999993 0.99999999500000003039 
0.00000000099999999991 0.00000000099999999991 0.00000000099999999991 0.99999999499999991937 0.00000000099999999991 0.00000000099999999991 
0.00000000099999999999 0.03095033335041750752 0.00000000099999999999 0.05787150378583866273 0.03349055383250464785 0.87768760703123915867 
0.00000000099999999986 0.99999999500000003039 0.00000000099999999986 0.00000000099999999986 0.00000000099999999986 0.00000000099999999986 
0.00000000099999999992 0.00002975346239166076 0.00000000099999999992 0.00000000099999999992 0.00000000099999999992 0.99997024253760846690 
0.86428479927573598207 0.00000000099999999999 0.09430702197871917991 0.02946726189287292297 0.01194091485267188488 0.00000000099999999999 
0.00000000099999999996 0.83401647034590964402 0.00000000099999999996 0.15777920482369534039 0.00000387122968614732 0.00820045160070895750 
0.90942806773279505350 0.00000000099999999998 0.00054895056465203312 0.00000000099999999998 0.01554879429531196185 0.07447418540724108638 
0.00000000099999999986 0.99999999500000003039 0.00000000099999999986 0.00000000099999999986 0.00000000099999999986 0.00000000099999999986 
0.00000000099999999995 0.00000004611041056247 0.00000000099999999995 0.00029023052375786763 0.00000000099999999995 0.99970972036583150011 
0.00000000099999999991 0.00000000099999999991 0.00000000099999999991 0.00000000099999999991 0.00000000099999999991 0.99999999499999991937 
0.00000000099999999989 0.99999999500000014141 0.00000000099999999989 0.00000000099999999989 0.00000000099999999989 0.00000000099999999989 
0.00000000099999999992 0.00000000099999999992 0.00000000099999999992 0.00000000099999999992 0.00000000099999999992 0.99999999500000003039 
0.19321281881966945182 0.01338620377743552844 0.03431176063472608784 0.04516347019400795276 0.07035396828332528274 0.64357177829083578313 
0.00000000099999999991 0.99999999500000003039 0.00000000099999999991 0.00000000099999999991 0.00000000099999999991 0.00000000099999999991 
0.00000000099999999999 0.00076903608629529747 0.00001226275345255213 0.00000000099999999999 0.00000000099999999999 0.99921869816025221667 
0.13798231963742746409 0.00000000099999999996 0.85736029854586515153 0.00000000099999999996 0.00465737881670742846 0.00000000099999999996 
0.00000000099999999969 0.00000000099999999969 0.00000000099999999969 0.00000000099999999969 0.99999999499999991937 0.00000000099999999969 
0.99990457149996314623 0.00000000099999999993 0.00009542450003696882 0.00000000099999999993 0.00000000099999999993 0.00000000099999999993 
0.98807686257644355976 0.00000000099999999995 0.01192313342355645796 0.00000000099999999995 0.00000000099999999995 0.00000000099999999995 
0.99999963056002183492 0.00000000099999999997 0.00000036543997831899 0.00000000099999999997 0.00000000099999999997 0.00000000099999999997 
0.99633602489899220078 0.00000000099999999997 0.00366396743520829146 0.00000000466579946555 0.00000000099999999997 0.00000000099999999997 
0.95894845012858775934 0.01449278990466745798 0.02655875696674475303 0.00000000099999999998 0.00000000099999999998 0.00000000099999999998 
0.71623924891968415718 0.02051236628705299311 0.17710269853132923346 0.00000000100000000000 0.00578298899437678683 0.08036269626755683515 
0.99999999500000003039 0.00000000099999999994 0.00000000099999999994 0.00000000099999999994 0.00000000099999999994 0.00000000099999999994 
0.00000000099999999985 0.99999999500000003039 0.00000000099999999985 0.00000000099999999985 0.00000000099999999985 0.00000000099999999985 
0.94184743775887758144 0.00000000099999999998 0.04196446021696824402 0.00000000099999999998 0.01618809902415418306 0.00000000099999999998 
0.00000000099999999970 0.00000000099999999970 0.00000000099999999970 0.00000000099999999970 0.99999999499999991937 0.00000000099999999970 
0.96236433362889439724 0.00000000099999999997 0.03763566237110566037 0.00000000099999999997 0.00000000099999999997 0.00000000099999999997 
0.00000000542446892415 0.00000000099999999990 0.99999999057553101700 0.00000000099999999990 0.00000000099999999990 0.00000000099999999990 
0.00000000099999999992 0.00000000099999999992 0.00000000099999999992 0.00000000099999999992 0.00000000099999999992 0.99999999499999991937 
0.00000000099999999987 0.00000000099999999987 0.99999999499999991937 0.00000000099999999987 0.00000000099999999987 0.00000000099999999987 
0.00000001093996111259 0.00000000099999999990 0.99999998506003895393 0.00000000099999999990 0.00000000099999999990 0.00000000099999999990 
0.91409624637099096134 0.00000000964632512501 0.05648671864855959318 0.01388600058808116440 0.00575777195467627300 0.00977325279136697679 
0.89627871145961124366 0.00000000099999999997 0.07708411742284612678 0.02663716811754271441 0.00000000099999999997 0.00000000099999999997 
0.00000000099999999993 0.00000000099999999993 0.99999999500000003039 0.00000000099999999993 0.00000000099999999993 0.00000000099999999993 
0.00000000099999999990 0.00000000099999999990 0.99999999499999991937 0.00000000099999999990 0.00000000099999999990 0.00000000099999999990 
0.91736003142488908857 0.00000000099999999998 0.08263379660042849406 0.00000031028860880993 0.00000585968607350331 0.00000000099999999998 
0.00000000099999999992 0.00000000099999999992 0.00000000099999999992 0.00000000099999999992 0.00000000099999999992 0.99999999499999991937 
0.88330550597167145632 0.01697988214095137033 0.08941609347543748310 0.00001675856051936372 0.01028175885142021927 0.00000000100000000000 
0.00000000099999999989 0.00000000099999999989 0.99999999500000003039 0.00000000099999999989 0.00000000099999999989 0.00000000099999999989 
0.93744048169025318007 0.00000000099999999999 0.02993088171450866697 0.03234310823985552669 0.00028552635538260760 0.00000000099999999999 
0.94173767867728697123 0.00000000099999999997 0.05826231732271310026 0.00000000099999999997 0.00000000099999999997 0.00000000099999999997 
0.00000000099999999991 0.00000000099999999991 0.99999999500000003039 0.00000000099999999991 0.00000000099999999991 0.00000000099999999991 
0.00000000099999999992 0.00000000099999999992 0.00000000099999999992 0.00000000099999999992 0.00000000099999999992 0.99999999499999991937 
0.00000000099999999995 0.00000000099999999995 0.99999999500000003039 0.00000000099999999995 0.00000000099999999995 0.00000000099999999995 
0.96915220174650074103 0.00408217611902624098 0.02676561792260465089 0.00000000099999999999 0.00000000099999999999 0.00000000221186826575 
0.93268152734658715808 0.00054819222559727965 0.02595897083951389031 0.04081130758830159300 0.00000000100000000000 0.00000000100000000000 
0.94961537708563736881 0.00000000099999999996 0.04505076688309960636 0.00533385303126302380 0.00000000099999999996 0.00000000099999999996 
0.00000000099999999991 0.00000000099999999991 0.00000000099999999991 0.00000000099999999991 0.00000000099999999991 0.99999999500000003039 
0.80015660575130254095 0.00000000099999999998 0.05838130967151845124 0.14146208157717893306 0.00000000099999999998 0.00000000099999999998 
0.91619707182300669235 0.00000000099999999998 0.07358803081681711267 0.00100777833709113493 0.00920711702308515262 0.00000000099999999998 
0.99999999500000003039 0.00000000099999999994 0.00000000099999999994 0.00000000099999999994 0.00000000099999999994 0.00000000099999999994 
0.97734348486283850743 0.00000000099999999999 0.00160105531670957945 0.00000000252969991561 0.02105545529075205854 0.00000000099999999999 
0.13806931541554337550 0.00000000099999999999 0.82314250451342785286 0.01722174988875399548 0.00000000099999999999 0.02156642818227478414 
0.00000043489023443611 0.00000000099999999999 0.13441582383977621062 0.00000000099999999999 0.00000000148131933103 0.86558373778867003789 
0.91530838392795788039 0.00000000099999999999 0.01573165870764187818 0.06895995436440020832 0.00000000099999999999 0.00000000099999999999 
0.00000000099999999984 0.00000000099999999984 0.99999999500000003039 0.00000000099999999984 0.00000000099999999984 0.00000000099999999984 
0.00199134627296266350 0.00000000099999999998 0.99800864972703740019 0.00000000099999999998 0.00000000099999999998 0.00000000099999999998 
0.31863137085404347193 0.05293344436820433124 0.62843475411872384839 0.00000042865902837250 0.00000000099999999999 0.00000000099999999999 
0.17931377192232553219 0.00000000099999999999 0.35541533531408148194 0.06961033146823593365 0.00000443431500924588 0.39565612598034777259 
0.99999998724588057275 0.00000000099999999992 0.00000000875411953196 0.00000000099999999992 0.00000000099999999992 0.00000000099999999992 
0.40778994167583709762 0.06114622281675211740 0.09255293686438140210 0.00061270457371420380 0.02620851315001088144 0.41168968091930430164 
0.77510084784649946332 0.00000000099999999998 0.01739473960817324028 0.20750434716092749921 0.00000006338439974931 0.00000000099999999998 
0.99998441057321141301 0.00000000099999999999 0.00000000099999999999 0.00001558542678856368 0.00000000099999999999 0.00000000099999999999 
0.63941242696012212665 0.00000000099999999999 0.00000188876237011643 0.00437030850607067999 0.00000000099999999999 0.35621537377143713821 
0.63242509339021968362 0.00000000099999999999 0.34641376283878344555 0.00000000099999999999 0.00000000099999999999 0.02116114077099680302 
0.18295245619498065603 0.80907500880616223249 0.00797253199885717898 0.00000000099999999999 0.00000000099999999999 0.00000000099999999999 
0.00000000099999999989 0.00000000099999999989 0.00000000099999999989 0.99999999499999991937 0.00000000099999999989 0.00000000099999999989 
0.93831045767460508067 0.00000000099999999998 0.06163709258157074738 0.00005242985500442313 0.00000001788881975924 0.00000000099999999998 
0.00000000099999999991 0.00000000099999999991 0.99999999499999991937 0.00000000099999999991 0.00000000099999999991 0.00000000099999999991 
0.00000000099999999994 0.00000000099999999994 0.99999999500000003039 0.00000000099999999994 0.00000000099999999994 0.00000000099999999994 
0.00000000099999999991 0.00000000099999999991 0.99999999499999991937 0.00000000099999999991 0.00000000099999999991 0.00000000099999999991 
0.00000000099999999989 0.00000000099999999989 0.00000000099999999989 0.00000000099999999989 0.99999999499999991937 0.00000000099999999989 
0.96775932960569421848 0.00000003397891749805 0.02572484618325438996 0.00649847225539237471 0.00000000100000000000 0.00001731697674148943 
0.99152406301631990093 0.00000000099999999994 0.00847593298368003872 0.00000000099999999994 0.00000000099999999994 0.00000000099999999994 
0.04922234785513050770 0.00000000099999999996 0.93476298537260305022 0.00000000099999999996 0.01601466377226634305 0.00000000099999999996 
0.90325571149476391319 0.00000000099999999998 0.08272381473602771762 0.01400831497476722788 0.00001215679444101357 0.00000000099999999998 
0.00000000099999999990 0.00000000099999999990 0.99999999500000003039 0.00000000099999999990 0.00000000099999999990 0.00000000099999999990 
0.00000000099999999969 0.00000000099999999969 0.00000000099999999969 0.00000000099999999969 0.99999999500000003039 0.00000000099999999969 
0.00000000362858683892 0.00000000099999999992 0.99999999237141312669 0.00000000099999999992 0.00000000099999999992 0.00000000099999999992 
0.00036383799158580700 0.00000000099999999994 0.99963615800841432169 0.00000000099999999994 0.00000000099999999994 0.00000000099999999994 
0.00000000099999999969 0.00000000099999999969 0.00000000099999999969 0.00000000099999999969 0.99999999500000003039 0.00000000099999999969 
0.00000000099999999983 0.00000000099999999983 0.00000000099999999983 0.00000000099999999983 0.99999999499999991937 0.00000000099999999983 
0.98925513036838041980 0.00000000099999999998 0.00000000099999999998 0.00133323500161595162 0.00941163163000366051 0.00000000099999999998 
0.00000000099999999985 0.00000000099999999985 0.99999999500000003039 0.00000000099999999985 0.00000000099999999985 0.00000000099999999985 
0.92653817756825640473 0.00000000099999999998 0.03699713248150118816 0.01156167213349156009 0.02490301581675086542 0.00000000099999999998 
0.00000000099999999989 0.00000000099999999989 0.99999999499999991937 0.00000000099999999989 0.00000000099999999989 0.00000000099999999989 
