0.00000000099999999999 0.33094078126781245608 0.00022323343635101078 0.26260965251995393999 0.00000000099999999999 0.28259950300757208375 0.00002521551219002212 0.00007501754186345273 0.00000000099999999999 0.12352659371425699086 
0.01918982176333969975 0.00000000099999999997 0.00000000099999999997 0.00000000099999999997 0.00000000099999999997 0.00000000099999999997 0.00000000099999999997 0.53422061497752737491 0.00000192283737252305 0.44658763442176024894 
0.00000000099999999997 0.00000000099999999997 0.01490836974303220118 0.11643418720118024756 0.00000000211412011214 0.00001066986019647711 0.00000000099999999997 0.64103383210839559592 0.00400535268413300827 0.22360758328894236868 
0.00000000099999999997 0.00000000099999999997 0.00030232745552559491 0.08302564423066534360 0.00000000099999999997 0.00000000099999999997 0.00000000099999999997 0.50713089079958306726 0.00487304270318488289 0.40466808981104102072 
0.00088151208293321139 0.00000000099999999994 0.00000000099999999994 0.00000000099999999994 0.00000000099999999994 0.10215868061027373603 0.00000000099999999994 0.39401026876247635666 0.00000000099999999994 0.50294953254431662426 
0.00000000099999999984 0.00000000099999999984 0.00000000099999999984 0.00000000099999999984 0.00000000099999999984 0.00000000099999999984 0.00000000099999999984 0.99999999100000003249 0.00000000099999999984 0.00000000099999999984 
0.00000000099999999983 0.00000000099999999983 0.00000000099999999983 0.00000000099999999983 0.96034878320020944376 0.00000000099999999983 0.00000000099999999983 0.00000000099999999983 0.03965120879979067148 0.00000000099999999983 
0.00000000099999999973 0.00000000099999999973 0.00000000099999999973 0.00000000099999999973 0.00000000099999999973 0.99999999100000003249 0.00000000099999999973 0.00000000099999999973 0.00000000099999999973 0.00000000099999999973 
0.00000000099999999990 0.00000000099999999990 0.00000000099999999990 0.00001637398703012790 0.00000000099999999990 0.06362171069811811686 0.00846028468054112540 0.66157248970441895342 0.00000000099999999990 0.26632913592989160279 
0.00000000099999999983 0.00000000099999999983 0.00000000099999999983 0.00000000099999999983 0.99999999100000003249 0.00000000099999999983 0.00000000099999999983 0.00000000099999999983 0.00000000099999999983 0.00000000099999999983 
0.00000000099999999989 0.00000167518475353935 0.00000000099999999989 0.00000000099999999989 0.99999829128437334180 0.00000000099999999989 0.00000000099999999989 0.00000000099999999989 0.00000002653087318882 0.00000000099999999989 
0.00035624331175501759 0.00000000099999999992 0.00000000099999999992 0.00000000099999999992 0.99964374868824512621 0.00000000099999999992 0.00000000099999999992 0.00000000099999999992 0.00000000099999999992 0.00000000099999999992 
0.00000000099999999976 0.00000000099999999976 0.00000000099999999976 0.00000000099999999976 0.00000000099999999976 0.00000000099999999976 0.00000000099999999976 0.00000000099999999976 0.99999999099999992147 0.00000000099999999976 
0.14439979236155114917 0.00000000099999999995 0.19306454195144504005 0.00000000099999999995 0.55566546865264676569 0.00000000099999999995 0.00000000099999999995 0.00000000099999999995 0.00000000099999999995 0.10687019103435725642 
0.42914680606925409423 0.00000000099999999987 0.57085318593074607652 0.00000000099999999987 0.00000000099999999987 0.00000000099999999987 0.00000000099999999987 0.00000000099999999987 0.00000000099999999987 0.00000000099999999987 
0.02000915217670625260 0.00000000099999999986 0.00000000099999999986 0.00000000099999999986 0.97999083982329382447 0.00000000099999999986 0.00000000099999999986 0.00000000099999999986 0.00000000099999999986 0.00000000099999999986 
0.21462842288748054664 0.00000000099999999995 0.27658531509746431265 0.00000000099999999995 0.45837936182753996617 0.05040689418751535811 0.00000000099999999995 0.00000000099999999995 0.00000000099999999995 0.00000000099999999995 
0.19256186866069935348 0.00000000099999999993 0.27738686520169342220 0.11710861502425042036 0.00000000099999999993 0.41294264511335693202 0.00000000099999999993 0.00000000099999999993 0.00000000099999999993 0.00000000099999999993 
0.00000000099999999891 0.00000000099999999891 0.99999999099999992147 0.00000000099999999891 0.00000000099999999891 0.00000000099999999891 0.00000000099999999891 0.00000000099999999891 0.00000000099999999891 0.00000000099999999891 
0.41576133788593161444 0.00000000099999999988 0.58423865411406850079 0.00000000099999999988 0.00000000099999999988 0.00000000099999999988 0.00000000099999999988 0.00000000099999999988 0.00000000099999999988 0.00000000099999999988 
0.99999999100000003249 0.00000000099999999888 0.00000000099999999888 0.00000000099999999888 0.00000000099999999888 0.00000000099999999888 0.00000000099999999888 0.00000000099999999888 0.00000000099999999888 0.00000000099999999888 
0.00000000099999999987 0.00000000099999999987 0.00000000099999999987 0.00000000099999999987 0.95904273905959025459 0.00000000099999999987 0.00000000099999999987 0.00000000099999999987 0.04095725294040970799 0.00000000099999999987 
0.00000000099999999971 0.99999999100000014352 0.00000000099999999971 0.00000000099999999971 0.00000000099999999971 0.00000000099999999971 0.00000000099999999971 0.00000000099999999971 0.00000000099999999971 0.00000000099999999971 
0.00000000099999999994 0.00000000099999999994 0.00000000099999999994 0.00000000099999999994 0.00000000099999999994 0.12019266716345949897 0.00000000099999999994 0.44436328349438863894 0.04861162556335874713 0.38683241777879295853 
0.00000000099999999988 0.00000000099999999988 0.00000000099999999988 0.00000000099999999988 0.96367332217978407538 0.00000000099999999988 0.00000000099999999988 0.00000000099999999988 0.03632666982021594965 0.00000000099999999988 
0.00007887821524978402 0.00000000099999999991 0.00000000099999999991 0.00000000099999999991 0.99980157035211225658 0.00000000099999999991 0.00000000099999999991 0.00000000099999999991 0.00011954443263790686 0.00000000099999999991 
0.00000000099999999985 0.00000000099999999985 0.00000000099999999985 0.00000000099999999985 0.00000000099999999985 0.00000000099999999985 0.00000000099999999985 0.00000000099999999985 0.99999999099999992147 0.00000000099999999985 
0.01921114728272661776 0.00000000099999999991 0.00000000099999999991 0.00000000099999999991 0.00000000099999999991 0.00000000099999999991 0.00000000099999999991 0.00000000099999999991 0.00000000099999999991 0.98078884471727345584 
0.00000000099999999993 0.00000000099999999993 0.00000000099999999993 0.00000000099999999993 0.00000000099999999993 0.05940698523516314833 0.00000000099999999993 0.36156053908938340369 0.00000000099999999993 0.57903246867545343779 
0.00000000099999999998 0.00000000099999999998 0.00000000099999999998 0.00000000099999999998 0.99999998768910614011 0.00000000099999999998 0.00000000099999999998 0.00000000099999999998 0.00000000431089385412 0.00000000099999999998 
0.00967751160375311843 0.00000000099999999998 0.04809286834901883856 0.00000000099999999998 0.86661022616277538777 0.07561938788445271564 0.00000000099999999998 0.00000000099999999998 0.00000000099999999998 0.00000000099999999998 
0.04497844962438229954 0.02125139528202845199 0.00000000099999999992 0.00000000099999999992 0.92147779573451782387 0.00000000099999999992 0.01229235335907145725 0.00000000099999999992 0.00000000099999999992 0.00000000099999999992 
0.00000000099999999994 0.00000000099999999994 0.00000000099999999994 0.00058090146779055931 0.00000000099999999994 0.00000000099999999994 0.00000000099999999994 0.00020967846584733904 0.05848629409722635314 0.94072311996913571264 
0.00000000099999999969 0.00000000099999999969 0.00000000099999999969 0.00000000099999999969 0.00000000099999999969 0.00000000099999999969 0.99999999100000003249 0.00000000099999999969 0.00000000099999999969 0.00000000099999999969 
0.02068297175166831925 0.00000000099999999998 0.00000000099999999998 0.00213815124298618806 0.00000000099999999998 0.10615851126010082683 0.03559304167634990551 0.45375965077544844206 0.00000000099999999998 0.38166766929344636550 
0.00151005264157165562 0.00853771548965253334 0.00000000099999999991 0.00000000099999999991 0.98995222486877598733 0.00000000099999999991 0.00000000099999999991 0.00000000099999999991 0.00000000099999999991 0.00000000099999999991 
0.00000000099999999977 0.99999999100000025454 0.00000000099999999977 0.00000000099999999977 0.00000000099999999977 0.00000000099999999977 0.00000000099999999977 0.00000000099999999977 0.00000000099999999977 0.00000000099999999977 
0.00000000099999999949 0.00000000099999999949 0.00000000099999999949 0.00000000099999999949 0.00000000099999999949 0.00000000099999999949 0.99999999100000003249 0.00000000099999999949 0.00000000099999999949 0.00000000099999999949 
0.00000000099999999993 0.00000000099999999993 0.01887220274373643120 0.00000000099999999993 0.98112778925626364934 0.00000000099999999993 0.00000000099999999993 0.00000000099999999993 0.00000000099999999993 0.00000000099999999993 
0.00000000099999999987 0.01529474721552535887 0.00000000099999999987 0.00000000099999999987 0.98470524478447474248 0.00000000099999999987 0.00000000099999999987 0.00000000099999999987 0.00000000099999999987 0.00000000099999999987 
0.00000000099999999990 0.00016130177120065827 0.00000000099999999990 0.00000000099999999990 0.95028039487930182627 0.00000000099999999990 0.00000000099999999990 0.00000000099999999990 0.04955829634949745349 0.00000000099999999990 
0.00000000099999999978 0.00000000099999999978 0.00000000099999999978 0.00000000099999999978 0.00000000099999999978 0.99999999100000014352 0.00000000099999999978 0.00000000099999999978 0.00000000099999999978 0.00000000099999999978 
0.00641170337462857332 0.00000000099999999999 0.00000000099999999999 0.51682302542548963498 0.08127852952930446351 0.30963596204532706224 0.00140357879820650388 0.00000000099999999999 0.00000000099999999999 0.08444719682704376895 
0.00000000099999999982 0.00000000099999999982 0.00000000099999999982 0.00000000099999999982 0.00000000099999999982 0.00000000099999999982 0.00000000099999999982 0.00000000099999999982 0.99999999099999992147 0.00000000099999999982 
0.04069290182966193992 0.00000000099999999996 0.00000000099999999996 0.02414793596893761649 0.00000000099999999996 0.00000000099999999996 0.00000000099999999996 0.30345921479738952042 0.44594070884731756843 0.18575923355669321513 
0.00000000099999999984 0.00000000099999999984 0.00000000099999999984 0.59374085840616186438 0.00000000099999999984 0.40625913359383836188 0.00000000099999999984 0.00000000099999999984 0.00000000099999999984 0.00000000099999999984 
0.01417368060126199952 0.00000000099999999996 0.00000000099999999996 0.00000000099999999996 0.97699979953411997258 0.00000000099999999996 0.00882533042379991632 0.00000000099999999996 0.00000118344081811004 0.00000000099999999996 
0.00000000099999999973 0.00000000099999999973 0.00000000099999999973 0.99999999100000003249 0.00000000099999999973 0.00000000099999999973 0.00000000099999999973 0.00000000099999999973 0.00000000099999999973 0.00000000099999999973 
0.00000000099999999986 0.00000000099999999986 0.00000000099999999986 0.22814259201721329151 0.00000000099999999986 0.77185739998278668494 0.00000000099999999986 0.00000000099999999986 0.00000000099999999986 0.00000000099999999986 
0.00000000099999999985 0.00000000099999999985 0.00000000099999999985 0.59639823387426016410 0.00000000099999999985 0.40360175812574000664 0.00000000099999999985 0.00000000099999999985 0.00000000099999999985 0.00000000099999999985 
0.01784317972249543569 0.00000000099999999995 0.00000000099999999995 0.04456505565855076872 0.00000000099999999995 0.06560834625509300022 0.01942097952599991864 0.59685411324999582128 0.00000000099999999995 0.25570832158786505062 
0.00000000099999999972 0.00000000099999999972 0.00000000099999999972 0.00000000099999999972 0.00000000099999999972 0.99999999100000014352 0.00000000099999999972 0.00000000099999999972 0.00000000099999999972 0.00000000099999999972 
0.00000000099999999980 0.00000000099999999980 0.00000000099999999980 0.00000000099999999980 0.00000000099999999980 0.99999999100000014352 0.00000000099999999980 0.00000000099999999980 0.00000000099999999980 0.00000000099999999980 
0.04295361066816681672 0.00017380697442739910 0.00000000099999999989 0.00000000099999999989 0.51210673942118067892 0.00000000099999999989 0.00000009304421567407 0.00000000099999999989 0.44476574489200954021 0.00000000099999999989 
0.00475217119909192125 0.00000000099999999999 0.01476684940218360963 0.00000000099999999999 0.00000000099999999999 0.17736538164937568074 0.00000000099999999999 0.38271557439717063254 0.00666572232977166376 0.41373429702240649419 
0.00000000099999999996 0.00000000099999999996 0.00000000099999999996 0.36833358059035381515 0.00000000099999999996 0.21953234756376463488 0.00000000315306869142 0.41213406269281283034 0.00000000099999999996 0.00000000099999999996 
0.00000000099999999980 0.00000000099999999980 0.00000000099999999980 0.00000000099999999980 0.00000000099999999980 0.99999999100000003249 0.00000000099999999980 0.00000000099999999980 0.00000000099999999980 0.00000000099999999980 
0.00000000099999999994 0.00000000099999999994 0.00000000099999999994 0.00000000099999999994 0.00000000099999999994 0.00000000099999999994 0.00578105487197683177 0.47037429179659878686 0.00000000099999999994 0.52384464633142435730 
0.00000000099999999977 0.00000000099999999977 0.00000000099999999977 0.99999999100000003249 0.00000000099999999977 0.00000000099999999977 0.00000000099999999977 0.00000000099999999977 0.00000000099999999977 0.00000000099999999977 
0.00000000099999999983 0.00000000099999999983 0.00000000099999999983 0.00000000099999999983 0.00000000099999999983 0.00000000099999999983 0.00000000099999999983 0.99999999100000003249 0.00000000099999999983 0.00000000099999999983 
0.00000000099999999984 0.00000000099999999984 0.00000000099999999984 0.00000000099999999984 0.00000000099999999984 0.00000000099999999984 0.00000000099999999984 0.00000000099999999984 0.00000000099999999984 0.99999999100000003249 
0.00000000099999999991 0.00000000099999999991 0.00000000099999999991 0.60500238158355734708 0.00000000099999999991 0.33954950938678557515 0.00000000099999999991 0.00000000099999999991 0.00000000099999999991 0.05544810202965725493 
0.00000000099999999977 0.00000000099999999977 0.00000000099999999977 0.99999999100000014352 0.00000000099999999977 0.00000000099999999977 0.00000000099999999977 0.00000000099999999977 0.00000000099999999977 0.00000000099999999977 
0.00000000099999999996 0.88314613640164363328 0.04449334630146638964 0.00000000099999999996 0.07112918582236604781 0.00000000099999999996 0.00000000099999999996 0.00123132547452403087 0.00000000099999999996 0.00000000099999999996 
0.00000000099999999992 0.00000000099999999992 0.00000000099999999992 0.04057952599621608702 0.00000000099999999992 0.00000000099999999992 0.00000000099999999992 0.34166590589050871429 0.00000000099999999992 0.61775456111327509134 
0.00000000099999999996 0.00000000099999999996 0.00000000099999999996 0.32037226249419786805 0.00000000099999999996 0.64324891086902391546 0.01375416837000289876 0.02262465226677525323 0.00000000099999999996 0.00000000099999999996 
0.00000000099999999980 0.98840829245965200478 0.01159169954034812780 0.00000000099999999980 0.00000000099999999980 0.00000000099999999980 0.00000000099999999980 0.00000000099999999980 0.00000000099999999980 0.00000000099999999980 
0.00417932230584964603 0.00251097634047119881 0.00000000099999999994 0.00000000099999999994 0.98264408222699517470 0.00000000099999999994 0.01066561312668403046 0.00000000099999999994 0.00000000099999999994 0.00000000099999999994 
0.00000000099999999982 0.00000000099999999982 0.00000000099999999982 0.00000000099999999982 0.00000000099999999982 0.00000000099999999982 0.00000000099999999982 0.99999999100000003249 0.00000000099999999982 0.00000000099999999982 
0.00000000099999999988 0.92827515353528256004 0.07172483846471758295 0.00000000099999999988 0.00000000099999999988 0.00000000099999999988 0.00000000099999999988 0.00000000099999999988 0.00000000099999999988 0.00000000099999999988 
0.00000000099999999982 0.99999999100000025454 0.00000000099999999982 0.00000000099999999982 0.00000000099999999982 0.00000000099999999982 0.00000000099999999982 0.00000000099999999982 0.00000000099999999982 0.00000000099999999982 
0.00000000099999999991 0.99999999055524413372 0.00000000099999999991 0.00000000099999999991 0.00000000144475599723 0.00000000099999999991 0.00000000099999999991 0.00000000099999999991 0.00000000099999999991 0.00000000099999999991 
0.00000000099999999980 0.00000000099999999980 0.00000000099999999980 0.00000000099999999980 0.00000000099999999980 0.00000000099999999980 0.00000000099999999980 0.00000000099999999980 0.99999999100000003249 0.00000000099999999980 
0.00000000099999999989 0.34782439383951685441 0.01326545926046685843 0.00000000099999999989 0.00000000099999999989 0.00000000099999999989 0.00000000099999999989 0.00000000099999999989 0.63891013990001610523 0.00000000099999999989 
0.00933379037777011880 0.27206030245057682970 0.00000001018230775658 0.14125780275211818893 0.01604546073125183783 0.00000000100000000000 0.02079664071006066123 0.00000276817425634819 0.54050322262165806375 0.00000000100000000000 
0.00699842713212019477 0.00000000099999999986 0.00000000099999999986 0.00000000099999999986 0.00000000099999999986 0.00000000099999999986 0.00000000099999999986 0.00000000099999999986 0.99300156486787982679 0.00000000099999999986 
0.00000000099999999988 0.00000000099999999988 0.00000002833935151035 0.00000000099999999988 0.99999996366064858311 0.00000000099999999988 0.00000000099999999988 0.00000000099999999988 0.00000000099999999988 0.00000000099999999988 
0.00000000099999999979 0.97841943873798631337 0.02158055326201378105 0.00000000099999999979 0.00000000099999999979 0.00000000099999999979 0.00000000099999999979 0.00000000099999999979 0.00000000099999999979 0.00000000099999999979 
0.00000000099999999984 0.34264571907338153833 0.00000000099999999984 0.00000000099999999984 0.00000000099999999984 0.00000000099999999984 0.00508677861501277695 0.00000000099999999984 0.65226749531160543860 0.00000000099999999984 
0.00000000099999999987 0.34680056145326987327 0.02154222990000212792 0.00000000099999999987 0.00000000099999999987 0.00000000099999999987 0.01010311080121704258 0.00000000099999999987 0.62155409184551069224 0.00000000099999999987 
0.00000000099999999998 0.86338011594679808791 0.00000151012893077333 0.00000000099999999998 0.07364031203946512505 0.00000000099999999998 0.03360196842050464094 0.00000000099999999998 0.02937608846430149467 0.00000000099999999998 
0.03516052224186211328 0.00129932290221841944 0.06885881524068644677 0.00000000099999999999 0.16462779429483298532 0.00000000099999999999 0.00768444531280112076 0.00000000099999999999 0.52553849570424537863 0.19683060130335344740 
0.00000000099999999999 0.06805101397649997164 0.00199288979502613983 0.00000000099999999999 0.78522073574577944122 0.00000000099999999999 0.00000050996282203159 0.00000000099999999999 0.00000000099999999999 0.14473484551987253477 
0.07840594611636471367 0.00000000099999999986 0.00000000099999999986 0.00000000099999999986 0.00000000099999999986 0.00000000099999999986 0.00000000099999999986 0.00000000099999999986 0.92159404588363513788 0.00000000099999999986 
0.00000000099999999993 0.99999486227890155288 0.00000512972109863121 0.00000000099999999993 0.00000000099999999993 0.00000000099999999993 0.00000000099999999993 0.00000000099999999993 0.00000000099999999993 0.00000000099999999993 
0.00000000099999999987 0.00000000099999999987 0.00000000099999999987 0.00000000099999999987 0.99999999100000014352 0.00000000099999999987 0.00000000099999999987 0.00000000099999999987 0.00000000099999999987 0.00000000099999999987 
0.01573996408026848842 0.04059122723396983018 0.00000000099999999995 0.00000000099999999995 0.91962226138030811473 0.00000000099999999995 0.00000000099999999995 0.00000000099999999995 0.02404654130545358023 0.00000000099999999995 
0.00000000099999999981 0.00000000099999999981 0.00000000099999999981 0.00000000099999999981 0.00000000099999999981 0.00000000099999999981 0.00000000099999999981 0.00000000099999999981 0.99999999100000003249 0.00000000099999999981 
0.00000000099999999992 0.01870134003410054563 0.00000000099999999992 0.00000000099999999992 0.96937539048058107838 0.00000000099999999992 0.00000000099999999992 0.00000000099999999992 0.01192326248531834845 0.00000000099999999992 
0.00000000099999999987 0.36406816508414457934 0.00000000099999999987 0.00000000099999999987 0.00000000099999999987 0.00000000099999999987 0.00000000099999999987 0.00000000099999999987 0.63593182691585514732 0.00000000099999999987 
0.00000000099999999995 0.00000000099999999995 0.00000000099999999995 0.00759680033934753435 0.00000000099999999995 0.00000318866375084270 0.00000000099999999995 0.00000000099999999995 0.99240000399690164734 0.00000000099999999995 
0.00187055565056626501 0.94738159135163058089 0.00000000099999999987 0.00000000099999999987 0.05074784599780320093 0.00000000099999999987 0.00000000099999999987 0.00000000099999999987 0.00000000099999999987 0.00000000099999999987 
0.00000000099999999990 0.00000000099999999990 0.00000000099999999990 0.00000000099999999990 0.00000000099999999990 0.00000000099999999990 0.00000000099999999990 0.00000000099999999990 0.99999999100000003249 0.00000000099999999990 
0.00000000099999999991 0.05419397679711811244 0.00000000099999999991 0.00000000099999999991 0.92241220381197641665 0.00000000099999999991 0.00000000099999999991 0.00000000099999999991 0.02339381239090558215 0.00000000099999999991 
0.00000000099999999986 0.00000000099999999986 0.00000000099999999986 0.34370682945154579224 0.00000000099999999986 0.65629316254845415646 0.00000000099999999986 0.00000000099999999986 0.00000000099999999986 0.00000000099999999986 
0.00000000099999999966 0.00000000099999999966 0.00000000099999999966 0.00000000099999999966 0.00000000099999999966 0.99999999100000003249 0.00000000099999999966 0.00000000099999999966 0.00000000099999999966 0.00000000099999999966 
0.00000000099999999992 0.00000000099999999992 0.00000000099999999992 0.00000000099999999992 0.00000000099999999992 0.01396556883545901732 0.02773896632064665191 0.54461857968972560151 0.00000000099999999992 0.41367687915416878619 
0.00000000099999999990 0.00000000099999999990 0.00000000099999999990 0.00000000099999999990 0.00000000099999999990 0.03231997014162440313 0.00000000099999999990 0.29811215818825698154 0.00000000099999999990 0.66956786467011863984 
0.02088796854571079928 0.87851715801372676218 0.02586755828402321350 0.03270021834506017799 0.00000000099999999998 0.00000000099999999998 0.04202709181147914336 0.00000000099999999998 0.00000000099999999998 0.00000000099999999998 
0.00000000099999999993 0.00000000099999999993 0.00000000099999999993 0.00000000099999999993 0.00000000099999999993 0.05318580837692705315 0.00000000099999999993 0.23076734305339979825 0.08452123033762330706 0.63152561223204972674 
0.00000000099999999985 0.00000000099999999985 0.00000000099999999985 0.00000000099999999985 0.00000000099999999985 0.00000000099999999985 0.00000000099999999985 0.00000000099999999985 0.00000000099999999985 0.99999999100000003249 
0.00000000099999999996 0.87221525831186219602 0.00000000099999999996 0.00000000099999999996 0.00000193835359882182 0.12778279633453906716 0.00000000099999999996 0.00000000099999999996 0.00000000099999999996 0.00000000099999999996 
0.00566791598438668148 0.00000000099999999999 0.00000000099999999999 0.10061053479552665990 0.10355538514461425093 0.00000005640054118952 0.02042510578198410143 0.31860460722280087298 0.01740150961792358633 0.43373488305222263062 
0.00000000099999999970 0.00000000099999999970 0.00000000099999999970 0.00000000099999999970 0.00000000099999999970 0.99999999100000014352 0.00000000099999999970 0.00000000099999999970 0.00000000099999999970 0.00000000099999999970 
0.00048611768123791736 0.82091397123823772741 0.00000000099999999998 0.00000000099999999998 0.00000000099999999998 0.12526471295504376657 0.00000000099999999998 0.00000000099999999998 0.00000000099999999998 0.05333519212548070570 
0.00000000099999999983 0.00000000099999999983 0.12394935831339656818 0.00000000099999999983 0.87605063368660340828 0.00000000099999999983 0.00000000099999999983 0.00000000099999999983 0.00000000099999999983 0.00000000099999999983 
0.00000000099999999977 0.99999999100000014352 0.00000000099999999977 0.00000000099999999977 0.00000000099999999977 0.00000000099999999977 0.00000000099999999977 0.00000000099999999977 0.00000000099999999977 0.00000000099999999977 
0.25763300473811590052 0.00000000099999999982 0.00000000099999999982 0.00000000099999999982 0.00000000099999999982 0.00000000099999999982 0.00000000099999999982 0.00000000099999999982 0.74236698726188388164 0.00000000099999999982 
0.00000000099999999992 0.00000000099999999992 0.00000000099999999992 0.00000000099999999992 0.98895731627452776458 0.00000000099999999992 0.00000000099999999992 0.00000000099999999992 0.01104267572547220841 0.00000000099999999992 
0.00000000099999999987 0.00000000099999999987 0.00000000099999999987 0.00000000099999999987 0.00000000099999999987 0.00000000099999999987 0.00000000099999999987 0.99999999099999992147 0.00000000099999999987 0.00000000099999999987 
0.01382561088041795068 0.16693175551281411173 0.00000000099999999999 0.00000182238023822986 0.00000000099999999999 0.00123866841803255069 0.00000000099999999999 0.00000000162515124066 0.00000000099999999999 0.81800213718334591206 
0.00000000099999999988 0.00000000099999999988 0.00000000099999999988 0.00000000099999999988 0.00000000099999999988 0.00000000099999999988 0.00000000099999999988 0.99999999100000003249 0.00000000099999999988 0.00000000099999999988 
0.00000000099999999985 0.00000000099999999985 0.00000000099999999985 0.01626726913187279480 0.00000000099999999985 0.00000000099999999985 0.00000000099999999985 0.00000000099999999985 0.00000000099999999985 0.98373272286812718512 
0.00457258901373231493 0.00000000099999999997 0.00000000099999999997 0.00000000099999999997 0.00000000099999999997 0.06256924917432350741 0.00000000099999999997 0.48094334960884266295 0.00000000099999999997 0.45191480620310153782 
0.00000000099999999987 0.00000000099999999987 0.00000000099999999987 0.00000000099999999987 0.00000000099999999987 0.08394988133588077162 0.00000000099999999987 0.58300887294400394190 0.00000000099999999987 0.33304123872011526242 
0.01408131741105928501 0.02461250103470002254 0.00356898632150138293 0.00000000099999999993 0.95773688402115175755 0.00000000099999999993 0.00000000099999999993 0.00000000099999999993 0.00000030621158760356 0.00000000099999999993 
0.00000000099999999988 0.00000000099999999988 0.00000000099999999988 0.00000000099999999988 0.00000000099999999988 0.00000000099999999988 0.00000000099999999988 0.00000000099999999988 0.99999999100000003249 0.00000000099999999988 
0.00000000099999999990 0.00000000099999999990 0.02068027125897681923 0.00000000099999999990 0.97573271332374622578 0.00000000099999999990 0.00000000099999999990 0.00000000099999999990 0.00358700841727696519 0.00000000099999999990 
0.00000000099999999993 0.00000004934241263921 0.00000000099999999993 0.00000000099999999993 0.99999994265758751499 0.00000000099999999993 0.00000000099999999993 0.00000000099999999993 0.00000000099999999993 0.00000000099999999993 
0.00000003530981832644 0.00000000099999999978 0.00000000099999999978 0.00000000099999999978 0.00000000099999999978 0.00000000099999999978 0.00000000099999999978 0.00000000099999999978 0.99999995669018160172 0.00000000099999999978 
0.00000000099999999969 0.99999999100000014352 0.00000000099999999969 0.00000000099999999969 0.00000000099999999969 0.00000000099999999969 0.00000000099999999969 0.00000000099999999969 0.00000000099999999969 0.00000000099999999969 
0.00000000099999999979 0.99999999100000025454 0.00000000099999999979 0.00000000099999999979 0.00000000099999999979 0.00000000099999999979 0.00000000099999999979 0.00000000099999999979 0.00000000099999999979 0.00000000099999999979 
0.01807044521786449476 0.00000000099999999982 0.00000000099999999982 0.00000000099999999982 0.98192954678213550945 0.00000000099999999982 0.00000000099999999982 0.00000000099999999982 0.00000000099999999982 0.00000000099999999982 
0.01813796810014860553 0.00000000099999999987 0.00000000099999999987 0.00000000099999999987 0.98186202389985155481 0.00000000099999999987 0.00000000099999999987 0.00000000099999999987 0.00000000099999999987 0.00000000099999999987 
0.00000000099999999985 0.00004824100112477675 0.00000000099999999985 0.00000000099999999985 0.99995175099887534387 0.00000000099999999985 0.00000000099999999985 0.00000000099999999985 0.00000000099999999985 0.00000000099999999985 
0.00000000099999999979 0.99999999100000014352 0.00000000099999999979 0.00000000099999999979 0.00000000099999999979 0.00000000099999999979 0.00000000099999999979 0.00000000099999999979 0.00000000099999999979 0.00000000099999999979 
0.00045723030986238357 0.98634967344863910821 0.00000000099999999992 0.00000000099999999992 0.01319308924149871845 0.00000000099999999992 0.00000000099999999992 0.00000000099999999992 0.00000000099999999992 0.00000000099999999992 
0.00000000099999999985 0.00000000099999999985 0.00000000099999999985 0.00000000099999999985 0.99999781250969532742 0.00000000099999999985 0.00000000099999999985 0.00000000099999999985 0.00000217949030483365 0.00000000099999999985 
0.00000000099999999980 0.00000000099999999980 0.00000000099999999980 0.00000000099999999980 0.00000000099999999980 0.00000000099999999980 0.00000000099999999980 0.00000000099999999980 0.99999999099999992147 0.00000000099999999980 
0.00000135099748244101 0.03306942751801003610 0.00000000099999999996 0.00000000099999999996 0.87220882439422364740 0.00000000099999999996 0.03290176343659973607 0.00000000099999999996 0.06181862865368412813 0.00000000099999999996 
0.00000000099999999972 0.99999999100000014352 0.00000000099999999972 0.00000000099999999972 0.00000000099999999972 0.00000000099999999972 0.00000000099999999972 0.00000000099999999972 0.00000000099999999972 0.00000000099999999972 
0.00000003857871593092 0.00282154509057669974 0.00000000099999999985 0.00000000099999999985 0.99717840933070744924 0.00000000099999999985 0.00000000099999999985 0.00000000099999999985 0.00000000099999999985 0.00000000099999999985 
0.02945499125806678997 0.00000000099999999994 0.00000000099999999994 0.06214628361908876991 0.00000000099999999994 0.00000000099999999994 0.00000000099999999994 0.00000000099999999994 0.00000000099999999994 0.90839871812284456176 
0.00000000099999999989 0.83824035777879657427 0.00000000099999999989 0.00000000099999999989 0.00000000099999999989 0.00000000099999999989 0.00000000099999999989 0.00000000099999999989 0.16175963422120362423 0.00000000099999999989 
0.00000000099999999996 0.00000000099999999996 0.00000000099999999996 0.00000000099999999996 0.07326098638329667234 0.01902068170328194419 0.01338255263970184079 0.44205554282299391877 0.00000000099999999996 0.45228023145072576705 
0.00000000099999999971 0.99999999100000025454 0.00000000099999999971 0.00000000099999999971 0.00000000099999999971 0.00000000099999999971 0.00000000099999999971 0.00000000099999999971 0.00000000099999999971 0.00000000099999999971 
0.00478110783783476309 0.00000019598695741248 0.00000000099999999990 0.00000000099999999990 0.99419661500111278229 0.00000000099999999990 0.00000000099999999990 0.00000000099999999990 0.00102207517409504166 0.00000000099999999990 
0.00000000099999999986 0.00000000099999999986 0.00000000099999999986 0.00000000099999999986 0.99999999100000014352 0.00000000099999999986 0.00000000099999999986 0.00000000099999999986 0.00000000099999999986 0.00000000099999999986 
0.00000000099999999977 0.99999999100000025454 0.00000000099999999977 0.00000000099999999977 0.00000000099999999977 0.00000000099999999977 0.00000000099999999977 0.00000000099999999977 0.00000000099999999977 0.00000000099999999977 
0.00000000099999999985 0.00000000099999999985 0.00000000099999999985 0.00000000099999999985 0.99999999100000003249 0.00000000099999999985 0.00000000099999999985 0.00000000099999999985 0.00000000099999999985 0.00000000099999999985 
0.01920731743393666938 0.01170851052175371151 0.00990514477490464680 0.02703194726844277210 0.63704217719528000163 0.00000000100000000000 0.06520278869677474665 0.20858944282472599574 0.02131266928418170184 0.00000000100000000000 
0.00000000099999999983 0.95718047660958827105 0.04281951539041187887 0.00000000099999999983 0.00000000099999999983 0.00000000099999999983 0.00000000099999999983 0.00000000099999999983 0.00000000099999999983 0.00000000099999999983 
0.00000000099999999998 0.00602780716462279157 0.00012925020371822046 0.00000539091392884190 0.99383754571773030850 0.00000000099999999998 0.00000000099999999998 0.00000000099999999998 0.00000000099999999998 0.00000000099999999998 
0.00000000099999999991 0.00000000099999999991 0.00000000099999999991 0.54957028204416757955 0.00000000099999999991 0.31212325457730177858 0.00000000099999999991 0.00000000099999999991 0.00000000099999999991 0.13830645637853075658 
0.00000000099999999942 0.00000000099999999942 0.00000000099999999942 0.00000000099999999942 0.00000000099999999942 0.00000000099999999942 0.99999999100000003249 0.00000000099999999942 0.00000000099999999942 0.00000000099999999942 
0.00000000099999999982 0.00000000099999999982 0.00000000099999999982 0.00000000099999999982 0.00000000099999999982 0.00000000099999999982 0.00000000099999999982 0.99999999100000003249 0.00000000099999999982 0.00000000099999999982 
0.00000000099999999986 0.00000000099999999986 0.00000000099999999986 0.00000000099999999986 0.00000000099999999986 0.00001217425292419316 0.00000000099999999986 0.00000000099999999986 0.00000000099999999986 0.99998781774707579117 
0.00000000099999999987 0.00000000099999999987 0.00000000099999999987 0.00000000099999999987 0.00000000099999999987 0.00000000099999999987 0.00000000099999999987 0.99999999099999992147 0.00000000099999999987 0.00000000099999999987 
0.00836422699492964279 0.00000000099999999994 0.00000000099999999994 0.00000000099999999994 0.00000000099999999994 0.01169941294876213934 0.00000000099999999994 0.39178276388375016248 0.00000000099999999994 0.58815359017255808283 
0.00000000099999999996 0.00000000099999999996 0.01157131545800279757 0.02950169089020624955 0.00000000099999999996 0.00000000099999999996 0.00000000099999999996 0.65701447861319517418 0.00000000099999999996 0.30191250903859573329 
0.00000000099999999999 0.00000000199903040158 0.01995626757182110758 0.00000000099999999999 0.07999491598237261358 0.20959792787607475772 0.00055541380061223454 0.51458379817226262976 0.00000000099999999999 0.17531167159782634624 
0.00000000099999999991 0.00000000099999999991 0.00000000099999999991 0.00000000099999999991 0.00000000099999999991 0.00000000099999999991 0.00000000099999999991 0.66908628293912875140 0.00000000099999999991 0.33091370906087125281 
0.00000000099999999971 0.99999999100000025454 0.00000000099999999971 0.00000000099999999971 0.00000000099999999971 0.00000000099999999971 0.00000000099999999971 0.00000000099999999971 0.00000000099999999971 0.00000000099999999971 
0.02145125769031850163 0.00000000099999999995 0.00000000099999999995 0.00000000099999999995 0.00000000099999999995 0.05346592275113124654 0.00876467443301101254 0.61291213149742374000 0.00000000099999999995 0.30340600862811556437 
0.00000000099999999945 0.00000000099999999945 0.00000000099999999945 0.00000000099999999945 0.00000000099999999945 0.00000000099999999945 0.99999999099999992147 0.00000000099999999945 0.00000000099999999945 0.00000000099999999945 
0.00000000099999999987 0.00000000099999999987 0.00000000099999999987 0.00000000099999999987 0.00000000099999999987 0.00000000099999999987 0.00000000099999999987 0.00000000099999999987 0.00000000099999999987 0.99999999100000003249 
0.00000000099999999974 0.00000000099999999974 0.00000000099999999974 0.00000000099999999974 0.00000000099999999974 0.99999999100000003249 0.00000000099999999974 0.00000000099999999974 0.00000000099999999974 0.00000000099999999974 
0.00000000099999999986 0.00000000099999999986 0.00000000099999999986 0.00000000099999999986 0.99999999100000014352 0.00000000099999999986 0.00000000099999999986 0.00000000099999999986 0.00000000099999999986 0.00000000099999999986 
0.00000000099999999972 0.00000000099999999972 0.00000000099999999972 0.00000000099999999972 0.00000000099999999972 0.99999999100000014352 0.00000000099999999972 0.00000000099999999972 0.00000000099999999972 0.00000000099999999972 
0.00000000099999999975 0.00000000099999999975 0.00000000099999999975 0.00000000099999999975 0.00000000099999999975 0.99999999100000003249 0.00000000099999999975 0.00000000099999999975 0.00000000099999999975 0.00000000099999999975 
0.00000000099999999996 0.00234633293761527407 0.00000000099999999996 0.07969037890577668204 0.00000984205744022915 0.00000000099999999996 0.00134654801681986119 0.49971540232682626348 0.02115959417092556222 0.39573189858459606461 
0.00000000099999999995 0.00000000099999999995 0.00000000099999999995 0.00000123663870843935 0.00000000099999999995 0.07416233004717347199 0.00000000099999999995 0.39571748899165837265 0.02610552726929195669 0.50401341205316774197 
0.00000000099999999976 0.00000000099999999976 0.00000000099999999976 0.99999999100000014352 0.00000000099999999976 0.00000000099999999976 0.00000000099999999976 0.00000000099999999976 0.00000000099999999976 0.00000000099999999976 
0.00000000099999999982 0.00000000099999999982 0.00000000099999999982 0.37134557771036130758 0.00000000099999999982 0.62865441428963864112 0.00000000099999999982 0.00000000099999999982 0.00000000099999999982 0.00000000099999999982 
0.00000000099999999984 0.00000000099999999984 0.00000000099999999984 0.00000000099999999984 0.00000000099999999984 0.05790035358570924662 0.00000000099999999984 0.94209963841429067433 0.00000000099999999984 0.00000000099999999984 
0.00000000099999999984 0.00000000099999999984 0.00000000099999999984 0.00000000099999999984 0.99999999100000014352 0.00000000099999999984 0.00000000099999999984 0.00000000099999999984 0.00000000099999999984 0.00000000099999999984 
0.00338774243406883037 0.01165160067228487341 0.00000000099999999998 0.09210185088668136622 0.00000000099999999998 0.00000000099999999998 0.00651780596375507899 0.55740162050809882732 0.00000000099999999998 0.32893937553511121141 
0.00000000099999999982 0.00000000099999999982 0.00000000099999999982 0.52636136522271581573 0.00000000099999999982 0.47363862677728435502 0.00000000099999999982 0.00000000099999999982 0.00000000099999999982 0.00000000099999999982 
0.00000000099999999993 0.00000000099999999993 0.00000000099999999993 0.00000000099999999993 0.00000000099999999993 0.00000000099999999993 0.00000000099999999993 0.99999999100000003249 0.00000000099999999993 0.00000000099999999993 
0.00000000099999999989 0.00000000099999999989 0.00000000099999999989 0.00000000099999999989 0.00000000099999999989 0.01969857972282287525 0.00000000099999999989 0.98030141227717715324 0.00000000099999999989 0.00000000099999999989 
0.00000000099999999976 0.00000000099999999976 0.00000000099999999976 0.00000000099999999976 0.00000000099999999976 0.99999999100000014352 0.00000000099999999976 0.00000000099999999976 0.00000000099999999976 0.00000000099999999976 
0.00000000099999999985 0.00000000099999999985 0.00000000099999999985 0.00000000099999999985 0.99999999100000014352 0.00000000099999999985 0.00000000099999999985 0.00000000099999999985 0.00000000099999999985 0.00000000099999999985 
0.00000000099999999989 0.00000000099999999989 0.00000000099999999989 0.32842653756765849415 0.00000000099999999989 0.67157345443234162108 0.00000000099999999989 0.00000000099999999989 0.00000000099999999989 0.00000000099999999989 
