0.00000000099999999999 0.00000000099999999999 0.00429243752949850545 0.00000000099999999999 0.00010099496420673734 0.00000000099999999999 0.00000000099999999999 0.13006261112211370268 0.32625797228032410446 0.53928597786203302800 0.00000000124182395308 
0.00000000099999999993 0.00000000099999999993 0.00000000099999999993 0.00000000099999999993 0.43342970032473360220 0.00000000099999999993 0.00000000099999999993 0.56657029067526631927 0.00000000099999999993 0.00000000099999999993 0.00000000099999999993 
0.00000000099999999995 0.00000000099999999995 0.00000000099999999995 0.00000000099999999995 0.00000000099999999995 0.00000000099999999995 0.00545783239533219507 0.31049856211966275765 0.00000000099999999995 0.09181440691279280086 0.59222919157221221020 
0.00000000099999999980 0.00000000099999999980 0.00000000099999999980 0.00000000099999999980 0.00000000099999999980 0.00000000099999999980 0.00000000099999999980 0.99999999000000006077 0.00000000099999999980 0.00000000099999999980 0.00000000099999999980 
0.00000000099999999988 0.00000000099999999988 0.00000000099999999988 0.00000000099999999988 0.79944930583795648094 0.00000000099999999988 0.00000000099999999988 0.13561192227412760536 0.00000000099999999988 0.06493876388791600118 0.00000000099999999988 
0.00000000099999999985 0.00000000099999999985 0.00000000099999999985 0.00000000099999999985 0.35185916641228381918 0.00000000099999999985 0.00000000099999999985 0.64789762567716457919 0.00000000099999999985 0.00000000099999999985 0.00024319991055175562 
0.00000000099999999975 0.00000000099999999975 0.00000000099999999975 0.00000000099999999975 0.00000000099999999975 0.00000000099999999975 0.99999998999999994975 0.00000000099999999975 0.00000000099999999975 0.00000000099999999975 0.00000000099999999975 
0.00000000099999999980 0.00000000099999999980 0.00000000099999999980 0.00000000099999999980 0.00000000099999999980 0.00000000099999999980 0.00000000099999999980 0.00000000099999999980 0.00000000099999999980 0.99999998999999994975 0.00000000099999999980 
0.00000000099999999984 0.00000000099999999984 0.00000008674632002150 0.00000000099999999984 0.42459236526325899730 0.00000000099999999984 0.00000000099999999984 0.00000000099999999984 0.00000000099999999984 0.01562700028125645416 0.55978054070916438700 
0.00000000099999999974 0.00000000099999999974 0.00000000099999999974 0.00000000099999999974 0.00000000099999999974 0.00000000099999999974 0.99999998999999994975 0.00000000099999999974 0.00000000099999999974 0.00000000099999999974 0.00000000099999999974 
0.00000000099999999983 0.00000000099999999983 0.00000000099999999983 0.00000000099999999983 0.00000000099999999983 0.00000000099999999983 0.99999998999999994975 0.00000000099999999983 0.00000000099999999983 0.00000000099999999983 0.00000000099999999983 
0.00000000099999999983 0.00000000099999999983 0.00000000099999999983 0.99999999000000006077 0.00000000099999999983 0.00000000099999999983 0.00000000099999999983 0.00000000099999999983 0.00000000099999999983 0.00000000099999999983 0.00000000099999999983 
0.99999999000000028282 0.00000000099999999975 0.00000000099999999975 0.00000000099999999975 0.00000000099999999975 0.00000000099999999975 0.00000000099999999975 0.00000000099999999975 0.00000000099999999975 0.00000000099999999975 0.00000000099999999975 
0.05442709722405689177 0.00000000099999999995 0.00000000099999999995 0.24669683955040713763 0.10557837955953316977 0.26361078697536893811 0.32968689069063400465 0.00000000099999999995 0.00000000099999999995 0.00000000099999999995 0.00000000099999999995 
0.00000000099999999983 0.00000000099999999983 0.00000000099999999983 0.00000000099999999983 0.00000000099999999983 0.99999999000000006077 0.00000000099999999983 0.00000000099999999983 0.00000000099999999983 0.00000000099999999983 0.00000000099999999983 
0.00000000099999999975 0.00000000099999999975 0.00000000099999999975 0.99999999000000006077 0.00000000099999999975 0.00000000099999999975 0.00000000099999999975 0.00000000099999999975 0.00000000099999999975 0.00000000099999999975 0.00000000099999999975 
0.09320442893885574898 0.00000000099999999995 0.00000000099999999995 0.06250470951661450669 0.00000000099999999995 0.40641308706844081478 0.41726494083777226907 0.00000000099999999995 0.00000000099999999995 0.02061282763831663589 0.00000000099999999995 
0.00000000527784822951 0.00000000099999999993 0.00000000099999999993 0.00000000099999999993 0.00000000099999999993 0.43722476152858180676 0.00000000099999999993 0.00000000099999999993 0.00000000099999999993 0.56277522519356992792 0.00000000099999999993 
0.00000000099999999896 0.00000000099999999896 0.00000000099999999896 0.00000000099999999896 0.00000000099999999896 0.99999998999999994975 0.00000000099999999896 0.00000000099999999896 0.00000000099999999896 0.00000000099999999896 0.00000000099999999896 
0.07549745319117441567 0.29605674092872613645 0.00000000099999999988 0.00000000099999999988 0.00000000099999999988 0.62844579788009946597 0.00000000099999999988 0.00000000099999999988 0.00000000099999999988 0.00000000099999999988 0.00000000099999999988 
0.83309487853376185118 0.00000000099999999964 0.00000000099999999964 0.00000000099999999964 0.00000000099999999964 0.16690511246623837560 0.00000000099999999964 0.00000000099999999964 0.00000000099999999964 0.00000000099999999964 0.00000000099999999964 
0.00000034018622327766 0.02829086369402081247 0.00000000099999999988 0.46975291986817641066 0.00000000099999999988 0.00000000099999999988 0.50195586925157942293 0.00000000099999999988 0.00000000099999999988 0.00000000099999999988 0.00000000099999999988 
0.00000000099999999970 0.00000000099999999970 0.00000000099999999970 0.00000000099999999970 0.00000000099999999970 0.00000000099999999970 0.00000000099999999970 0.00000000099999999970 0.99999998999999994975 0.00000000099999999970 0.00000000099999999970 
0.00000000099999999980 0.00000000099999999980 0.00000000099999999980 0.00000000099999999980 0.00000000099999999980 0.00000000099999999980 0.00000000099999999980 0.99999998999999994975 0.00000000099999999980 0.00000000099999999980 0.00000000099999999980 
0.02027555392652665572 0.00041781765377431974 0.00000000099999999988 0.58346750841786865216 0.00000000099999999988 0.00000000099999999988 0.39583911300183044490 0.00000000099999999988 0.00000000099999999988 0.00000000099999999988 0.00000000099999999988 
0.00000000099999999982 0.00000000099999999982 0.00000000099999999982 0.99999999000000017180 0.00000000099999999982 0.00000000099999999982 0.00000000099999999982 0.00000000099999999982 0.00000000099999999982 0.00000000099999999982 0.00000000099999999982 
0.99999999000000017180 0.00000000099999999985 0.00000000099999999985 0.00000000099999999985 0.00000000099999999985 0.00000000099999999985 0.00000000099999999985 0.00000000099999999985 0.00000000099999999985 0.00000000099999999985 0.00000000099999999985 
0.00000000099999999982 0.00000000099999999982 0.00000000099999999982 0.00000000099999999982 0.00000000099999999982 0.00000000099999999982 0.00000000099999999982 0.99999998999999994975 0.00000000099999999982 0.00000000099999999982 0.00000000099999999982 
0.00000000099999999991 0.00000000099999999991 0.00000000099999999991 0.00000000099999999991 0.52294446821904960743 0.00000000099999999991 0.00000000099999999991 0.12852455714007154919 0.00000000099999999991 0.03531687168140647953 0.31321409595947247162 
0.00000000099999999988 0.00000000099999999988 0.00000000099999999988 0.99999999000000006077 0.00000000099999999988 0.00000000099999999988 0.00000000099999999988 0.00000000099999999988 0.00000000099999999988 0.00000000099999999988 0.00000000099999999988 
0.00000000099999999998 0.00000000099999999998 0.00000000099999999998 0.54186975730538000651 0.00000000099999999998 0.05037265830208483008 0.33372798387901375650 0.00000000099999999998 0.00000000099999999998 0.07402959351352132733 0.00000000099999999998 
0.00000000099999999989 0.00000000099999999989 0.00000000099999999989 0.00000000099999999989 0.00000000099999999989 0.00000000099999999989 0.99993381827482608060 0.00000000099999999989 0.00006617272517394530 0.00000000099999999989 0.00000000099999999989 
0.05257293544703301597 0.00000000099999999993 0.00000000099999999993 0.00000000099999999993 0.30026640552952760244 0.00000000099999999993 0.00000000099999999993 0.64716065102343944826 0.00000000099999999993 0.00000000099999999993 0.00000000099999999993 
0.00000000099999999965 0.00000000099999999965 0.99999999000000006077 0.00000000099999999965 0.00000000099999999965 0.00000000099999999965 0.00000000099999999965 0.00000000099999999965 0.00000000099999999965 0.00000000099999999965 0.00000000099999999965 
0.01168443202415374998 0.00000000099999999998 0.03722044656336723212 0.00000000099999999998 0.49677016516671917978 0.00000000099999999998 0.00000000099999999998 0.13136612963008315047 0.00000000099999999998 0.08866419388332666407 0.23429462773234990824 
0.00000000099999999979 0.00000000099999999979 0.00000000099999999979 0.00000000099999999979 0.00000000099999999979 0.00000000099999999979 0.99999998999999994975 0.00000000099999999979 0.00000000099999999979 0.00000000099999999979 0.00000000099999999979 
0.00000000099999999974 0.00000000099999999974 0.00000000099999999974 0.00000000099999999974 0.00000000099999999974 0.00000000099999999974 0.00000000099999999974 0.00000000099999999974 0.99999999000000006077 0.00000000099999999974 0.00000000099999999974 
0.00000000099999999944 0.00000000099999999944 0.99999999000000017180 0.00000000099999999944 0.00000000099999999944 0.00000000099999999944 0.00000000099999999944 0.00000000099999999944 0.00000000099999999944 0.00000000099999999944 0.00000000099999999944 
0.00000000099999999985 0.00000000099999999985 0.00000000099999999985 0.99999999000000017180 0.00000000099999999985 0.00000000099999999985 0.00000000099999999985 0.00000000099999999985 0.00000000099999999985 0.00000000099999999985 0.00000000099999999985 
0.00000000099999999980 0.00000000099999999980 0.00000000099999999980 0.99999999000000017180 0.00000000099999999980 0.00000000099999999980 0.00000000099999999980 0.00000000099999999980 0.00000000099999999980 0.00000000099999999980 0.00000000099999999980 
0.00000000099999999988 0.04780654100381820371 0.00000000099999999988 0.66286042885794982382 0.00000000099999999988 0.00000000099999999988 0.28933302213823219873 0.00000000099999999988 0.00000000099999999988 0.00000000099999999988 0.00000000099999999988 
0.00000000099999999985 0.00000000099999999985 0.00000000099999999985 0.00000000099999999985 0.00000000099999999985 0.00000000099999999985 0.00000000099999999985 0.00000000099999999985 0.00000000099999999985 0.99999999000000006077 0.00000000099999999985 
0.00000000099999999999 0.00000000099999999999 0.00201345841797059139 0.00000000099999999999 0.00039018956606879995 0.00000000099999999999 0.08760182617250011905 0.10043129894709838801 0.00000000099999999999 0.80956322089636212347 0.00000000099999999999 
0.99999999000000017180 0.00000000099999999981 0.00000000099999999981 0.00000000099999999981 0.00000000099999999981 0.00000000099999999981 0.00000000099999999981 0.00000000099999999981 0.00000000099999999981 0.00000000099999999981 0.00000000099999999981 
0.48223891199093543714 0.00000000099999999995 0.00000000099999999995 0.00000000099999999995 0.16030319061293960003 0.00000000099999999995 0.00000000099999999995 0.34143150630699697912 0.00000000099999999995 0.00000000099999999995 0.01602638408912799434 
0.00000000099999999983 0.00000000099999999983 0.00000000099999999983 0.00000000099999999983 0.00000000099999999983 0.00000000099999999983 0.00000000099999999983 0.00000000099999999983 0.00000000099999999983 0.99999998999999994975 0.00000000099999999983 
0.00000000099999999988 0.00000000099999999988 0.00000000099999999988 0.99999999000000006077 0.00000000099999999988 0.00000000099999999988 0.00000000099999999988 0.00000000099999999988 0.00000000099999999988 0.00000000099999999988 0.00000000099999999988 
0.00000000099999999982 0.00000000099999999982 0.00000000099999999982 0.00000000099999999982 0.00000000099999999982 0.00000000099999999982 0.00000000099999999982 0.00000000099999999982 0.00000000099999999982 0.99999999000000006077 0.00000000099999999982 
0.00000000099999999986 0.00000000099999999986 0.00000000099999999986 0.00000000099999999986 0.00000000099999999986 0.00000000099999999986 0.00000000099999999986 0.00000000099999999986 0.00000000099999999986 0.99999999000000006077 0.00000000099999999986 
0.00000000099999999983 0.00000000099999999983 0.00000000099999999983 0.00000000099999999983 0.00000000099999999983 0.00000000099999999983 0.00000000099999999983 0.00000000099999999983 0.00000000099999999983 0.99999998999999994975 0.00000000099999999983 
0.00000000099999999995 0.00000000099999999995 0.02004465268420177818 0.00000000099999999995 0.20590454037007982491 0.00000000099999999995 0.00000000099999999995 0.39850928233865795525 0.00000000099999999995 0.08989347904575080428 0.28564803956130963014 
0.00000000099999999973 0.00000000099999999973 0.00000000099999999973 0.00000000099999999973 0.00000000099999999973 0.00000000099999999973 0.00000000099999999973 0.00000000099999999973 0.00000000099999999973 0.99999998999999994975 0.00000000099999999973 
0.00000000099999999981 0.00000000099999999981 0.00000000099999999981 0.00000000099999999981 0.00000000099999999981 0.00000000099999999981 0.00000000099999999981 0.05410180699507455282 0.00000000099999999981 0.94589818400492531314 0.00000000099999999981 
0.42437623206776353690 0.07226766264010218987 0.00000000099999999988 0.33420536848927728801 0.00000000099999999988 0.00000000099999999988 0.16915072980285705828 0.00000000099999999988 0.00000000099999999988 0.00000000099999999988 0.00000000099999999988 
0.00000000099999999997 0.00000031823408413973 0.00000000099999999997 0.00000000099999999997 0.00000000099999999997 0.00000000099999999997 0.00000000099999999997 0.56483419550446645196 0.00000000099999999997 0.10564039947985126577 0.32952507978159828461 
0.00000000099999999994 0.00000000099999999994 0.00000000099999999994 0.00000000099999999994 0.00000000099999999994 0.00000000099999999994 0.00000000099999999994 0.48036555507089323536 0.00000000099999999994 0.51963443592910663060 0.00000000099999999994 
0.00000000099999999987 0.00000000099999999987 0.00000000099999999987 0.00000000099999999987 0.00000000099999999987 0.00000000099999999987 0.00000000099999999987 0.00000000099999999987 0.00000000099999999987 0.95413808581832826317 0.04586190518167180402 
0.00000000099999999992 0.00000000099999999992 0.00384257438794293870 0.00000000099999999992 0.34859775672224890819 0.00000000099999999992 0.00000000099999999992 0.34824839444145705425 0.00000000099999999992 0.00000000099999999992 0.29931126744835107045 
0.00000000099999999987 0.00000000099999999987 0.00000000099999999987 0.00000000099999999987 0.00000000099999999987 0.00000000099999999987 0.00000000099999999987 0.04812808979039021051 0.00000000099999999987 0.95187190120960984974 0.00000000099999999987 
0.00000000099999999973 0.00000000099999999973 0.00000000099999999973 0.00000000099999999973 0.00000000099999999973 0.00000000099999999973 0.00000000099999999973 0.00000000099999999973 0.00000000099999999973 0.00000000099999999973 0.99999999000000006077 
0.00000000099999999970 0.00000000099999999970 0.00000000099999999970 0.00000000099999999970 0.00000000099999999970 0.00000000099999999970 0.00000000099999999970 0.99999999000000006077 0.00000000099999999970 0.00000000099999999970 0.00000000099999999970 
0.00000000099999999991 0.00000000099999999991 0.00000000099999999991 0.00000000099999999991 0.00000000099999999991 0.00000000099999999991 0.00000000099999999991 0.07311380364374464591 0.00000000099999999991 0.92688618735625527556 0.00000000099999999991 
0.00000000099999999984 0.00000000099999999984 0.00000000099999999984 0.00000000099999999984 0.00000000099999999984 0.00000000099999999984 0.00000000099999999984 0.00000000099999999984 0.00000000099999999984 0.99999497454470920310 0.00000501645529076513 
0.00000000099999999996 0.00000000099999999996 0.00000000099999999996 0.00000000099999999996 0.00000000099999999996 0.00000000099999999996 0.07561877022309382301 0.00000000099999999996 0.92438122077690609846 0.00000000099999999996 0.00000000099999999996 
0.00000000099999999990 0.00000000099999999990 0.00000000099999999990 0.00000000099999999990 0.29682994510134319555 0.00000000099999999990 0.00000000099999999990 0.20505938605886639414 0.00000000099999999990 0.00759729429525673669 0.49051336754453378486 
0.00000000099999999995 0.00000000099999999995 0.01384770026071083932 0.00000000099999999995 0.00000000099999999995 0.00249189312312014582 0.00000000099999999995 0.05062843101212552432 0.00023942872434232876 0.93279254087970120413 0.00000000099999999995 
0.00000000099999999978 0.00000000099999999978 0.00000000099999999978 0.00000000099999999978 0.00000000099999999978 0.00000000099999999978 0.00000000099999999978 0.00000000099999999978 0.99999999000000006077 0.00000000099999999978 0.00000000099999999978 
0.00000000099999999985 0.00000000099999999985 0.00000000099999999985 0.99999999000000017180 0.00000000099999999985 0.00000000099999999985 0.00000000099999999985 0.00000000099999999985 0.00000000099999999985 0.00000000099999999985 0.00000000099999999985 
0.00000000099999999986 0.00000000099999999986 0.00000000099999999986 0.00000000099999999986 0.32132069550788483481 0.00000000099999999986 0.00000000099999999986 0.00000000099999999986 0.00000000099999999986 0.00000000099999999986 0.67867929549211514217 
0.00000000099999999987 0.04922252992738992972 0.00000000099999999987 0.00000000099999999987 0.00000000099999999987 0.05073479878714338975 0.00000000099999999987 0.00000000099999999987 0.90004266328546667086 0.00000000099999999987 0.00000000099999999987 
0.00000000099999999982 0.00000000099999999982 0.00000000099999999982 0.00000000099999999982 0.00000000099999999982 0.00000000099999999982 0.00000000099999999982 0.00000000099999999982 0.99999999000000006077 0.00000000099999999982 0.00000000099999999982 
0.00000000099999999992 0.00000000099999999992 0.00000000099999999992 0.00018026100158468345 0.00000000099999999992 0.00000000099999999992 0.00000000099999999992 0.00000000099999999992 0.99981972999841539629 0.00000000099999999992 0.00000000099999999992 
0.99999999000000017180 0.00000000099999999981 0.00000000099999999981 0.00000000099999999981 0.00000000099999999981 0.00000000099999999981 0.00000000099999999981 0.00000000099999999981 0.00000000099999999981 0.00000000099999999981 0.00000000099999999981 
0.00000000099999999962 0.99999999000000028282 0.00000000099999999962 0.00000000099999999962 0.00000000099999999962 0.00000000099999999962 0.00000000099999999962 0.00000000099999999962 0.00000000099999999962 0.00000000099999999962 0.00000000099999999962 
0.00000000099999999994 0.92023047563505988578 0.00000000099999999994 0.00000000099999999994 0.00000000099999999994 0.00000000099999999994 0.00000000099999999994 0.00000000099999999994 0.00000000099999999994 0.07976951536494042427 0.00000000099999999994 
0.99999999000000028282 0.00000000099999999986 0.00000000099999999986 0.00000000099999999986 0.00000000099999999986 0.00000000099999999986 0.00000000099999999986 0.00000000099999999986 0.00000000099999999986 0.00000000099999999986 0.00000000099999999986 
0.00000000099999999987 0.00000000099999999987 0.00000000099999999987 0.41234624096179928188 0.00000000099999999987 0.00000000099999999987 0.58765375003820075062 0.00000000099999999987 0.00000000099999999987 0.00000000099999999987 0.00000000099999999987 
0.00000000099999999977 0.00000000099999999977 0.00000000099999999977 0.00000000099999999977 0.00000000099999999977 0.00000000099999999977 0.00000000099999999977 0.00000000099999999977 0.99999999000000006077 0.00000000099999999977 0.00000000099999999977 
0.00000000099999999942 0.99999999000000028282 0.00000000099999999942 0.00000000099999999942 0.00000000099999999942 0.00000000099999999942 0.00000000099999999942 0.00000000099999999942 0.00000000099999999942 0.00000000099999999942 0.00000000099999999942 
0.00000000099999999949 0.99999999000000017180 0.00000000099999999949 0.00000000099999999949 0.00000000099999999949 0.00000000099999999949 0.00000000099999999949 0.00000000099999999949 0.00000000099999999949 0.00000000099999999949 0.00000000099999999949 
0.00091070673905744063 0.02069812430027186817 0.03337818181529831479 0.08723064113581419088 0.00000000099999999998 0.00000000099999999998 0.00000000099999999998 0.00000000099999999998 0.85778234000955810856 0.00000000099999999998 0.00000000099999999998 
0.46229951818006648212 0.10971809625274518696 0.00000166147503181821 0.09815170831434062715 0.14475448573737159652 0.06200718031097073729 0.06746808611424234825 0.00000000099999999999 0.00000000099999999999 0.00000000099999999999 0.05559926061523132873 
0.00000000099999999998 0.03675097299048336874 0.00250020009501471805 0.26616828369659750742 0.00000000099999999998 0.00001618680686908564 0.50278209109073046523 0.14503505508585645689 0.04674720623444852952 0.00000000099999999998 0.00000000099999999998 
0.99999999000000017180 0.00000000099999999983 0.00000000099999999983 0.00000000099999999983 0.00000000099999999983 0.00000000099999999983 0.00000000099999999983 0.00000000099999999983 0.00000000099999999983 0.00000000099999999983 0.00000000099999999983 
0.00000000099999999990 0.08946142305254749238 0.00000000099999999990 0.00000000099999999990 0.00000000099999999990 0.00000048330121288427 0.00000000099999999990 0.00000000099999999990 0.91053808564623961441 0.00000000099999999990 0.00000000099999999990 
0.00000000099999999978 0.00000000099999999978 0.00000000099999999978 0.00000000099999999978 0.00000000099999999978 0.00000000099999999978 0.99999999000000006077 0.00000000099999999978 0.00000000099999999978 0.00000000099999999978 0.00000000099999999978 
0.00000000099999999995 0.06545628961793870104 0.00000000099999999995 0.74535783944614475427 0.00000000099999999995 0.00000000099999999995 0.18749658172021879676 0.00000000099999999995 0.00168928221569784637 0.00000000099999999995 0.00000000099999999995 
0.99999999000000017180 0.00000000099999999981 0.00000000099999999981 0.00000000099999999981 0.00000000099999999981 0.00000000099999999981 0.00000000099999999981 0.00000000099999999981 0.00000000099999999981 0.00000000099999999981 0.00000000099999999981 
0.02058808897665092771 0.00000000099999999990 0.00000000099999999990 0.39708459147356328645 0.00000000099999999990 0.00000000099999999990 0.57698583450675589024 0.00000000099999999990 0.00534147804302993225 0.00000000099999999990 0.00000000099999999990 
0.00000000099999999948 0.99999999000000028282 0.00000000099999999948 0.00000000099999999948 0.00000000099999999948 0.00000000099999999948 0.00000000099999999948 0.00000000099999999948 0.00000000099999999948 0.00000000099999999948 0.00000000099999999948 
0.99513926632495786073 0.00466629828596305026 0.00000000099999999995 0.00000000099999999995 0.00000000099999999995 0.00000000099999999995 0.00000000099999999995 0.00000000099999999995 0.00000000099999999995 0.00019442738907930209 0.00000000099999999995 
0.00000000099999999987 0.00000000099999999987 0.00000000099999999987 0.05361404396009313011 0.00000000099999999987 0.00000000099999999987 0.00000000099999999987 0.00000000099999999987 0.94638594703990686074 0.00000000099999999987 0.00000000099999999987 
0.98625031334438140185 0.00000000099999999991 0.00000000099999999991 0.00000000099999999991 0.00000000099999999991 0.00000000099999999991 0.01374967765561875381 0.00000000099999999991 0.00000000099999999991 0.00000000099999999991 0.00000000099999999991 
0.00000000099999999992 0.02346127929521756722 0.00000000099999999992 0.51289036924681918883 0.00000000099999999992 0.00000000099999999992 0.42542143194828851982 0.00000000099999999992 0.03822691250967460291 0.00000000099999999992 0.00000000099999999992 
0.00000000099999999983 0.00000000099999999983 0.00000000099999999983 0.00000000099999999983 0.00000000099999999983 0.00000000099999999983 0.00000000099999999983 0.00000000099999999983 0.00000000099999999983 0.99999999000000006077 0.00000000099999999983 
0.00000000099999999967 0.00000000099999999967 0.00000000099999999967 0.00000000099999999967 0.00000000099999999967 0.00000000099999999967 0.00000000099999999967 0.00000000099999999967 0.00000000099999999967 0.99999999000000006077 0.00000000099999999967 
0.00000000099999999989 0.00000000099999999989 0.01396917111719717976 0.00000000099999999989 0.29175269223624422654 0.00000000099999999989 0.00000000099999999989 0.00000000099999999989 0.00000000099999999989 0.00000000099999999989 0.69427812864655835678 
0.00000000099999999982 0.00000000099999999982 0.00000000099999999982 0.00000000099999999982 0.00000000099999999982 0.00000000099999999982 0.00000000099999999982 0.66572059831209517977 0.00000000099999999982 0.00000000099999999982 0.33427939268790474170 
0.00000000099999999999 0.00000000099999999999 0.04814088438798123926 0.00000000099999999999 0.00000000099999999999 0.04690282412792581151 0.00046478338610315457 0.00000000099999999999 0.87562249267466318869 0.01780852181342218107 0.01106048860990444839 
0.08506045252334659690 0.00000000099999999992 0.00000000099999999992 0.00000000099999999992 0.40749122782040686497 0.00000000099999999992 0.00000000099999999992 0.17277609240425703674 0.00000000099999999992 0.03602953871966694394 0.29864268253232245653 
0.00000000099999999979 0.00000000099999999979 0.00000000099999999979 0.00000000099999999979 0.99999999000000017180 0.00000000099999999979 0.00000000099999999979 0.00000000099999999979 0.00000000099999999979 0.00000000099999999979 0.00000000099999999979 
0.00000000099999999998 0.00000000099999999998 0.00224068643077922564 0.00003450269094883119 0.00000000099999999998 0.00000000099999999998 0.00000076127681311945 0.00000000099999999998 0.87683635787112257365 0.12088768573033631393 0.00000000099999999998 
0.01330239122654892046 0.00000000099999999998 0.02370502203912634026 0.10340674302585881050 0.23001897517078367938 0.00000000099999999998 0.00000000099999999998 0.48715484883706777763 0.00000000099999999998 0.07203023197630702146 0.07038178372430743679 
0.00000000099999999977 0.00000000099999999977 0.00000000099999999977 0.00000000099999999977 0.00000000099999999977 0.00000000099999999977 0.00000000099999999977 0.00000000099999999977 0.00000000099999999977 0.99999998999999994975 0.00000000099999999977 
0.00000000099999999997 0.00000000099999999997 0.00000000099999999997 0.00000000099999999997 0.08260488373523357242 0.00000000099999999997 0.00551702511281830597 0.00000000099999999997 0.81786750687736375909 0.09401057727458418667 0.00000000099999999997 
0.00000000099999999983 0.00000000099999999983 0.00000000099999999983 0.58189158509026961408 0.00000000099999999983 0.11569046648954424417 0.30241794042018632638 0.00000000099999999983 0.00000000099999999983 0.00000000099999999983 0.00000000099999999983 
0.00000000099999999976 0.00000000099999999976 0.00000000099999999976 0.00000000099999999976 0.00000000099999999976 0.00000000099999999976 0.00000000099999999976 0.00000000099999999976 0.99999999000000006077 0.00000000099999999976 0.00000000099999999976 
0.99999999000000028282 0.00000000099999999980 0.00000000099999999980 0.00000000099999999980 0.00000000099999999980 0.00000000099999999980 0.00000000099999999980 0.00000000099999999980 0.00000000099999999980 0.00000000099999999980 0.00000000099999999980 
0.00000000099999999986 0.00000000099999999986 0.00000000099999999986 0.00000000099999999986 0.00000000099999999986 0.00000000099999999986 0.99999998999999994975 0.00000000099999999986 0.00000000099999999986 0.00000000099999999986 0.00000000099999999986 
0.00000000099999999989 0.00000000099999999989 0.00000000099999999989 0.00000000099999999989 0.37346756683365489593 0.00000000099999999989 0.00000000099999999989 0.00000000099999999989 0.00000000099999999989 0.00000000099999999989 0.62653242416634502554 
0.00000005280335368601 0.00007795043336758708 0.00000000100000000000 0.00000000100000000000 0.42758266180864434869 0.01921481787049000162 0.00000076708289838610 0.07115203470346685710 0.15726324773195379803 0.02000576525058044355 0.30470270031524493426 
0.00000000099999999981 0.00000000099999999981 0.00000000099999999981 0.00000000099999999981 0.00000000099999999981 0.00000000099999999981 0.00000000099999999981 0.00000000099999999981 0.00000000099999999981 0.00000000099999999981 0.99999999000000006077 
0.00000000099999999982 0.00000000099999999982 0.00000000099999999982 0.00000000099999999982 0.99999999000000006077 0.00000000099999999982 0.00000000099999999982 0.00000000099999999982 0.00000000099999999982 0.00000000099999999982 0.00000000099999999982 
0.00000000099999999995 0.00000000099999999995 0.00000000099999999995 0.00000000099999999995 0.22340682106988657418 0.00000000099999999995 0.00000000099999999995 0.39809696541747613407 0.00000000099999999995 0.01973813703092633376 0.35875806948171101718 
0.00000000099999999972 0.00000000099999999972 0.00000000099999999972 0.00000000099999999972 0.99999999000000006077 0.00000000099999999972 0.00000000099999999972 0.00000000099999999972 0.00000000099999999972 0.00000000099999999972 0.00000000099999999972 
0.00000000099999999986 0.00000000099999999986 0.00000000099999999986 0.00000000099999999986 0.00000000099999999986 0.00000000099999999986 0.99999999000000006077 0.00000000099999999986 0.00000000099999999986 0.00000000099999999986 0.00000000099999999986 
0.95752409269544513926 0.04247589830455491405 0.00000000099999999990 0.00000000099999999990 0.00000000099999999990 0.00000000099999999990 0.00000000099999999990 0.00000000099999999990 0.00000000099999999990 0.00000000099999999990 0.00000000099999999990 
0.00000000099999999990 0.00000000099999999990 0.00000000099999999990 0.61391693733752583650 0.00000000099999999990 0.01082463897209995536 0.37447152720092058420 0.00000000099999999990 0.00078688948945362155 0.00000000099999999990 0.00000000099999999990 
0.00000000099999999986 0.00000000099999999986 0.00000000099999999986 0.00000000099999999986 0.00000000099999999986 0.00000000099999999986 0.99999999000000006077 0.00000000099999999986 0.00000000099999999986 0.00000000099999999986 0.00000000099999999986 
0.99999999000000028282 0.00000000099999999976 0.00000000099999999976 0.00000000099999999976 0.00000000099999999976 0.00000000099999999976 0.00000000099999999976 0.00000000099999999976 0.00000000099999999976 0.00000000099999999976 0.00000000099999999976 
0.00000000099999999967 0.00000000099999999967 0.00000000099999999967 0.00000000099999999967 0.00000000099999999967 0.00000000099999999967 0.00000000099999999967 0.00000000099999999967 0.99999999000000006077 0.00000000099999999967 0.00000000099999999967 
0.00000000099999999979 0.00000000099999999979 0.00000000099999999979 0.00000000099999999979 0.00000000099999999979 0.00000000099999999979 0.00000000099999999979 0.00000000099999999979 0.99999998999999994975 0.00000000099999999979 0.00000000099999999979 
0.00000000099999999982 0.00000000099999999982 0.00000000099999999982 0.38557366456881070338 0.00000000099999999982 0.00000000099999999982 0.61442632643118921809 0.00000000099999999982 0.00000000099999999982 0.00000000099999999982 0.00000000099999999982 
0.00000000099999999980 0.00000000099999999980 0.00000000099999999980 0.00000000099999999980 0.00000000099999999980 0.00000000099999999980 0.99999998999999994975 0.00000000099999999980 0.00000000099999999980 0.00000000099999999980 0.00000000099999999980 
0.00000000099999999984 0.00000000099999999984 0.00000000099999999984 0.44877009186133975938 0.00000000099999999984 0.00000000099999999984 0.55122989913866027312 0.00000000099999999984 0.00000000099999999984 0.00000000099999999984 0.00000000099999999984 
0.00000000099999999979 0.00000000099999999979 0.00000000099999999979 0.00000000099999999979 0.00000000099999999979 0.00000000099999999979 0.00000000099999999979 0.00000000099999999979 0.99999998999999994975 0.00000000099999999979 0.00000000099999999979 
0.00000000099999999991 0.00000000099999999991 0.00000000099999999991 0.02264224518682295823 0.00000000099999999991 0.00000000099999999991 0.00000000099999999991 0.00000000099999999991 0.97735774581317702570 0.00000000099999999991 0.00000000099999999991 
0.00000000099999999977 0.00000000099999999977 0.00000000099999999977 0.99999999000000017180 0.00000000099999999977 0.00000000099999999977 0.00000000099999999977 0.00000000099999999977 0.00000000099999999977 0.00000000099999999977 0.00000000099999999977 
0.99999999000000017180 0.00000000099999999979 0.00000000099999999979 0.00000000099999999979 0.00000000099999999979 0.00000000099999999979 0.00000000099999999979 0.00000000099999999979 0.00000000099999999979 0.00000000099999999979 0.00000000099999999979 
0.00000005022150447920 0.03631682655568020668 0.01999619376102428070 0.94367045925125625505 0.00000000099999999995 0.00000000099999999995 0.00000000099999999995 0.00000000099999999995 0.00001646421053482259 0.00000000099999999995 0.00000000099999999995 
0.00000000099999999970 0.00000000099999999970 0.00000000099999999970 0.00000000099999999970 0.00000000099999999970 0.00000000099999999970 0.00000000099999999970 0.00000000099999999970 0.99999998999999994975 0.00000000099999999970 0.00000000099999999970 
0.00000000099999999985 0.00000103010867023073 0.00000000099999999985 0.63053728530262764806 0.00000000099999999985 0.00000000099999999985 0.36946167658870210371 0.00000000099999999985 0.00000000099999999985 0.00000000099999999985 0.00000000099999999985 
0.02173820453659567123 0.00000000099999999998 0.01260149866769181767 0.00000000099999999998 0.45104779019559626541 0.00000000099999999998 0.00000000099999999998 0.32158828684209794790 0.00000000099999999998 0.06673176974407382667 0.12629244501394459865 
0.09615602116752093587 0.09917340214876353699 0.00000000099999999990 0.00369124775653553163 0.00000000099999999990 0.00000000099999999990 0.00000000208688009608 0.00000000099999999990 0.80097932084029976885 0.00000000099999999990 0.00000000099999999990 
0.00000000099999999996 0.00000000099999999996 0.00476991843073181886 0.06346159382333503574 0.00001222070410551005 0.00000000099999999996 0.00000000099999999996 0.54187730170697967491 0.00000000099999999996 0.00000000099999999996 0.38987895933484806310 
0.00000000099999999970 0.00000000099999999970 0.00000000099999999970 0.00000000099999999970 0.00000000099999999970 0.00000000099999999970 0.00000000099999999970 0.00000000099999999970 0.99999999000000006077 0.00000000099999999970 0.00000000099999999970 
0.00000000099999999980 0.00000000099999999980 0.00000000099999999980 0.99999999000000017180 0.00000000099999999980 0.00000000099999999980 0.00000000099999999980 0.00000000099999999980 0.00000000099999999980 0.00000000099999999980 0.00000000099999999980 
0.00000000099999999979 0.00000000099999999979 0.00000000099999999979 0.99999999000000006077 0.00000000099999999979 0.00000000099999999979 0.00000000099999999979 0.00000000099999999979 0.00000000099999999979 0.00000000099999999979 0.00000000099999999979 
0.00000000099999999977 0.00000000099999999977 0.00000000099999999977 0.00000000099999999977 0.00000000099999999977 0.00000000099999999977 0.00000000099999999977 0.00000000099999999977 0.99999998999999994975 0.00000000099999999977 0.00000000099999999977 
0.00000000099999999974 0.00000000099999999974 0.00000000099999999974 0.00000000099999999974 0.00000000099999999974 0.00000000099999999974 0.99999999000000006077 0.00000000099999999974 0.00000000099999999974 0.00000000099999999974 0.00000000099999999974 
0.05622149764605325478 0.00000000100000000000 0.06978315528692047298 0.19311104494492098427 0.00000294097403426946 0.02005536686785597614 0.43557473626120590815 0.15256644341459682512 0.00000001555619489010 0.02417291324383718729 0.04851188480438012318 
0.00000000099999999981 0.00000000099999999981 0.00000000099999999981 0.00000000099999999981 0.00000000099999999981 0.01079548890948552747 0.00000000099999999981 0.00000000099999999981 0.98920450209051458135 0.00000000099999999981 0.00000000099999999981 
0.00000000099999999995 0.00000000099999999995 0.00000000099999999995 0.31552303184546143244 0.00000000099999999995 0.00000000099999999995 0.68447695915453854454 0.00000000099999999995 0.00000000099999999995 0.00000000099999999995 0.00000000099999999995 
0.00000000099999999989 0.00000000099999999989 0.00000000099999999989 0.00000000099999999989 0.00566425164391285655 0.00000000099999999989 0.00000000099999999989 0.17396658795216424220 0.00000000099999999989 0.82036915240392271897 0.00000000099999999989 
0.00000000099999999937 0.00000000099999999937 0.99999999000000006077 0.00000000099999999937 0.00000000099999999937 0.00000000099999999937 0.00000000099999999937 0.00000000099999999937 0.00000000099999999937 0.00000000099999999937 0.00000000099999999937 
0.00000000099999999972 0.00000000099999999972 0.00000000099999999972 0.00000000099999999972 0.00000000099999999972 0.00000000099999999972 0.00000000099999999972 0.00000000099999999972 0.00000000099999999972 0.00000000099999999972 0.99999999000000006077 
0.00000000099999999976 0.00000000099999999976 0.00000000099999999976 0.00000000099999999976 0.99999999000000006077 0.00000000099999999976 0.00000000099999999976 0.00000000099999999976 0.00000000099999999976 0.00000000099999999976 0.00000000099999999976 
0.00000000099999999980 0.00000000099999999980 0.00000000099999999980 0.00000000099999999980 0.99999999000000006077 0.00000000099999999980 0.00000000099999999980 0.00000000099999999980 0.00000000099999999980 0.00000000099999999980 0.00000000099999999980 
0.00000000099999999992 0.00000000099999999992 0.00000000099999999992 0.00000000099999999992 0.37298358903592415681 0.00000000099999999992 0.00000000099999999992 0.15414541583740898334 0.00000000099999999992 0.00000000099999999992 0.47287098712666697509 
0.00000000099999999978 0.00000000099999999978 0.00000000099999999978 0.00000000099999999978 0.00000000099999999978 0.00000000099999999978 0.00000000099999999978 0.99999998999999994975 0.00000000099999999978 0.00000000099999999978 0.00000000099999999978 
0.00000000099999999999 0.00000000099999999999 0.00075172284571586639 0.07957634894599498188 0.15454096847728937547 0.02742072507150536756 0.00000001586936069810 0.08040545498206859432 0.00000000099999999999 0.16135110585349998757 0.49595365495456517069 
0.00000000099999999975 0.00000000099999999975 0.00000000099999999975 0.00000000099999999975 0.00000000099999999975 0.00000000099999999975 0.00000000099999999975 0.00000000099999999975 0.00000000099999999975 0.00000000099999999975 0.99999998999999994975 
0.00000000099999999971 0.00000000099999999971 0.00000000099999999971 0.00000000099999999971 0.00000000099999999971 0.00000000099999999971 0.00000000099999999971 0.00000000099999999971 0.99999999000000006077 0.00000000099999999971 0.00000000099999999971 
0.00000000099999999993 0.00000000099999999993 0.00159387276526391525 0.00000000099999999993 0.34450462259960773492 0.00000000099999999993 0.00000000099999999993 0.00000000099999999993 0.00000000099999999993 0.04028138083064246311 0.61362011680448591555 
0.00000000099999999940 0.00000000099999999940 0.99999999000000006077 0.00000000099999999940 0.00000000099999999940 0.00000000099999999940 0.00000000099999999940 0.00000000099999999940 0.00000000099999999940 0.00000000099999999940 0.00000000099999999940 
0.00000000099999999978 0.00000000099999999978 0.00000000099999999978 0.00000000099999999978 0.00000000099999999978 0.00000000099999999978 0.00000000099999999978 0.00000000099999999978 0.00000000099999999978 0.00000000099999999978 0.99999998999999994975 
0.00000000099999999982 0.00000000099999999982 0.00000000099999999982 0.00000000099999999982 0.00000177749248822158 0.00000000099999999982 0.00000000099999999982 0.00000000099999999982 0.00000000099999999982 0.99999817197699525373 0.00000004253051644945 
