0.45241253317831958691 0.32752382707209765078 0.00082845158818472913 0.00000000099999999999 0.10222769358686560615 0.00000000099999999999 0.11700749257453242624 
0.00000000099999999997 0.00000000099999999997 0.00000000099999999997 0.00000000099999999997 0.93299191137026682430 0.02681107440832739691 0.04019701022140578783 
0.16590101731746584313 0.00239824540081096408 0.00000000099999999999 0.02307918002620029316 0.80862155349145392602 0.00000000176406903422 0.00000000099999999999 
0.12083146074582343243 0.00000000099999999997 0.00000000099999999997 0.00000000099999999997 0.87171560275172654819 0.00745293250245006745 0.00000000099999999997 
0.12505102934605996645 0.00000000099999999996 0.00000000099999999996 0.00000000099999999996 0.86331490738118177308 0.00000000099999999996 0.01163405927275819839 
0.00000000099999999996 0.00000000099999999996 0.00000000099999999996 0.00000000099999999996 0.97290986753339570026 0.00000000099999999996 0.02709012746660441687 
0.00000000099999999989 0.00000000099999999989 0.00000000099999999989 0.97184848338473617257 0.00000000099999999989 0.02815151161526379883 0.00000000099999999989 
0.00000000099999999983 0.00000000099999999983 0.00000000099999999983 0.00000000099999999983 0.00000000099999999983 0.00000000099999999983 0.99999999399999994765 
0.11360355865060305092 0.00000000099999999994 0.01353610706776601537 0.00000000099999999994 0.87286033028163090286 0.00000000099999999994 0.00000000099999999994 
0.00000000099999999988 0.00000000099999999988 0.00000000099999999988 0.99999999400000005867 0.00000000099999999988 0.00000000099999999988 0.00000000099999999988 
0.00000000099999999992 0.00000000099999999992 0.00000000099999999992 0.99999999399999994765 0.00000000099999999992 0.00000000099999999992 0.00000000099999999992 
0.00000000099999999994 0.00000000099999999994 0.00000000099999999994 0.99999999400000005867 0.00000000099999999994 0.00000000099999999994 0.00000000099999999994 
0.00000000099999999986 0.00000000099999999986 0.00000000099999999986 0.00000000099999999986 0.00000000099999999986 0.99999999399999994765 0.00000000099999999986 
0.00000000099999999999 0.16968598957778419090 0.00000000099999999999 0.55080475751242063964 0.12270929675591986385 0.15448379550585478182 0.00231615864802039648 
0.17005409788674455407 0.41114621673716206240 0.00000000099999999999 0.00000000099999999999 0.00000000099999999999 0.41879968137609335788 0.00000000099999999999 
0.00000000099999999990 0.00000000099999999990 0.00000000099999999990 0.99999999399999994765 0.00000000099999999990 0.00000000099999999990 0.00000000099999999990 
0.00000000099999999998 0.23971129438275598500 0.00000000099999999998 0.44629699551135698643 0.00000000099999999998 0.19895914870671377317 0.11503255839917339576 
0.29346292231989645760 0.23984271918973890103 0.00000000099999999999 0.00000000099999999999 0.03146192746111482058 0.19052537591025112129 0.24470705311899884626 
0.00000000099999999971 0.99999999400000005867 0.00000000099999999971 0.00000000099999999971 0.00000000099999999971 0.00000000099999999971 0.00000000099999999971 
0.00000000099999999997 0.49540738155444896673 0.00000000099999999997 0.00000000099999999997 0.00000000099999999997 0.50459261344555084161 0.00000000099999999997 
0.00000000099999999975 0.00000000099999999975 0.00000000099999999975 0.00000000099999999975 0.00000000099999999975 0.99999999399999994765 0.00000000099999999975 
0.00000000099999999992 0.00000000099999999992 0.00000000099999999992 0.97860788791448127810 0.00000000099999999992 0.02139210708551874188 0.00000000099999999992 
0.00000000099999999979 0.99999999400000016969 0.00000000099999999979 0.00000000099999999979 0.00000000099999999979 0.00000000099999999979 0.00000000099999999979 
0.15193831304290067452 0.00000000099999999998 0.00000000099999999998 0.00000000099999999998 0.80207850169299543808 0.04598318126410395890 0.00000000099999999998 
0.00000000099999999992 0.00000000099999999992 0.00000000099999999992 0.97418387104875026061 0.00000000099999999992 0.02581612395124963794 0.00000000099999999992 
0.00000000099999999993 0.00000000099999999993 0.00000000099999999993 0.99998874119442193731 0.00000000099999999993 0.00001125380557797263 0.00000000099999999993 
0.00000000099999999993 0.00000000099999999993 0.00000000099999999993 0.00000000099999999993 0.00000000099999999993 0.99999999399999994765 0.00000000099999999993 
0.00000000099999999999 0.00098367376119237715 0.00417216875051740731 0.00000000099999999999 0.86675491825595563089 0.02944343423990022218 0.09864580299243451422 
0.11469926294168458769 0.00000000099999999995 0.00000000099999999995 0.00000000099999999995 0.88530073205831538719 0.00000000099999999995 0.00000000099999999995 
0.00000257338280698873 0.00000000099999999998 0.00000000099999999998 0.99999742161719307187 0.00000000099999999998 0.00000000099999999998 0.00000000099999999998 
0.09308498346936426582 0.03387108225147803658 0.00007412055692647942 0.87296981072223134301 0.00000000099999999999 0.00000000099999999999 0.00000000099999999999 
0.00000000099999999996 0.01650793873721382102 0.01491676191005409172 0.93391264038294707905 0.00000000099999999996 0.03466265596978503755 0.00000000099999999996 
0.05872288980412525977 0.00000000099999999998 0.00000000099999999998 0.00026384775389099797 0.87104522764379799238 0.06964587755436615901 0.00032215524381970154 
0.00000000099999999980 0.00000000099999999980 0.99999999400000005867 0.00000000099999999980 0.00000000099999999980 0.00000000099999999980 0.00000000099999999980 
0.13481040622122744677 0.00000000099999999999 0.03982431974852539136 0.00000000099999999999 0.81898253569773304950 0.00569702555668432763 0.00068571077582981702 
0.00000000099999999994 0.00080242988659997856 0.00000000099999999994 0.99919756511340018790 0.00000000099999999994 0.00000000099999999994 0.00000000099999999994 
0.00000000099999999985 0.99999999400000005867 0.00000000099999999985 0.00000000099999999985 0.00000000099999999985 0.00000000099999999985 0.00000000099999999985 
0.00000000099999999967 0.00000000099999999967 0.99999999400000005867 0.00000000099999999967 0.00000000099999999967 0.00000000099999999967 0.00000000099999999967 
0.00000000099999999995 0.00000000099999999995 0.00000000099999999995 0.99999999399999994765 0.00000000099999999995 0.00000000099999999995 0.00000000099999999995 
0.00000000099999999991 0.00757276241093781093 0.00000000099999999991 0.99242723258906218042 0.00000000099999999991 0.00000000099999999991 0.00000000099999999991 
0.00000000099999999993 0.00000000099999999993 0.00000000099999999993 0.95887269328205537722 0.00000000099999999993 0.04112730171794464623 0.00000000099999999993 
0.99999999400000016969 0.00000000099999999983 0.00000000099999999983 0.00000000099999999983 0.00000000099999999983 0.00000000099999999983 0.00000000099999999983 
0.44236282733708692794 0.00000000100000000000 0.00527359655496302798 0.08571194753999783478 0.06743938124183974925 0.00005467830539321295 0.39915756802071916676 
0.00000000099999999991 0.00000000099999999991 0.00000000099999999991 0.00000000099999999991 0.00000000099999999991 0.99999999399999994765 0.00000000099999999991 
0.03787148707304960338 0.00000000099999999997 0.00000000099999999997 0.00000000099999999997 0.47898922773286245480 0.48313928119408783290 0.00000000099999999997 
0.00000000099999999986 0.00000000099999999986 0.00000000099999999986 0.00000000099999999986 0.00000000099999999986 0.00000000099999999986 0.99999999399999994765 
0.00000000099999999998 0.00000000099999999998 0.00868404075215776367 0.98119564682990012550 0.00000000099999999998 0.01012030841794207478 0.00000000099999999998 
0.99999999400000016969 0.00000000099999999980 0.00000000099999999980 0.00000000099999999980 0.00000000099999999980 0.00000000099999999980 0.00000000099999999980 
0.00000000099999999985 0.00000000099999999985 0.00000000099999999985 0.00000000099999999985 0.00000000099999999985 0.00000000099999999985 0.99999999399999994765 
0.99999999400000005867 0.00000000099999999983 0.00000000099999999983 0.00000000099999999983 0.00000000099999999983 0.00000000099999999983 0.00000000099999999983 
0.14840395903036640579 0.00000000099999999998 0.02264061621634920127 0.00000000099999999998 0.82895393234016767625 0.00000000099999999998 0.00000148941311679590 
0.37340812391240674195 0.00000000099999999986 0.00000000099999999986 0.00000000099999999986 0.00000000099999999986 0.00000000099999999986 0.62659187108759317741 
0.37760268889177034390 0.00000000099999999990 0.00000000099999999990 0.00000000099999999990 0.00000172175087755883 0.00000000099999999990 0.62239558535735195477 
0.00000000099999999992 0.00099648240409711138 0.00070257690347626136 0.51775071302245712079 0.00000000099999999992 0.48055022466996955011 0.00000000099999999992 
0.11711350254455152320 0.01220356703235030843 0.00000000100000000000 0.00000000100000000000 0.77008264007574023235 0.01707683592078357987 0.08352345242657427393 
0.38907304416378257761 0.00000000099999999998 0.00000000813062518490 0.00000000099999999998 0.37618757678345615680 0.00000000099999999998 0.23473936792213609404 
0.62321214909007971450 0.00000000099999999993 0.00000000099999999993 0.00000000099999999993 0.00000000099999999993 0.00000000099999999993 0.37678784590992048242 
0.04001304793409028726 0.00000000099999999996 0.00670125933324567259 0.00000000099999999996 0.95328568873266394945 0.00000000099999999996 0.00000000099999999996 
0.65650385226561369656 0.00000000099999999991 0.00000000099999999991 0.00000000099999999991 0.00000000099999999991 0.00000000099999999991 0.34349614273438633383 
0.00000025566112797659 0.00000000099999999994 0.00000000099999999994 0.00000000099999999994 0.99999973933887198463 0.00000000099999999994 0.00000000099999999994 
0.00029114361914649525 0.00000000099999999995 0.00000000099999999995 0.00000000099999999995 0.91750972870502023326 0.00000000099999999995 0.08219912367583322166 
0.00000000099999999988 0.00000000099999999988 0.00000000099999999988 0.00000000099999999988 0.00000000099999999988 0.00000000099999999988 0.99999999399999994765 
0.99999999400000016969 0.00000000099999999982 0.00000000099999999982 0.00000000099999999982 0.00000000099999999982 0.00000000099999999982 0.00000000099999999982 
0.00000069512206635016 0.92443172342029933386 0.00000000099999999998 0.07556757745763427458 0.00000000099999999998 0.00000000099999999998 0.00000000099999999998 
0.09376492945815027846 0.00000000099999999994 0.00000000099999999994 0.00000000099999999994 0.90623506554184973805 0.00000000099999999994 0.00000000099999999994 
0.30147836785844750462 0.00000000099999999998 0.01658556967890137748 0.00000000099999999998 0.00000000099999999998 0.00000000099999999998 0.68193605846265092918 
0.00000000099999999986 0.99999999400000005867 0.00000000099999999986 0.00000000099999999986 0.00000000099999999986 0.00000000099999999986 0.00000000099999999986 
0.00000000099999999996 0.00000000099999999996 0.00928695231823351008 0.99071304268176652030 0.00000000099999999996 0.00000000099999999996 0.00000000099999999996 
0.00000000099999999996 0.00000000099999999996 0.00000000099999999996 0.00000000099999999996 0.97889876912091500216 0.00000000099999999996 0.02110122587908495190 
0.00000000099999999991 0.99999999400000005867 0.00000000099999999991 0.00000000099999999991 0.00000000099999999991 0.00000000099999999991 0.00000000099999999991 
0.00000000099999999989 0.99986294833889544087 0.00000000099999999989 0.00000000099999999989 0.00000000099999999989 0.00013704666110473998 0.00000000099999999989 
0.00000000099999999995 0.97814448490976002581 0.00000000099999999995 0.02185551009024001498 0.00000000099999999995 0.00000000099999999995 0.00000000099999999995 
0.00000000099999999990 0.00000000099999999990 0.00000000099999999990 0.00000000099999999990 0.00000000099999999990 0.99999999399999994765 0.00000000099999999990 
0.00000000099999999994 0.37684286743217304538 0.00296435828656659841 0.00000000099999999994 0.00000000099999999994 0.62019277028126018614 0.00000000099999999994 
0.13706051223167753372 0.27343794853232367137 0.02370326405919238877 0.02134038948088482282 0.00000000100000000000 0.54445788369592151845 0.00000000100000000000 
0.00000000099999999992 0.00000000099999999992 0.00000000099999999992 0.00000000099999999992 0.00000000099999999992 0.99999999400000005867 0.00000000099999999992 
0.00000000099999999991 0.00000000099999999991 0.00000000099999999991 0.99999999399999994765 0.00000000099999999991 0.00000000099999999991 0.00000000099999999991 
0.00000000099999999985 0.99999999400000005867 0.00000000099999999985 0.00000000099999999985 0.00000000099999999985 0.00000000099999999985 0.00000000099999999985 
0.00000000099999999989 0.34051684706796520041 0.01763087383979515185 0.00000000099999999989 0.00000000099999999989 0.64185227509223952147 0.00000000099999999989 
0.00000000099999999992 0.37392977819973521880 0.02385474760926836052 0.00000000099999999992 0.00000000099999999992 0.60221547019099630482 0.00000000099999999992 
0.00000000099999999999 0.85297872528471041509 0.03722293511615231559 0.07243191043614742586 0.00000000099999999999 0.03736642616298983116 0.00000000099999999999 
0.00566007577103650079 0.07569719314917783271 0.00919040105666403886 0.16032118526938074488 0.19676612334805068660 0.55236498904955977363 0.00000003235613033334 
0.00000000099999999999 0.07228150071361337525 0.00125740041053670564 0.78852025545255965966 0.10346527046794522231 0.00000000099999999999 0.03447557095534506399 
0.00000000099999999991 0.00000000099999999991 0.00000000099999999991 0.00000000099999999991 0.00000000099999999991 0.99999999400000005867 0.00000000099999999991 
0.00000000099999999996 0.99037333529951143696 0.00962665970048855527 0.00000000099999999996 0.00000000099999999996 0.00000000099999999996 0.00000000099999999996 
0.00000000099999999989 0.00000000099999999989 0.00000000099999999989 0.99999999400000005867 0.00000000099999999989 0.00000000099999999989 0.00000000099999999989 
0.00000000099999999996 0.03514790458115996802 0.00000000099999999996 0.93119173278218092538 0.00000000099999999996 0.03366035863665917810 0.00000000099999999996 
0.00000000099999999988 0.00000000099999999988 0.00000000099999999988 0.00000000099999999988 0.00000000099999999988 0.99999999399999994765 0.00000000099999999988 
0.00000000099999999995 0.01281267808938627191 0.00000000099999999995 0.98397040667266899572 0.00000000099999999995 0.00321691123794479172 0.00000000099999999995 
0.00000000099999999992 0.36802955182493962694 0.00980262489834904729 0.00000000099999999992 0.00000000099999999992 0.62216781927671116481 0.00000000099999999992 
0.03849397529819487823 0.00000000099999999998 0.00000000099999999998 0.00000000099999999998 0.00000000099999999998 0.96150532787429410231 0.00000069282751110550 
0.00000000099999999991 0.93246070704403261065 0.00000000099999999991 0.06753928795596748913 0.00000000099999999991 0.00000000099999999991 0.00000000099999999991 
0.00000000099999999997 0.00000000099999999997 0.00000000099999999997 0.01244256567741577717 0.00000000099999999997 0.98755742932258416822 0.00000000099999999997 
0.00000000099999999994 0.04868167172711067997 0.00000000099999999994 0.93265975760171349052 0.00000000099999999994 0.01865856667117566162 0.00000000099999999994 
0.99999999400000005867 0.00000000099999999984 0.00000000099999999984 0.00000000099999999984 0.00000000099999999984 0.00000000099999999984 0.00000000099999999984 
0.50087760862436914167 0.00000000099999999982 0.00000000099999999982 0.00000000099999999982 0.00000000099999999982 0.00000000099999999982 0.49912238637563116628 
0.00000000099999999996 0.00000000099999999996 0.02909911674466098344 0.00000000099999999996 0.92102438961457944178 0.00000000099999999996 0.04987648964075961505 
0.00024772171462548824 0.00000000099999999994 0.00000000099999999994 0.00000000099999999994 0.93335269958907907117 0.00000000099999999994 0.06639957469629546860 
0.00000000100000000000 0.90828001570259464525 0.04836344273181091002 0.00000560715041873679 0.00008496081849438388 0.00885027387218321332 0.03441569872449819212 
0.09936355875396751802 0.00000000099999999997 0.00000000099999999997 0.00000000099999999997 0.82133678527728137819 0.07929965196875103650 0.00000000099999999997 
0.04965306971656496815 0.00000000099999999996 0.00000000099999999996 0.00000000099999999996 0.95034692528343511775 0.00000000099999999996 0.00000000099999999996 
0.00000000099999999998 0.86463746962151355469 0.00000048404420092277 0.00326680349946488306 0.00000000099999999998 0.00000000099999999998 0.13209523983482082676 
0.08319863767654107900 0.00000000099999999999 0.02092210703458536117 0.10376488024329491577 0.72022974534911188282 0.02339580058460927550 0.04848882811185746544 
0.00000000099999999981 0.00000000099999999981 0.00000000099999999981 0.00000000099999999981 0.00000000099999999981 0.00000000099999999981 0.99999999400000005867 
0.00000000099999999998 0.82183791573319375789 0.00000000099999999998 0.00000000099999999998 0.01277087316246001275 0.00000000099999999998 0.16539120710434643269 
0.00000000099999999990 0.08505198004579492266 0.00000000099999999990 0.89330025699872961376 0.00000000099999999990 0.02164775895547552814 0.00000000099999999990 
0.00000000099999999985 0.99999999400000016969 0.00000000099999999985 0.00000000099999999985 0.00000000099999999985 0.00000000099999999985 0.00000000099999999985 
0.00000000099999999987 0.00000000099999999987 0.00000000099999999987 0.00000000099999999987 0.00000000099999999987 0.99999999399999994765 0.00000000099999999987 
0.00000000099999999995 0.00000000099999999995 0.00000000099999999995 0.99999563982174755061 0.00000000099999999995 0.00000435517825242159 0.00000000099999999995 
0.00000020543526514037 0.00000000099999999997 0.00000000099999999997 0.00000000099999999997 0.96846711663145201854 0.00000000099999999997 0.03153267393328285789 
0.00437357836834711185 0.17092163331298418361 0.00000000100000000000 0.00000000100000000000 0.74936663050298124578 0.00790268547111014873 0.06743547034457737788 
0.06060646373254285901 0.00000000099999999998 0.00000000099999999998 0.00000000099999999998 0.93936659934162225483 0.00000000099999999998 0.00002693292583491997 
0.11272696953345275050 0.00000000099999999996 0.00000000099999999996 0.00000000099999999996 0.88727302546654718274 0.00000000099999999996 0.00000000099999999996 
0.01741753724887109070 0.00000000099999999999 0.00000000099999999999 0.00120092809222961997 0.89964065143334059904 0.00000000099999999999 0.08174088022555875410 
0.00000000099999999992 0.00000000099999999992 0.00000000099999999992 0.00000000099999999992 0.86909641479248145313 0.00000000099999999992 0.13090358020751863277 
0.00000000099999999994 0.02585740423237690988 0.00000000099999999994 0.96635977449340904055 0.00000000099999999994 0.00778281727421409678 0.00000000099999999994 
0.00000000099999999994 0.00000000099999999994 0.00000000099999999994 0.00000000099999999994 0.00000000099999999994 0.99999999399999994765 0.00000000099999999994 
0.00000000099999999993 0.01422387122762020298 0.00000000099999999993 0.98577611134633669199 0.00000000099999999993 0.00000001342604321907 0.00000000099999999993 
0.00000000099999999996 0.00000000099999999996 0.00000000099999999996 0.99999999399999994765 0.00000000099999999996 0.00000000099999999996 0.00000000099999999996 
0.00000000099999999986 0.00000000099999999986 0.00000000099999999986 0.00000000099999999986 0.00000000099999999986 0.99999999399999994765 0.00000000099999999986 
0.00000000099999999979 0.99999999400000016969 0.00000000099999999979 0.00000000099999999979 0.00000000099999999979 0.00000000099999999979 0.00000000099999999979 
0.00000000099999999986 0.99999999400000005867 0.00000000099999999986 0.00000000099999999986 0.00000000099999999986 0.00000000099999999986 0.00000000099999999986 
0.00000000099999999988 0.00000000099999999988 0.00000000099999999988 0.99999999400000005867 0.00000000099999999988 0.00000000099999999988 0.00000000099999999988 
0.00000000099999999991 0.00000000099999999991 0.00000000099999999991 0.99999999399999994765 0.00000000099999999991 0.00000000099999999991 0.00000000099999999991 
0.00000000099999999989 0.00000000099999999989 0.00000000099999999989 0.99999999400000005867 0.00000000099999999989 0.00000000099999999989 0.00000000099999999989 
0.00000000099999999988 0.99999999400000016969 0.00000000099999999988 0.00000000099999999988 0.00000000099999999988 0.00000000099999999988 0.00000000099999999988 
0.00000000099999999996 0.96172239524876412808 0.00000000099999999996 0.03827759975123590230 0.00000000099999999996 0.00000000099999999996 0.00000000099999999996 
0.00000000099999999990 0.00000000099999999990 0.00000000099999999990 0.99999999400000005867 0.00000000099999999990 0.00000000099999999990 0.00000000099999999990 
0.00000000099999999989 0.00000000099999999989 0.00000000099999999989 0.00000000099999999989 0.00000000099999999989 0.99999999400000005867 0.00000000099999999989 
0.00000000099999999998 0.03089123438615977435 0.03353406971639742717 0.87752384077621947700 0.00000000099999999998 0.05805085212122336469 0.00000000099999999998 
0.00000000099999999982 0.99999999400000005867 0.00000000099999999982 0.00000000099999999982 0.00000000099999999982 0.00000000099999999982 0.00000000099999999982 
0.00000000099999999989 0.00000000099999999989 0.00000000099999999989 0.99999999399999994765 0.00000000099999999989 0.00000000099999999989 0.00000000099999999989 
0.13832401383768264114 0.00000000099999999999 0.01138256218459764678 0.00000000099999999999 0.82079756589676833300 0.02949585508095131994 0.00000000099999999999 
0.00000000099999999993 0.83367271935651099390 0.00000000099999999993 0.00849066187956366673 0.00000000099999999993 0.15783661476392538137 0.00000000099999999993 
0.00000000099999999998 0.00000000099999999998 0.01459871019719166316 0.07427227126238931942 0.86805222669434523031 0.00000000099999999998 0.04307678884607379910 
0.00000000099999999982 0.99999999400000005867 0.00000000099999999982 0.00000000099999999982 0.00000000099999999982 0.00000000099999999982 0.00000000099999999982 
0.00000000099999999993 0.00000000099999999993 0.00000000099999999993 0.99999997449476263345 0.00000000099999999993 0.00000002050523723936 0.00000000099999999993 
0.00000000099999999989 0.00000000099999999989 0.00000000099999999989 0.99999999400000005867 0.00000000099999999989 0.00000000099999999989 0.00000000099999999989 
0.00000000099999999985 0.99999999400000016969 0.00000000099999999985 0.00000000099999999985 0.00000000099999999985 0.00000000099999999985 0.00000000099999999985 
0.00000000099999999989 0.00000000099999999989 0.00000000099999999989 0.99999999399999994765 0.00000000099999999989 0.00000000099999999989 0.00000000099999999989 
0.04992642445984357691 0.01112411299979012246 0.07049278392848025432 0.64462517884803582913 0.17790310531116640402 0.04592839345268365930 0.00000000100000000000 
0.00000000099999999989 0.99999999400000016969 0.00000000099999999989 0.00000000099999999989 0.00000000099999999989 0.00000000099999999989 0.00000000099999999989 
0.00000000099999999998 0.00000062474480793390 0.00000000099999999998 0.98895865359840529063 0.00000000099999999998 0.00000000099999999998 0.01104071765678684910 
0.49922249357644132850 0.00000000099999999996 0.00358438680593706075 0.00000000099999999996 0.12813741136091924555 0.00000000099999999996 0.36905570525670250426 
0.00000000099999999962 0.00000000099999999962 0.99999999399999994765 0.00000000099999999962 0.00000000099999999962 0.00000000099999999962 0.00000000099999999962 
0.03485459562793719046 0.00000000099999999993 0.00000000099999999993 0.00000000099999999993 0.96514539937206289544 0.00000000099999999993 0.00000000099999999993 
0.00000000099999999995 0.00000000099999999995 0.00000000099999999995 0.00000000099999999995 0.91741078325385627679 0.00000000099999999995 0.08258921174614368421 
0.00000218664486893111 0.00000000099999999997 0.00000000099999999997 0.00000000099999999997 0.97797390429653330290 0.00000000099999999997 0.02202390505859782091 
0.05361181246994770055 0.00000000099999999996 0.00000000099999999996 0.00000000099999999996 0.94638818253005219105 0.00000000099999999996 0.00000000099999999996 
0.08438566945017224319 0.01391990071429241929 0.00000000099999999997 0.00000000099999999997 0.90169442583553527371 0.00000000099999999997 0.00000000099999999997 
0.15770530515237224378 0.02079473594101733172 0.00529566268559831990 0.07912354530924753382 0.68822701731052993157 0.00000000100000000000 0.04885373260123469785 
0.01253496415796468214 0.00000000099999999994 0.00000000099999999994 0.00000000099999999994 0.98746503084203540723 0.00000000099999999994 0.00000000099999999994 
0.00000000099999999980 0.99999999400000016969 0.00000000099999999980 0.00000000099999999980 0.00000000099999999980 0.00000000099999999980 0.00000000099999999980 
0.00000763967612049198 0.00000000099999999998 0.01597620607876781146 0.00000000099999999998 0.90228416577773573604 0.00000000099999999998 0.08173198546737600600 
0.00000000099999999964 0.00000000099999999964 0.99999999399999994765 0.00000000099999999964 0.00000000099999999964 0.00000000099999999964 0.00000000099999999964 
0.00000000099999999996 0.00000000099999999996 0.00000000099999999996 0.00000000099999999996 0.90625903425576459504 0.00000000099999999996 0.09374096074423537983 
0.41725486830408275996 0.00000000099999999989 0.00000000099999999989 0.00000000099999999989 0.00000000099999999989 0.00000000099999999989 0.58274512669591704839 
0.00000000099999999989 0.00000000099999999989 0.00000000099999999989 0.99999999399999994765 0.00000000099999999989 0.00000000099999999989 0.00000000099999999989 
0.59587788575599032193 0.00000000099999999987 0.00000000099999999987 0.00000000099999999987 0.00000000099999999987 0.00000000099999999987 0.40412210924400970846 
0.00000000099999999984 0.00000000099999999984 0.00000000099999999984 0.00000000099999999984 0.00000000099999999984 0.00000000099999999984 0.99999999399999994765 
0.00000000143329088601 0.00000000100000000000 0.00612266837933430827 0.00830782655905611470 0.88106506373920590036 0.01352011161406169691 0.09098432727505104123 
0.00000000099999999997 0.00000000099999999997 0.00000000099999999997 0.00000000099999999997 0.85893423517792655275 0.02184703389269693902 0.11921872692937653115 
0.00000000099999999985 0.00000000099999999985 0.00000000099999999985 0.00000000099999999985 0.00000000099999999985 0.00000000099999999985 0.99999999400000005867 
0.99999999400000005867 0.00000000099999999982 0.00000000099999999982 0.00000000099999999982 0.00000000099999999982 0.00000000099999999982 0.00000000099999999982 
0.00000000099999999997 0.00000000099999999997 0.00000000099999999997 0.00000000099999999997 0.86597979722216389398 0.00000000099999999997 0.13402019777783616417 
0.00000000099999999989 0.00000000099999999989 0.00000000099999999989 0.99999999400000005867 0.00000000099999999989 0.00000000099999999989 0.00000000099999999989 
0.00086531523316403861 0.01542157532834905267 0.01106110516533823432 0.00000000099999999999 0.84638200981759026398 0.00000000099999999999 0.12626999245555839413 
0.00000000099999999983 0.00000000099999999983 0.00000000099999999983 0.00000000099999999983 0.00000000099999999983 0.00000000099999999983 0.99999999400000005867 
0.00000000099999999999 0.00000000099999999999 0.00003056792373763764 0.00000000099999999999 0.88542495553837052835 0.03023901005615349871 0.08430546348173836857 
0.00002429082478224163 0.00000000099999999997 0.00000000099999999997 0.00000000099999999997 0.91341521798174107882 0.00000000099999999997 0.08656048719347668452 
0.37236367912474394037 0.00000000099999999990 0.00000000099999999990 0.00000000099999999990 0.00000000099999999990 0.00000000099999999990 0.62763631587525581246 
0.00000000099999999990 0.00000000099999999990 0.00000000099999999990 0.99999999400000005867 0.00000000099999999990 0.00000000099999999990 0.00000000099999999990 
0.51454314504839104849 0.00000000099999999995 0.00000000099999999995 0.00000000099999999995 0.00000000099999999995 0.00000000099999999995 0.48545684995160903741 
0.00000000099999999998 0.00250165169729509333 0.00000000099999999998 0.00000000099999999998 0.93514384181038134880 0.00000000099999999998 0.06235450249232366016 
0.00000000331871185086 0.00034493816567388117 0.00000000100000000000 0.00000000100000000000 0.90413131308816130360 0.03943905559772305225 0.05608468782972995947 
0.08365473287257797763 0.00000000099999999996 0.00000000099999999996 0.00000000099999999996 0.91495007181740983793 0.00139519131001217679 0.00000000099999999996 
0.00000000099999999989 0.00000000099999999989 0.00000000099999999989 0.99999999399999994765 0.00000000099999999989 0.00000000099999999989 0.00000000099999999989 
0.00000000099999999997 0.00000000099999999997 0.00000000099999999997 0.00000000099999999997 0.75817908519740895290 0.14018578470937875791 0.10163512609321220803 
0.01435247407357613525 0.00000000099999999998 0.00751779566166553039 0.00000000099999999998 0.87936936577138935522 0.00003963393181721170 0.09872072856155185427 
0.00000006350647446387 0.00000000099999999994 0.00000000099999999994 0.00000000099999999994 0.99999993149352550681 0.00000000099999999994 0.00000000099999999994 
0.00003844708199534144 0.00000000099999999999 0.01954264022295516129 0.00000000099999999999 0.94652163495989194431 0.00000000099999999999 0.03389727473515759953 
0.00000000099999999997 0.00000000099999999997 0.00000000099999999997 0.00000000099999999997 0.08051709050517780186 0.00000000099999999997 0.91948290449482217301 
0.13485535581234034397 0.00000000099999999998 0.00000000099999999998 0.86514463918765971417 0.00000000099999999998 0.00000000099999999998 0.00000000099999999998 
0.00000000099999999999 0.00000000099999999999 0.00000000099999999999 0.00000000099999999999 0.86256260801783890546 0.06823154690983194992 0.06920584107232925775 
0.00000000099999999978 0.00000000099999999978 0.00000000099999999978 0.00000000099999999978 0.00000000099999999978 0.00000000099999999978 0.99999999399999994765 
0.00000000099999999995 0.00000000099999999995 0.00000000099999999995 0.00000000099999999995 0.00000000099999999995 0.00000000099999999995 0.99999999400000005867 
0.36931075728227497068 0.05152338253892565362 0.00000000099999999999 0.00000000099999999999 0.30368343996574825860 0.00000000099999999999 0.27548241721305116725 
0.00000000099999999999 0.00000000099999999999 0.00000000099999999999 0.39464172882719517066 0.15806134087890916229 0.06495545900023921848 0.38234146829365656117 
0.00000000099999999992 0.00000000099999999992 0.00000000099999999992 0.00000000099999999992 0.97894694696094897157 0.00000000099999999992 0.02105304803905110739 
0.00000109252190811166 0.06090135000645478108 0.02517516362969201768 0.41130157566364844435 0.38439365608283820874 0.00000001440234842078 0.11822714769310990746 
0.00000000099999999998 0.00000000099999999998 0.00000000099999999998 0.00000000099999999998 0.72789811920124747324 0.20568292331742790702 0.06641895348132462185 
0.00000000099999999998 0.00000000099999999998 0.00000000099999999998 0.00000000099999999998 0.99999999400000005867 0.00000000099999999998 0.00000000099999999998 
0.01408967466091472394 0.00000000099999999999 0.00000000099999999999 0.35769978108400285466 0.62664900368064535563 0.00156153757443724581 0.00000000099999999999 
0.00000000099999999998 0.00000000099999999998 0.00000000099999999998 0.00002728691781772254 0.54758085762846797628 0.00000000099999999998 0.45239185145371429986 
0.03295012230592805902 0.80763106113381599727 0.00000000099999999998 0.00000000099999999998 0.15941881256025600133 0.00000000099999999998 0.00000000099999999998 
0.00000000099999999987 0.00000000099999999987 0.00000000099999999987 0.00000000099999999987 0.00000000099999999987 0.99999999400000005867 0.00000000099999999987 
0.11684456122183164983 0.00000000099999999997 0.00000000099999999997 0.00000000099999999997 0.88315543377816840831 0.00000000099999999997 0.00000000099999999997 
0.39452995895376280489 0.00000000099999999991 0.00000000099999999991 0.00000000099999999991 0.00000000099999999991 0.00000000099999999991 0.60547003604623705897 
0.26153203871307584283 0.00000000099999999992 0.00000000099999999992 0.00000000099999999992 0.00000000099999999992 0.00000000099999999992 0.73846795628692396551 
0.54297460354750815004 0.00000000099999999990 0.00000000099999999990 0.00000000099999999990 0.00000000099999999990 0.00000000099999999990 0.45702539145249199137 
0.00000000099999999987 0.00000000099999999987 0.99999999400000005867 0.00000000099999999987 0.00000000099999999987 0.00000000099999999987 0.00000000099999999987 
0.07388648952232693135 0.00000000099999999999 0.00000000099999999999 0.00000086542759920134 0.92004403308699678199 0.00606860896307718015 0.00000000099999999999 
0.06357781453456597121 0.00000000099999999994 0.00000000099999999994 0.00000000099999999994 0.93642218046543401755 0.00000000099999999994 0.00000000099999999994 
0.55908939409153302069 0.00000000099999999996 0.01651431478040695996 0.00000000099999999996 0.03847509393786604365 0.00000000099999999996 0.38592119419019393911 
0.00000000152480887080 0.00000000099999999998 0.00000000099999999998 0.00000000099999999998 0.86789371541352466899 0.01029155188180975664 0.12181472817985677937 
0.99999999400000005867 0.00000000099999999982 0.00000000099999999982 0.00000000099999999982 0.00000000099999999982 0.00000000099999999982 0.00000000099999999982 
0.00000000099999999962 0.00000000099999999962 0.99999999399999994765 0.00000000099999999962 0.00000000099999999962 0.00000000099999999962 0.00000000099999999962 
0.99999999400000016969 0.00000000099999999984 0.00000000099999999984 0.00000000099999999984 0.00000000099999999984 0.00000000099999999984 0.00000000099999999984 
0.66168049189531941146 0.00000000099999999993 0.00000000099999999993 0.00000000099999999993 0.00000000099999999993 0.00000000099999999993 0.33831950310468084098 
0.00000000099999999962 0.00000000099999999962 0.99999999400000005867 0.00000000099999999962 0.00000000099999999962 0.00000000099999999962 0.00000000099999999962 
0.00000000099999999979 0.00000000099999999979 0.99999999400000005867 0.00000000099999999979 0.00000000099999999979 0.00000000099999999979 0.00000000099999999979 
0.03372577785308150666 0.00000000099999999998 0.00976937037621851238 0.00000000099999999998 0.95618271008879440753 0.00032213868190568017 0.00000000099999999998 
0.62900234756921868939 0.00000000099999999984 0.00000000099999999984 0.00000000099999999984 0.00000000099999999984 0.00000000099999999984 0.37099764743078145202 
0.00000049860998969981 0.00000000099999999998 0.02592779370882856288 0.00000000099999999998 0.88814344188793981072 0.00882050890557600602 0.07710775488766576091 
0.99999999400000016969 0.00000000099999999981 0.00000000099999999981 0.00000000099999999981 0.00000000099999999981 0.00000000099999999981 0.00000000099999999981 
