0.00000000099999999999 0.31368650303467027207 0.00000000099999999999 0.32744529918341219732 0.00000000099999999999 0.00000000099999999999 0.09969762737564945299 0.00000000099999999999 0.00000000099999999999 0.25682855091904588374 0.00234201348722237615 
0.00000000099999999995 0.02830625277517320737 0.00000000099999999995 0.00000000099999999995 0.01232445934754678070 0.40770561507438479731 0.55166366580289538657 0.00000000099999999995 0.00000000099999999995 0.00000000099999999995 0.00000000099999999995 
0.00044728965807773696 0.00000000099999999996 0.00000000099999999996 0.00000000099999999996 0.00000000099999999996 0.00000000099999999996 0.78810990726188601130 0.00000000099999999996 0.21144279508003632762 0.00000000099999999996 0.00000000099999999996 
0.00000000099999999996 0.00000000099999999996 0.00000000099999999996 0.00000000099999999996 0.00010320015185388629 0.18993844305649429383 0.70170851452804416937 0.00000000099999999996 0.00000000099999999996 0.10824983526360772157 0.00000000099999999996 
0.00000000099999999981 0.00000000099999999981 0.00000000099999999981 0.00000000099999999981 0.00000000099999999981 0.99999999000000017180 0.00000000099999999981 0.00000000099999999981 0.00000000099999999981 0.00000000099999999981 0.00000000099999999981 
0.00000000099999999988 0.00000000099999999988 0.00000000099999999988 0.00000000099999999988 0.00000000099999999988 0.01774551960914475326 0.93886582856334566127 0.00000000099999999988 0.00000000099999999988 0.04338864382750949600 0.00000000099999999988 
0.99999999000000017180 0.00000000099999999970 0.00000000099999999970 0.00000000099999999970 0.00000000099999999970 0.00000000099999999970 0.00000000099999999970 0.00000000099999999970 0.00000000099999999970 0.00000000099999999970 0.00000000099999999970 
0.00000000099999999971 0.56071675892221017889 0.00000000099999999971 0.00000000099999999971 0.00000000099999999971 0.00000000099999999971 0.00000000099999999971 0.00000000099999999971 0.43928323207779007564 0.00000000099999999971 0.00000000099999999971 
0.00000000099999999976 0.00000000099999999976 0.00000000099999999976 0.00000000099999999976 0.00000000099999999976 0.99999999000000017180 0.00000000099999999976 0.00000000099999999976 0.00000000099999999976 0.00000000099999999976 0.00000000099999999976 
0.99999999000000028282 0.00000000099999999973 0.00000000099999999973 0.00000000099999999973 0.00000000099999999973 0.00000000099999999973 0.00000000099999999973 0.00000000099999999973 0.00000000099999999973 0.00000000099999999973 0.00000000099999999973 
0.28945178776798730080 0.00000000099999999983 0.00000000099999999983 0.00000000099999999983 0.00000000099999999983 0.00000000099999999983 0.00000000099999999983 0.71054820323201250964 0.00000000099999999983 0.00000000099999999983 0.00000000099999999983 
0.00000000099999999979 0.00000000099999999979 0.00000000099999999979 0.00000000099999999979 0.00000000099999999979 0.00000000099999999979 0.00000000099999999979 0.99999999000000006077 0.00000000099999999979 0.00000000099999999979 0.00000000099999999979 
0.00000000099999999975 0.00000000099999999975 0.00000000099999999975 0.00000000099999999975 0.99999999000000017180 0.00000000099999999975 0.00000000099999999975 0.00000000099999999975 0.00000000099999999975 0.00000000099999999975 0.00000000099999999975 
0.49879204812781108291 0.00000000099999999994 0.26688307505911373907 0.00000000099999999994 0.04410699412161921129 0.11217720013045645588 0.00000000099999999994 0.07804067656099956951 0.00000000099999999994 0.00000000099999999994 0.00000000099999999994 
0.00000000099999999984 0.00000000099999999984 0.99999999000000006077 0.00000000099999999984 0.00000000099999999984 0.00000000099999999984 0.00000000099999999984 0.00000000099999999984 0.00000000099999999984 0.00000000099999999984 0.00000000099999999984 
0.99999999000000028282 0.00000000099999999970 0.00000000099999999970 0.00000000099999999970 0.00000000099999999970 0.00000000099999999970 0.00000000099999999970 0.00000000099999999970 0.00000000099999999970 0.00000000099999999970 0.00000000099999999970 
0.43162121166285599694 0.06545708408780905041 0.38288552565064248867 0.00000000099999999993 0.07994748939965999612 0.00000000099999999993 0.00000000099999999993 0.04008868319903266531 0.00000000099999999993 0.00000000099999999993 0.00000000099999999993 
0.00000000099999999994 0.31129834274389056592 0.43491303034276446171 0.00000000099999999994 0.00000000099999999994 0.00000000099999999994 0.00000000099999999994 0.00000000099999999994 0.00000000099999999994 0.25378861891334492107 0.00000000099999999994 
0.00000000099999999891 0.00000000099999999891 0.99999999000000006077 0.00000000099999999891 0.00000000099999999891 0.00000000099999999891 0.00000000099999999891 0.00000000099999999891 0.00000000099999999891 0.00000000099999999891 0.00000000099999999891 
0.00000000099999999986 0.00000000099999999986 0.66486411206126505569 0.00000000099999999986 0.33513587893873497681 0.00000000099999999986 0.00000000099999999986 0.00000000099999999986 0.00000000099999999986 0.00000000099999999986 0.00000000099999999986 
0.00000000099999999962 0.00000000099999999962 0.16476133522861385883 0.00000000099999999962 0.83523865577138634020 0.00000000099999999962 0.00000000099999999962 0.00000000099999999962 0.00000000099999999962 0.00000000099999999962 0.00000000099999999962 
0.99999999000000028282 0.00000000099999999982 0.00000000099999999982 0.00000000099999999982 0.00000000099999999982 0.00000000099999999982 0.00000000099999999982 0.00000000099999999982 0.00000000099999999982 0.00000000099999999982 0.00000000099999999982 
0.00000000099999999966 0.00000000099999999966 0.00000000099999999966 0.99999999000000017180 0.00000000099999999966 0.00000000099999999966 0.00000000099999999966 0.00000000099999999966 0.00000000099999999966 0.00000000099999999966 0.00000000099999999966 
0.00000000099999999993 0.00000000099999999993 0.00000000099999999993 0.00000000099999999993 0.03187947621324382919 0.00000000099999999993 0.82374030963091526836 0.00000000099999999993 0.14438020615584085116 0.00000000099999999993 0.00000000099999999993 
0.99999999000000017180 0.00000000099999999977 0.00000000099999999977 0.00000000099999999977 0.00000000099999999977 0.00000000099999999977 0.00000000099999999977 0.00000000099999999977 0.00000000099999999977 0.00000000099999999977 0.00000000099999999977 
0.35947301951658772179 0.00000000099999999986 0.00000000099999999986 0.00000000099999999986 0.00000000099999999986 0.00000000099999999986 0.00000000099999999986 0.64052697148341219968 0.00000000099999999986 0.00000000099999999986 0.00000000099999999986 
0.00000000099999999986 0.00000000099999999986 0.00000000099999999986 0.00000000099999999986 0.99999999000000006077 0.00000000099999999986 0.00000000099999999986 0.00000000099999999986 0.00000000099999999986 0.00000000099999999986 0.00000000099999999986 
0.00000000099999999995 0.00000000099999999995 0.00000000099999999995 0.00000000099999999995 0.01522612439544948799 0.00000000099999999995 0.91655671337760991069 0.00000000099999999995 0.06821715422694062114 0.00000000099999999995 0.00000000099999999995 
0.00000000099999999992 0.00000000099999999992 0.00000000099999999992 0.00000000099999999992 0.00000000099999999992 0.38514117077651027765 0.53152006613840929727 0.00000000099999999992 0.01434354554868929807 0.06899521053639114110 0.00000000099999999992 
0.59095035942544338337 0.00000000099999999996 0.00000000099999999996 0.00000000099999999996 0.00000000099999999996 0.00000000099999999996 0.00000000099999999996 0.40904963157455681566 0.00000000099999999996 0.00000000099999999996 0.00000000099999999996 
0.87641608375086088589 0.00000000099999999997 0.05975515098932158292 0.00000000099999999997 0.00000000099999999997 0.00000000099999999997 0.00000000099999999997 0.00000000099999999997 0.00000000099999999997 0.06382875725981769499 0.00000000099999999997 
0.99799844597990061690 0.00000000099999999986 0.00000000099999999986 0.00200154502009969228 0.00000000099999999986 0.00000000099999999986 0.00000000099999999986 0.00000000099999999986 0.00000000099999999986 0.00000000099999999986 0.00000000099999999986 
0.00000000099999999996 0.00000000099999999996 0.00000000099999999996 0.00000000099999999996 0.06876687088794075642 0.37690340089255336409 0.47313768057368121855 0.00000000099999999996 0.08119204064582458136 0.00000000099999999996 0.00000000099999999996 
0.00000000099999999966 0.00000000099999999966 0.00000000099999999966 0.00000000099999999966 0.00000000099999999966 0.00000000099999999966 0.00000000099999999966 0.00000000099999999966 0.00000000099999999966 0.00000000099999999966 0.99999999000000006077 
0.00000000099999999998 0.07780999165367559478 0.00000000099999999998 0.00000000099999999998 0.00212808221988467156 0.33312845042417860153 0.50072284281847245779 0.00000000099999999998 0.00000000099999999998 0.04786259962584315381 0.03834802825794566411 
0.00000000099999999977 0.00000000099999999977 0.00000000099999999977 0.00000000099999999977 0.00000000099999999977 0.00000000099999999977 0.00000000099999999977 0.99999998999999994975 0.00000000099999999977 0.00000000099999999977 0.00000000099999999977 
0.00000000099999999973 0.00000000099999999973 0.00000000099999999973 0.99999999000000006077 0.00000000099999999973 0.00000000099999999973 0.00000000099999999973 0.00000000099999999973 0.00000000099999999973 0.00000000099999999973 0.00000000099999999973 
0.00000000099999999943 0.00000000099999999943 0.00000000099999999943 0.00000000099999999943 0.00000000099999999943 0.00000000099999999943 0.00000000099999999943 0.00000000099999999943 0.00000000099999999943 0.00000000099999999943 0.99999998999999994975 
0.34315330142095040733 0.00000000099999999989 0.01377094898465683163 0.00000000099999999989 0.00000000099999999989 0.00000000099999999989 0.00000000099999999989 0.64307574159439262473 0.00000000099999999989 0.00000000099999999989 0.00000000099999999989 
0.27203513204835155781 0.00000000099999999984 0.00000000099999999984 0.00000000099999999984 0.00000000099999999984 0.00000000099999999984 0.00000000099999999984 0.72796485895164830815 0.00000000099999999984 0.00000000099999999984 0.00000000099999999984 
0.99999999000000017180 0.00000000099999999978 0.00000000099999999978 0.00000000099999999978 0.00000000099999999978 0.00000000099999999978 0.00000000099999999978 0.00000000099999999978 0.00000000099999999978 0.00000000099999999978 0.00000000099999999978 
0.00000000099999999972 0.99999999000000028282 0.00000000099999999972 0.00000000099999999972 0.00000000099999999972 0.00000000099999999972 0.00000000099999999972 0.00000000099999999972 0.00000000099999999972 0.00000000099999999972 0.00000000099999999972 
0.00000000099999999998 0.14171714466434967572 0.00000000099999999998 0.00000000099999999998 0.00000000099999999998 0.05521272174432695357 0.00000000099999999998 0.08714962252914135177 0.30028043236789392356 0.41564007269428815405 0.00000000099999999998 
0.00000000099999999983 0.00000000099999999983 0.00000000099999999983 0.00000000099999999983 0.99999999000000017180 0.00000000099999999983 0.00000000099999999983 0.00000000099999999983 0.00000000099999999983 0.00000000099999999983 0.00000000099999999983 
0.00000000099999999995 0.00000000099999999995 0.00000000099999999995 0.00000000099999999995 0.48584357487088786209 0.34648057920186769998 0.14704491291180035728 0.00000000099999999995 0.00000000099999999995 0.02063092601544410168 0.00000000099999999995 
0.00000000099999999983 0.31280397765465839388 0.00000000099999999983 0.00000000099999999983 0.00000000099999999983 0.00000000099999999983 0.00000000099999999983 0.00000000099999999983 0.27323415777902021473 0.41396185656632122907 0.00000000099999999983 
0.00000000099999999986 0.00000000099999999986 0.00000000099999999986 0.00000000099999999986 0.00000000099999999986 0.00000000099999999986 0.00000000099999999986 0.99999999000000006077 0.00000000099999999986 0.00000000099999999986 0.00000000099999999986 
0.00000000099999999977 0.00000000099999999977 0.00000000099999999977 0.00000000099999999977 0.00000000099999999977 0.00000000099999999977 0.00000000099999999977 0.00000000099999999977 0.22295774082406080718 0.77704225017593919755 0.00000000099999999977 
0.00000000099999999973 0.99999999000000017180 0.00000000099999999973 0.00000000099999999973 0.00000000099999999973 0.00000000099999999973 0.00000000099999999973 0.00000000099999999973 0.00000000099999999973 0.00000000099999999973 0.00000000099999999973 
0.00000000099999999972 0.00000000099999999972 0.00000000099999999972 0.00000000099999999972 0.00000000099999999972 0.00000000099999999972 0.00000000099999999972 0.00000000099999999972 0.00000000099999999972 0.99999999000000006077 0.00000000099999999972 
0.00000000099999999993 0.16798452451977077815 0.00000000099999999993 0.00000000099999999993 0.00000000099999999993 0.00000000104412452963 0.81109573415352465009 0.00000000099999999993 0.00000000099999999993 0.00000000099999999993 0.02091973328258016698 
0.00000000099999999974 0.41239438988855936508 0.00000000099999999974 0.00000000099999999974 0.00000000099999999974 0.00000000099999999974 0.00000000099999999974 0.00000000099999999974 0.34402874471821259794 0.24357685739322784690 0.00000000099999999974 
0.00000000099999999950 0.00000000099999999950 0.00000000099999999950 0.00000000099999999950 0.00000000099999999950 0.00000000099999999950 0.00000000099999999950 0.00000000099999999950 0.99999998999999994975 0.00000000099999999950 0.00000000099999999950 
0.00000000099999999984 0.00000000099999999984 0.00000000099999999984 0.00000000099999999984 0.48819999144816800252 0.00000000099999999984 0.00000000099999999984 0.51179999955183197446 0.00000000099999999984 0.00000000099999999984 0.00000000099999999984 
0.00000000099999999997 0.20005776190822460725 0.00633236564889861145 0.00000000099999999997 0.00000000099999999997 0.00000000099999999997 0.79360986444287673347 0.00000000099999999997 0.00000000099999999997 0.00000000099999999997 0.00000000099999999997 
0.00000000099999999996 0.41311953996106165476 0.00000000099999999996 0.00000000099999999996 0.00000000099999999996 0.00000000099999999996 0.37879961893514402238 0.00000000099999999996 0.00000000099999999996 0.20808083310379429931 0.00000000099999999996 
0.00000000099999999971 0.99999999000000028282 0.00000000099999999971 0.00000000099999999971 0.00000000099999999971 0.00000000099999999971 0.00000000099999999971 0.00000000099999999971 0.00000000099999999971 0.00000000099999999971 0.00000000099999999971 
0.00000000099999999992 0.04196990289525164702 0.00000000099999999992 0.00000000099999999992 0.00000000099999999992 0.23995615777654452638 0.71482013033878955000 0.00000000099999999992 0.00000000099999999992 0.00000000099999999992 0.00325380198941439000 
0.00000000099999999975 0.00000000099999999975 0.00000000099999999975 0.00000000099999999975 0.00000000099999999975 0.00000000099999999975 0.00000000099999999975 0.00000000099999999975 0.00000000099999999975 0.99999999000000006077 0.00000000099999999975 
0.00000000099999999984 0.00000000099999999984 0.00000000099999999984 0.00000000099999999984 0.00000000099999999984 0.00000000099999999984 0.99999998999999994975 0.00000000099999999984 0.00000000099999999984 0.00000000099999999984 0.00000000099999999984 
0.00000000099999999985 0.00000000099999999985 0.00000000099999999985 0.00000000099999999985 0.00000000099999999985 0.00000000099999999985 0.90518022252691010543 0.00000000099999999985 0.09481976847308984380 0.00000000099999999985 0.00000000099999999985 
0.00000000099999999986 0.64469386609647683084 0.00000000099999999986 0.00000000099999999986 0.00000000099999999986 0.00000000099999999986 0.00000000099999999986 0.00000000099999999986 0.00000000099999999986 0.35530612490352325716 0.00000000099999999986 
0.00000000099999999974 0.00000000099999999974 0.00000000099999999974 0.00000000099999999974 0.00000000099999999974 0.00000000099999999974 0.00000000099999999974 0.00000000099999999974 0.00000000099999999974 0.99999999000000006077 0.00000000099999999974 
0.00000000099999999997 0.00000000099999999997 0.02019223543022125728 0.89791411036582258198 0.00000000099999999997 0.00429083686617456796 0.00000000099999999997 0.07760281033778160253 0.00000000099999999997 0.00000000099999999997 0.00000000099999999997 
0.00000000099999999989 0.00000000099999999989 0.00000000099999999989 0.00000000099999999989 0.00000000099999999989 0.36372328671951453805 0.55475177161307687168 0.00000000099999999989 0.08152493366740863612 0.00000000099999999989 0.00000000099999999989 
0.00000000099999999986 0.99999999000000017180 0.00000000099999999986 0.00000000099999999986 0.00000000099999999986 0.00000000099999999986 0.00000000099999999986 0.00000000099999999986 0.00000000099999999986 0.00000000099999999986 0.00000000099999999986 
0.00000000099999999977 0.00000000099999999977 0.00000000099999999977 0.99999999000000017180 0.00000000099999999977 0.00000000099999999977 0.00000000099999999977 0.00000000099999999977 0.00000000099999999977 0.00000000099999999977 0.00000000099999999977 
0.62716335207924411854 0.00000000099999999992 0.00000000099999999992 0.00000001691564536510 0.00000000099999999992 0.00000000099999999992 0.00000000099999999992 0.37071981448092949929 0.00000000099999999992 0.00000000099999999992 0.00211680952418118185 
0.00000000099999999976 0.00000000099999999976 0.00000000099999999976 0.00000000099999999976 0.00000000099999999976 0.99999999000000017180 0.00000000099999999976 0.00000000099999999976 0.00000000099999999976 0.00000000099999999976 0.00000000099999999976 
0.00000000099999999985 0.00000000099999999985 0.05293800616448642721 0.94706198483551373712 0.00000000099999999985 0.00000000099999999985 0.00000000099999999985 0.00000000099999999985 0.00000000099999999985 0.00000000099999999985 0.00000000099999999985 
0.00000000099999999979 0.00000000099999999979 0.00000000099999999979 0.99999999000000006077 0.00000000099999999979 0.00000000099999999979 0.00000000099999999979 0.00000000099999999979 0.00000000099999999979 0.00000000099999999979 0.00000000099999999979 
0.02259207876153166566 0.00000000099999999989 0.00000000099999999989 0.97740791223846845703 0.00000000099999999989 0.00000000099999999989 0.00000000099999999989 0.00000000099999999989 0.00000000099999999989 0.00000000099999999989 0.00000000099999999989 
0.00000000099999999981 0.00000000099999999981 0.00000000099999999981 0.00000000099999999981 0.99999999000000006077 0.00000000099999999981 0.00000000099999999981 0.00000000099999999981 0.00000000099999999981 0.00000000099999999981 0.00000000099999999981 
0.00000000099999999988 0.00000000099999999988 0.00000000099999999988 0.38327117072939259623 0.61672882027060760279 0.00000000099999999988 0.00000000099999999988 0.00000000099999999988 0.00000000099999999988 0.00000000099999999988 0.00000000099999999988 
0.04120808915572692077 0.00000000099999999999 0.00000000099999999999 0.27659558269522477314 0.52043922565571709704 0.00000000099999999999 0.00000000099999999999 0.00000000099999999999 0.08408262064326084417 0.05904182990759014593 0.01863264694248036035 
0.00000000099999999986 0.00000000099999999986 0.00000000099999999986 0.00000000099999999986 0.99999999000000017180 0.00000000099999999986 0.00000000099999999986 0.00000000099999999986 0.00000000099999999986 0.00000000099999999986 0.00000000099999999986 
0.00000000099999999975 0.00000000099999999975 0.00000000099999999975 0.00000000099999999975 0.00000000099999999975 0.00000000099999999975 0.00000000099999999975 0.99999999000000006077 0.00000000099999999975 0.00000000099999999975 0.00000000099999999975 
0.00000000099999999975 0.00000000099999999975 0.00000000099999999975 0.99999999000000017180 0.00000000099999999975 0.00000000099999999975 0.00000000099999999975 0.00000000099999999975 0.00000000099999999975 0.00000000099999999975 0.00000000099999999975 
0.00000000099999999981 0.00000000099999999981 0.00000000099999999981 0.35042793031903984868 0.63800335035202448974 0.00000000099999999981 0.00000000099999999981 0.00000000099999999981 0.00000000099999999981 0.00000000099999999981 0.01156871132893574905 
0.00000000099999999985 0.00000000099999999985 0.00000000099999999985 0.37894887679883210163 0.60383920725174566879 0.00000000099999999985 0.00000000099999999985 0.00000000099999999985 0.00000000099999999985 0.00000000099999999985 0.01721190794942237604 
0.00000000099999999996 0.00000000099999999996 0.00000000099999999996 0.85986068368614421153 0.01190824449299861948 0.00000000099999999996 0.00000000099999999996 0.09489525573155810356 0.00000000099999999996 0.00000000099999999996 0.03333580908929912462 
0.03170877728634076409 0.00000000100000000000 0.07255012712435415789 0.00916003774942520874 0.54234854963942791262 0.08872273479196195189 0.10942285613890952167 0.13781409067800678980 0.00000000100000000000 0.00000027746587135118 0.00827254712570229395 
0.35398382265903116650 0.00000000099999999999 0.00000000099999999999 0.06659687431099797772 0.00000000099999999999 0.00000000099999999999 0.14327232781936144468 0.43614696821060933152 0.00000000099999999999 0.00000000099999999999 0.00000000099999999999 
0.00000000099999999985 0.00000000099999999985 0.00000000099999999985 0.00000000099999999985 0.99999999000000017180 0.00000000099999999985 0.00000000099999999985 0.00000000099999999985 0.00000000099999999985 0.00000000099999999985 0.00000000099999999985 
0.00000000099999999993 0.00000000099999999993 0.00000000099999999993 0.99999999000000006077 0.00000000099999999993 0.00000000099999999993 0.00000000099999999993 0.00000000099999999993 0.00000000099999999993 0.00000000099999999993 0.00000000099999999993 
0.99999999000000028282 0.00000000099999999974 0.00000000099999999974 0.00000000099999999974 0.00000000099999999974 0.00000000099999999974 0.00000000099999999974 0.00000000099999999974 0.00000000099999999974 0.00000000099999999974 0.00000000099999999974 
0.24607032943239004474 0.00000000099999999994 0.00000000099999999994 0.03206281509909777311 0.03020693344263905220 0.00000000099999999994 0.00000000099999999994 0.69165991502587309547 0.00000000099999999994 0.00000000099999999994 0.00000000099999999994 
0.00000000099999999980 0.00000000099999999980 0.00000000099999999980 0.00000000099999999980 0.99999999000000006077 0.00000000099999999980 0.00000000099999999980 0.00000000099999999980 0.00000000099999999980 0.00000000099999999980 0.00000000099999999980 
0.00000000099999999980 0.00000000099999999980 0.00000000099999999980 0.00000000099999999980 0.00000000099999999980 0.00000000099999999980 0.00000000099999999980 0.99999999000000006077 0.00000000099999999980 0.00000000099999999980 0.00000000099999999980 
0.00000000099999999986 0.00000000099999999986 0.00000000099999999986 0.37715846519413381843 0.62179399350238206967 0.00000000099999999986 0.00000000099999999986 0.00000000099999999986 0.00000000099999999986 0.00000000099999999986 0.00104753330348426009 
0.00000000099999999995 0.00000000099999999995 0.00000000099999999995 0.00000000099999999995 0.95448089949214898198 0.00000000099999999995 0.00000000099999999995 0.00000000099999999995 0.04551909150785111297 0.00000000099999999995 0.00000000099999999995 
0.05875214064500853400 0.00000000099999999984 0.00000000099999999984 0.94124785035499158869 0.00000000099999999984 0.00000000099999999984 0.00000000099999999984 0.00000000099999999984 0.00000000099999999984 0.00000000099999999984 0.00000000099999999984 
0.00582376585443008122 0.00000000099999999993 0.00000000099999999993 0.00000000099999999993 0.99417622514557013602 0.00000000099999999993 0.00000000099999999993 0.00000000099999999993 0.00000000099999999993 0.00000000099999999993 0.00000000099999999993 
0.37341940131312234552 0.00000000099999999989 0.00000000099999999989 0.04666000794631615378 0.01918068473668834914 0.00000000099999999989 0.00000000099999999989 0.56073989900387299912 0.00000000099999999989 0.00000000099999999989 0.00000000099999999989 
0.00000000099999999981 0.69424584776530995356 0.00000000099999999981 0.00000000099999999981 0.00000000099999999981 0.00000000099999999981 0.00000000099999999981 0.00000000099999999981 0.00000000099999999981 0.30575414323469018996 0.00000000099999999981 
0.00000000099999999971 0.51846051231737633191 0.00000000099999999971 0.00000000099999999971 0.00000000099999999971 0.00000000099999999971 0.00000000099999999971 0.00000000099999999971 0.16237248330225897974 0.31916699638036483133 0.00000000099999999971 
0.00000000099999999989 0.02704331270157503755 0.00000000099999999989 0.00000000099999999989 0.00000000099999999989 0.00000000099999999989 0.95206034320129362403 0.00000000099999999989 0.00000000099999999989 0.00000000099999999989 0.02089633609713128365 
0.00000000099999999987 0.00000000099999999987 0.00000000099999999987 0.00000000099999999987 0.00000000099999999987 0.00000000099999999987 0.91378747189249420746 0.00000000099999999987 0.08621251910750579728 0.00000000099999999987 0.00000000099999999987 
0.00000000099999999999 0.00000000099999999999 0.04796096110626033027 0.86972853264995841904 0.00000000099999999999 0.01307251210202722315 0.00000000099999999999 0.00447561693238541277 0.02502903784170821752 0.00000000099999999999 0.03973333436766038340 
0.00000000099999999994 0.00000000099999999994 0.00000000099999999994 0.00000000099999999994 0.07685774254573701780 0.29957293653659239352 0.51203290879238116950 0.00000000099999999994 0.11153640512528949225 0.00000000099999999994 0.00000000099999999994 
0.00000000099999999978 0.00000000099999999978 0.00000000099999999978 0.00000000099999999978 0.00000000099999999978 0.99999999000000017180 0.00000000099999999978 0.00000000099999999978 0.00000000099999999978 0.00000000099999999978 0.00000000099999999978 
0.00000000099999999996 0.13099727757696147390 0.00000000099999999996 0.86808278860459364701 0.00000000099999999996 0.00000000099999999996 0.00000000099999999996 0.00091992581844503401 0.00000000099999999996 0.00000000099999999996 0.00000000099999999996 
0.12561144002319316049 0.01581826119386538221 0.00000000099999999997 0.00000000099999999997 0.00161818759362732491 0.14596526798448550277 0.57913399185118163981 0.00000000099999999997 0.00000000099999999997 0.11471113736661539551 0.01714170998703157256 
0.00000000099999999962 0.99999999000000028282 0.00000000099999999962 0.00000000099999999962 0.00000000099999999962 0.00000000099999999962 0.00000000099999999962 0.00000000099999999962 0.00000000099999999962 0.00000000099999999962 0.00000000099999999962 
0.00000000099999999997 0.13806100181807048899 0.00000000099999999997 0.81709043413488779972 0.00000000099999999997 0.04484855604704201387 0.00000000099999999997 0.00000000099999999997 0.00000000099999999997 0.00000000099999999997 0.00000000099999999997 
0.37046899555167389639 0.00000000099999999981 0.11575777195273138920 0.00000000099999999981 0.00000000099999999981 0.00000000099999999981 0.00000000099999999981 0.51377322449559459372 0.00000000099999999981 0.00000000099999999981 0.00000000099999999981 
0.00000000099999999974 0.00000000099999999974 0.00000000099999999974 0.99999999000000017180 0.00000000099999999974 0.00000000099999999974 0.00000000099999999974 0.00000000099999999974 0.00000000099999999974 0.00000000099999999974 0.00000000099999999974 
0.00000000099999999979 0.00000000099999999979 0.00000000099999999979 0.00000000099999999979 0.99999999000000017180 0.00000000099999999979 0.00000000099999999979 0.00000000099999999979 0.00000000099999999979 0.00000000099999999979 0.00000000099999999979 
0.55445607766036986153 0.00000000099999999991 0.00000000099999999991 0.00000000099999999991 0.00000000099999999991 0.00000000099999999991 0.00000000099999999991 0.44554391333963033750 0.00000000099999999991 0.00000000099999999991 0.00000000099999999991 
0.00000000099999999989 0.00000000099999999989 0.00000000099999999989 0.00000000099999999989 0.00000000099999999989 0.00000000099999999989 0.96004893506624633392 0.00000000099999999989 0.03995105593375369857 0.00000000099999999989 0.00000000099999999989 
0.00000000099999999999 0.00000000099999999999 0.01472367197612424287 0.15994888414026012247 0.00000000099999999999 0.31133015270458014312 0.41311931838920085136 0.00000000099999999999 0.10087796678983466936 0.00000000099999999999 0.00000000099999999999 
0.00000000099999999991 0.00000000099999999991 0.00000000099999999991 0.00000000099999999991 0.00000000099999999991 0.00000000099999999991 0.94861899388604487005 0.00000000099999999991 0.00000000099999999991 0.05138099711395516939 0.00000000099999999991 
0.00000000099999999993 0.07990956451929603910 0.00000000099999999993 0.00000000099999999993 0.00000000099999999993 0.44275676888002019060 0.47711242866892289438 0.00000000099999999993 0.00000000099999999993 0.00022123093176089698 0.00000000099999999993 
0.00000000099999999994 0.11268683961132329452 0.00000000099999999994 0.00000000099999999994 0.00000000099999999994 0.00000000099999999994 0.88731315138867672410 0.00000000099999999994 0.00000000099999999994 0.00000000099999999994 0.00000000099999999994 
0.00000000099999999986 0.11841163689859379726 0.00000000099999999986 0.00000000099999999986 0.00000000099999999986 0.38673508069785139662 0.49485327440355486583 0.00000000099999999986 0.00000000099999999986 0.00000000099999999986 0.00000000099999999986 
0.99999999000000017180 0.00000000099999999982 0.00000000099999999982 0.00000000099999999982 0.00000000099999999982 0.00000000099999999982 0.00000000099999999982 0.00000000099999999982 0.00000000099999999982 0.00000000099999999982 0.00000000099999999982 
0.00000000099999999990 0.00000000099999999990 0.00000000099999999990 0.00000000099999999990 0.99999999000000006077 0.00000000099999999990 0.00000000099999999990 0.00000000099999999990 0.00000000099999999990 0.00000000099999999990 0.00000000099999999990 
0.35216965875555139576 0.00000000099999999988 0.00950524117126731738 0.00000000099999999988 0.00000000099999999988 0.00000000099999999988 0.00000000099999999988 0.63832509207318111066 0.00000000099999999988 0.00000000099999999988 0.00000000099999999988 
0.69576631664676691358 0.00000000099999999990 0.00000000099999999990 0.00000000099999999990 0.00000000099999999990 0.00000000099999999990 0.00000000099999999990 0.30423367435323328545 0.00000000099999999990 0.00000000099999999990 0.00000000099999999990 
0.00000000099999999975 0.00000000099999999975 0.00000000099999999975 0.00000000099999999975 0.99999999000000006077 0.00000000099999999975 0.00000000099999999975 0.00000000099999999975 0.00000000099999999975 0.00000000099999999975 0.00000000099999999975 
0.00000000099999999964 0.00000000099999999964 0.00000000099999999964 0.99999999000000017180 0.00000000099999999964 0.00000000099999999964 0.00000000099999999964 0.00000000099999999964 0.00000000099999999964 0.00000000099999999964 0.00000000099999999964 
0.00000000099999999976 0.00000000099999999976 0.00000000099999999976 0.99999999000000017180 0.00000000099999999976 0.00000000099999999976 0.00000000099999999976 0.00000000099999999976 0.00000000099999999976 0.00000000099999999976 0.00000000099999999976 
0.56128503382653760490 0.00000000099999999979 0.00000000099999999979 0.00000000099999999979 0.00000000099999999979 0.00000000099999999979 0.00000000099999999979 0.43871495717346242760 0.00000000099999999979 0.00000000099999999979 0.00000000099999999979 
0.99999999000000028282 0.00000000099999999977 0.00000000099999999977 0.00000000099999999977 0.00000000099999999977 0.00000000099999999977 0.00000000099999999977 0.00000000099999999977 0.00000000099999999977 0.00000000099999999977 0.00000000099999999977 
0.40188502069609377543 0.00000000099999999982 0.00000000099999999982 0.00000000099999999982 0.00000000099999999982 0.00000000099999999982 0.00000000099999999982 0.59811497030390614604 0.00000000099999999982 0.00000000099999999982 0.00000000099999999982 
0.00000000099999999977 0.00000000099999999977 0.00000000099999999977 0.99999999000000017180 0.00000000099999999977 0.00000000099999999977 0.00000000099999999977 0.00000000099999999977 0.00000000099999999977 0.00000000099999999977 0.00000000099999999977 
0.00000000099999999990 0.00000000099999999990 0.00000000099999999990 0.95901061899946704603 0.00000000099999999990 0.00000000099999999990 0.00000000099999999990 0.04098937200053307667 0.00000000099999999990 0.00000000099999999990 0.00000000099999999990 
0.00000000099999999971 0.00000000099999999971 0.00000000099999999971 0.00000000099999999971 0.00000000099999999971 0.00000000099999999971 0.00000000099999999971 0.99999999000000006077 0.00000000099999999971 0.00000000099999999971 0.00000000099999999971 
0.00000000099999999979 0.00000000099999999979 0.00000000099999999979 0.00000000099999999979 0.99999999000000017180 0.00000000099999999979 0.00000000099999999979 0.00000000099999999979 0.00000000099999999979 0.00000000099999999979 0.00000000099999999979 
0.21202337529699338825 0.00000000099999999994 0.00000000099999999994 0.02604327565758614293 0.05408490059371374309 0.00000000099999999994 0.00000000099999999994 0.67935687122189092335 0.00000000099999999994 0.00000000099999999994 0.02849157122981572920 
0.00000000099999999967 0.00000000099999999967 0.00000000099999999967 0.99999999000000006077 0.00000000099999999967 0.00000000099999999967 0.00000000099999999967 0.00000000099999999967 0.00000000099999999967 0.00000000099999999967 0.00000000099999999967 
0.41191898797519554964 0.00000000099999999981 0.00000000099999999981 0.00000000099999999981 0.00000000099999999981 0.00000000099999999981 0.00000000099999999981 0.58808100302480426080 0.00000000099999999981 0.00000000099999999981 0.00000000099999999981 
0.00000000099999999998 0.11379519119295067320 0.00000000099999999998 0.00000000099999999998 0.02260851994120307434 0.40390737967457002178 0.44824394297588832092 0.00000000099999999998 0.00000000099999999998 0.00000647935269479778 0.01143848186269321408 
0.01351444855555739531 0.00000000099999999987 0.00000000099999999987 0.83415228308680511304 0.15233326035763758433 0.00000000099999999987 0.00000000099999999987 0.00000000099999999987 0.00000000099999999987 0.00000000099999999987 0.00000000099999999987 
0.00173734554784259589 0.00000000099999999996 0.00000000099999999996 0.00000000099999999996 0.00000000099999999996 0.00000000099999999996 0.82933804919720865989 0.06619466499921798641 0.09843517814152352718 0.00000000099999999996 0.00429475611420739988 
0.00000000099999999967 0.00000000099999999967 0.00000000099999999967 0.99999999000000017180 0.00000000099999999967 0.00000000099999999967 0.00000000099999999967 0.00000000099999999967 0.00000000099999999967 0.00000000099999999967 0.00000000099999999967 
0.00000000099999999979 0.00000000099999999979 0.00000000099999999979 0.00000000099999999979 0.00000000099999999979 0.00000000099999999979 0.00000000099999999979 0.99999999000000006077 0.00000000099999999979 0.00000000099999999979 0.00000000099999999979 
0.31767360071866868054 0.00000000099999999983 0.00000000099999999983 0.00000000099999999983 0.00000000099999999983 0.00000000099999999983 0.00000000099999999983 0.68232639028133112991 0.00000000099999999983 0.00000000099999999983 0.00000000099999999983 
0.00000000099999999974 0.00000000099999999974 0.00000000099999999974 0.99999999000000006077 0.00000000099999999974 0.00000000099999999974 0.00000000099999999974 0.00000000099999999974 0.00000000099999999974 0.00000000099999999974 0.00000000099999999974 
0.99999999000000017180 0.00000000099999999973 0.00000000099999999973 0.00000000099999999973 0.00000000099999999973 0.00000000099999999973 0.00000000099999999973 0.00000000099999999973 0.00000000099999999973 0.00000000099999999973 0.00000000099999999973 
0.55260680250521221346 0.00000000190561756713 0.02112748964917077199 0.00836685920794065507 0.02230848141940010992 0.00000000100000000000 0.20445399874175931854 0.09328725866158842084 0.00000000100000000000 0.03102964269055935587 0.06681946321875183170 
0.00000000099999999981 0.00000000099999999981 0.02916299351666776576 0.97083699748333229795 0.00000000099999999981 0.00000000099999999981 0.00000000099999999981 0.00000000099999999981 0.00000000099999999981 0.00000000099999999981 0.00000000099999999981 
0.53941753448536478022 0.00619279058516000909 0.00000000099999999996 0.00000001243380410705 0.00000000099999999996 0.00000000099999999996 0.00000000099999999996 0.45438965549567122970 0.00000000099999999996 0.00000000099999999996 0.00000000099999999996 
0.00000000099999999992 0.29232921214637480611 0.00000000099999999992 0.00000000099999999992 0.00000000099999999992 0.00002390348591417011 0.13354097703320955137 0.00000000099999999992 0.05384546678236432071 0.51739412886269553482 0.00286630668944150421 
0.00000000099999999935 0.00000000099999999935 0.00000000099999999935 0.00000000099999999935 0.00000000099999999935 0.00000000099999999935 0.00000000099999999935 0.00000000099999999935 0.00000000099999999935 0.00000000099999999935 0.99999999000000006077 
0.00000000099999999983 0.00000000099999999983 0.00000000099999999983 0.00000000099999999983 0.00000000099999999983 0.00000000099999999983 0.94104660839774778580 0.00000000099999999983 0.05895338260225213567 0.00000000099999999983 0.00000000099999999983 
0.00000000099999999992 0.00000000099999999992 0.00000000099999999992 0.00000000099999999992 0.00000000099999999992 0.36446329475855215874 0.58485264665546166096 0.00000000099999999992 0.05068405058598641350 0.00000000099999999992 0.00000000099999999992 
0.00000000099999999977 0.00000000099999999977 0.00000000099999999977 0.00000000099999999977 0.00000000099999999977 0.99999999000000006077 0.00000000099999999977 0.00000000099999999977 0.00000000099999999977 0.00000000099999999977 0.00000000099999999977 
0.00000000099999999994 0.00000000099999999994 0.00000000099999999994 0.00000000099999999994 0.00000000099999999994 0.23253946932945146475 0.72341283531431632703 0.00000000099999999994 0.00000000099999999994 0.04404768735623216386 0.00000000099999999994 
0.00000000099999999996 0.00000000099999999996 0.00112306161267853775 0.00000000099999999996 0.00000000099999999996 0.13933056370705582117 0.78780189537502065544 0.00000000099999999996 0.00000000099999999996 0.07174447230524498564 0.00000000099999999996 
0.07521820514130120316 0.21431034968154574760 0.02323562071800414422 0.00000000099999999999 0.00000000099999999999 0.14389620117827175982 0.54242620050557521783 0.00000036654913499958 0.00000000099999999999 0.00000000099999999999 0.00091305222616694934 
0.00000000099999999983 0.00000000099999999983 0.00000000099999999983 0.00000000099999999983 0.00000000099999999983 0.00000000099999999983 0.99999999000000006077 0.00000000099999999983 0.00000000099999999983 0.00000000099999999983 0.00000000099999999983 
0.00000000099999999966 0.00000000099999999966 0.00000000099999999966 0.99999999000000006077 0.00000000099999999966 0.00000000099999999966 0.00000000099999999966 0.00000000099999999966 0.00000000099999999966 0.00000000099999999966 0.00000000099999999966 
0.00000000099999999981 0.00000000099999999981 0.00000000099999999981 0.00000000099999999981 0.00000000099999999981 0.99999999000000006077 0.00000000099999999981 0.00000000099999999981 0.00000000099999999981 0.00000000099999999981 0.00000000099999999981 
0.00000000099999999939 0.00000000099999999939 0.00000000099999999939 0.00000000099999999939 0.00000000099999999939 0.00000000099999999939 0.00000000099999999939 0.00000000099999999939 0.00000000099999999939 0.00000000099999999939 0.99999998999999994975 
0.00000000099999999989 0.03518070291690227058 0.00000000099999999989 0.00000000099999999989 0.00000000099999999989 0.00000000099999999989 0.96481928808309780354 0.00000000099999999989 0.00000000099999999989 0.00000000099999999989 0.00000000099999999989 
0.00000000099999999945 0.00000000099999999945 0.00000000099999999945 0.00000000099999999945 0.00000000099999999945 0.00000000099999999945 0.00000000099999999945 0.00000000099999999945 0.99999999000000006077 0.00000000099999999945 0.00000000099999999945 
