0.08219708584705864851 0.00000000099999999999 0.00000000099999999999 0.00000000099999999999 0.33048712067669305803 0.00000000099999999999 0.04561222722007277075 0.54170356125617535881 0.00000000099999999999 
0.94903239035511099964 0.01966118543618051301 0.00000000099999999997 0.01106583603578793762 0.00000000099999999997 0.00000000099999999997 0.00000009515534119867 0.02024048901757940708 0.00000000099999999997 
0.77619875314510877740 0.00000000099999999998 0.00000000099999999998 0.01090479465098390284 0.00000000099999999998 0.02094218505312433337 0.00000000099999999998 0.19195426215078303933 0.00000000099999999998 
0.84602030136378958414 0.00657233323571212828 0.00000000099999999996 0.00000000099999999996 0.00000000099999999996 0.00000000099999999996 0.00000000099999999996 0.13604978715202153960 0.01135757324847679051 
0.85856461489105462270 0.00000000099999999996 0.00000000099999999996 0.00000000099999999996 0.00000000099999999996 0.00000000099999999996 0.07516762803978295493 0.06626775106916256430 0.00000000099999999996 
0.99848942859351863532 0.00000000099999999995 0.00000000099999999995 0.00000000099999999995 0.00000000099999999995 0.00000000099999999995 0.00000251950829678919 0.00150804589818464923 0.00000000099999999995 
0.00000000099999999986 0.00000000099999999986 0.00000000099999999986 0.04490955275212022563 0.00000000099999999986 0.95509044024787970173 0.00000000099999999986 0.00000000099999999986 0.00000000099999999986 
0.00000000099999999976 0.00000000099999999976 0.00000000099999999976 0.00000000099999999976 0.00000000099999999976 0.00000000099999999976 0.99999999200000000421 0.00000000099999999976 0.00000000099999999976 
0.88298787002347656205 0.00000000099999999991 0.01751301528604524635 0.00000000099999999991 0.00000000099999999991 0.00000000099999999991 0.09949910044125583053 0.00000000924922236189 0.00000000099999999991 
0.00000000099999999987 0.00000000099999999987 0.00000000099999999987 0.00000000099999999987 0.00000000099999999987 0.99999999200000011523 0.00000000099999999987 0.00000000099999999987 0.00000000099999999987 
0.00000000099999999991 0.00000000099999999991 0.00000000099999999991 0.01150422726296889721 0.00000000099999999991 0.98849576573703124005 0.00000000099999999991 0.00000000099999999991 0.00000000099999999991 
0.00000000099999999993 0.00000000099999999993 0.00000000099999999993 0.00000000099999999993 0.00000000099999999993 0.98163184513174506218 0.00000000099999999993 0.00000000099999999993 0.01836814786825499701 
0.00000000099999999978 0.00000000099999999978 0.00000000099999999978 0.99999999200000011523 0.00000000099999999978 0.00000000099999999978 0.00000000099999999978 0.00000000099999999978 0.00000000099999999978 
0.07687431038565516184 0.28456973748611874564 0.00000000099999999997 0.00000000099999999997 0.06181572286928486981 0.57674022425894122534 0.00000000099999999997 0.00000000099999999997 0.00000000099999999997 
0.00000000099999999986 0.99999999200000011523 0.00000000099999999986 0.00000000099999999986 0.00000000099999999986 0.00000000099999999986 0.00000000099999999986 0.00000000099999999986 0.00000000099999999986 
0.00000000099999999987 0.03780790575370229778 0.00000000099999999987 0.00000000099999999987 0.00000000099999999987 0.96219208724629778917 0.00000000099999999987 0.00000000099999999987 0.00000000099999999987 
0.00000000099999999996 0.37922691261833590959 0.00000000099999999996 0.00000000099999999996 0.10470612713474641842 0.46738682158529809563 0.00000000099999999996 0.04868013366161941941 0.00000000099999999996 
0.00000000099999999995 0.42783820786461085328 0.00000000099999999995 0.00000000099999999995 0.03529623939545117189 0.00000000099999999995 0.02958922783970979395 0.50727631990022803432 0.00000000099999999995 
0.00000000099999999958 0.24319075400644465934 0.00000000099999999958 0.00000000099999999958 0.75680923899355534434 0.00000000099999999958 0.00000000099999999958 0.00000000099999999958 0.00000000099999999958 
0.00000000099999999989 0.59700216108550163696 0.00000000099999999989 0.00000000099999999989 0.22585490016423367954 0.00000000099999999989 0.00000000099999999989 0.00000000099999999989 0.17714293275026482544 
0.00000000099999999934 0.99999999200000011523 0.00000000099999999934 0.00000000099999999934 0.00000000099999999934 0.00000000099999999934 0.00000000099999999934 0.00000000099999999934 0.00000000099999999934 
0.00000000099999999990 0.00000000099999999990 0.00000000099999999990 0.00370485046239697399 0.00000000099999999990 0.95909355829676268268 0.00000000099999999990 0.00000000099999999990 0.03720158524084028751 
0.00000000099999999976 0.00000000099999999976 0.00000000099999999976 0.00000000099999999976 0.99999999200000011523 0.00000000099999999976 0.00000000099999999976 0.00000000099999999976 0.00000000099999999976 
0.79464251392259899198 0.00000000099999999995 0.00000000099999999995 0.06336885985897386386 0.00000000099999999995 0.00000000099999999995 0.14197242522086184202 0.00001619599756543587 0.00000000099999999995 
0.00000000099999999991 0.00000000099999999991 0.00000000099999999991 0.04133400601243393535 0.00000000099999999991 0.95866598648086776002 0.00000000099999999991 0.00000000099999999991 0.00000000150669830851 
0.00000000099999999992 0.01173195937466420258 0.00000000099999999992 0.00000000099999999992 0.00000000099999999992 0.97996707126244353425 0.00000000099999999992 0.00000000099999999992 0.00830096336289230970 
0.00000000099999999985 0.00000000099999999985 0.00000000099999999985 0.99999999200000011523 0.00000000099999999985 0.00000000099999999985 0.00000000099999999985 0.00000000099999999985 0.00000000099999999985 
0.88858271168531521855 0.00000000099999999998 0.00000000099999999998 0.00000004029832202417 0.00000000099999999998 0.00000000099999999998 0.07386283081033596931 0.00000000099999999998 0.03755441220602699637 
0.88315099696443988275 0.00000000099999999994 0.00000000099999999994 0.00000000099999999994 0.00000000099999999994 0.00000000099999999994 0.00000000099999999994 0.11684899603556017644 0.00000000099999999994 
0.00000000099999999998 0.00000000099999999998 0.00000000099999999998 0.00000000099999999998 0.00000000099999999998 0.98000427483664909190 0.00000393371514646590 0.00000000099999999998 0.01999178544820462075 
0.00000000099999999999 0.07230092003827123803 0.00000084421985507414 0.00000000099999999999 0.00000000099999999999 0.85652486195019050808 0.00000005373818862039 0.07117331605349451473 0.00000000099999999999 
0.00000000099999999995 0.03614620539192200249 0.01486273692775109262 0.00000000099999999995 0.00243583239579672848 0.93103870054582982263 0.00000000099999999995 0.00000000099999999995 0.01551652073870044522 
0.85817114497696311837 0.00000000099999999997 0.00000000099999999997 0.08132031895250549369 0.00000000099999999997 0.00000000099999999997 0.00000771735359569545 0.06050081371693579596 0.00000000099999999997 
0.00000000099999999973 0.00000000099999999973 0.99999999200000011523 0.00000000099999999973 0.00000000099999999973 0.00000000099999999973 0.00000000099999999973 0.00000000099999999973 0.00000000099999999973 
0.80265578928415959314 0.00436746125500697430 0.04369005008612267260 0.00193993600485669877 0.00000000099999999999 0.00000000099999999999 0.14734675812312586496 0.00000000224672818276 0.00000000099999999999 
0.00000000099999999994 0.00000000099999999994 0.00000000099999999994 0.00000000099999999994 0.00341651118657821870 0.99658348181342171213 0.00000000099999999994 0.00000000099999999994 0.00000000099999999994 
0.00000000099999999982 0.00000000099999999982 0.00000000099999999982 0.00000000099999999982 0.99999999200000011523 0.00000000099999999982 0.00000000099999999982 0.00000000099999999982 0.00000000099999999982 
0.00000000099999999955 0.00000000099999999955 0.99999999200000000421 0.00000000099999999955 0.00000000099999999955 0.00000000099999999955 0.00000000099999999955 0.00000000099999999955 0.00000000099999999955 
0.00000000099999999994 0.01555523012834291070 0.00000000099999999994 0.00000000099999999994 0.00000000099999999994 0.98444476287165705308 0.00000000099999999994 0.00000000099999999994 0.00000000099999999994 
0.00000000099999999989 0.00000000099999999989 0.00000000099999999989 0.00000000099999999989 0.01365623731120790309 0.98634375568879206764 0.00000000099999999989 0.00000000099999999989 0.00000000099999999989 
0.00000000099999999992 0.00000000099999999992 0.00000000099999999992 0.00000036802477092288 0.00000000099999999992 0.94835899112424681956 0.00000000099999999992 0.00000000099999999992 0.05164063485098222689 
0.00000000099999999988 0.00000000099999999988 0.00000000099999999988 0.00000000099999999988 0.00000000099999999988 0.00000000099999999988 0.67469610061150742109 0.32530389238849238831 0.00000000099999999988 
0.06143173031470185175 0.00514509205982218321 0.00552772050348193482 0.00007924439224837056 0.00000000099999999999 0.08013187789989542620 0.32305306901237196282 0.52463126381747815508 0.00000000099999999999 
0.00000000099999999983 0.00000000099999999983 0.00000000099999999983 0.99999999200000000421 0.00000000099999999983 0.00000000099999999983 0.00000000099999999983 0.00000000099999999983 0.00000000099999999983 
0.47546244137539339647 0.02136771919953519075 0.00000000099999999997 0.47150662465721698835 0.00000000099999999997 0.00000000099999999997 0.00000000099999999997 0.03166320976785441665 0.00000000099999999997 
0.00000000099999999979 0.00000000099999999979 0.00000000099999999979 0.00000000099999999979 0.00000000099999999979 0.00000000099999999979 0.99999999199999989319 0.00000000099999999979 0.00000000099999999979 
0.00000000099999999997 0.00000000099999999997 0.00891077944461412044 0.02618282787165329695 0.00000000099999999997 0.96490638668373263087 0.00000000099999999997 0.00000000099999999997 0.00000000099999999997 
0.00000000099999999972 0.00000000099999999972 0.00000000099999999972 0.00000000099999999972 0.00000000099999999972 0.00000000099999999972 0.00000000099999999972 0.99999999199999989319 0.00000000099999999972 
0.00000000099999999981 0.00000000099999999981 0.00000000099999999981 0.00000000099999999981 0.00000000099999999981 0.00000000099999999981 0.99999999200000000421 0.00000000099999999981 0.00000000099999999981 
0.00000000099999999986 0.00000000099999999986 0.00000000099999999986 0.00000000099999999986 0.00000000099999999986 0.00000000099999999986 0.44332803795769903932 0.55667195504230082559 0.00000000099999999986 
0.81166816964860910577 0.01489529077640131156 0.02180361781457818698 0.00000000099999999996 0.00000000099999999996 0.00000000099999999996 0.15163291676041157352 0.00000000099999999996 0.00000000099999999996 
0.00000000099999999978 0.00000000099999999978 0.00000000099999999978 0.00000000099999999978 0.00000000099999999978 0.00000000099999999978 0.50963879745123596976 0.49036119554876400617 0.00000000099999999978 
0.00000000099999999984 0.00000000099999999984 0.00000000099999999984 0.00000000099999999984 0.00000000099999999984 0.00000000099999999984 0.31372706465593380720 0.68627292834406616873 0.00000000099999999984 
0.00000000099999999991 0.02438431248985794761 0.00000000099999999991 0.41344219350401378854 0.00000000099999999991 0.49365274467786263157 0.00000000099999999991 0.00000000099999999991 0.06852074432826565920 
0.76170694585475495764 0.00000000099999999999 0.00000000099999999999 0.00000000099999999999 0.00000000099999999999 0.00000000099999999999 0.20223966892836317544 0.00000233632725549436 0.03605104388962651618 
0.38216440672117196753 0.00000000099999999998 0.00357129103694376736 0.00000000099999999998 0.00000000099999999998 0.00000000099999999998 0.37758387877548815759 0.23668041846639584214 0.00000000099999999998 
0.00000000099999999982 0.00000000099999999982 0.00000000099999999982 0.00000000099999999982 0.00000000099999999982 0.00000000099999999982 0.99999999200000000421 0.00000000099999999982 0.00000000099999999982 
0.96743237760548850268 0.00000000099999999995 0.00863755159032709996 0.00000000099999999995 0.00000000099999999995 0.00000000099999999995 0.02288094472331338863 0.00104912108087119979 0.00000000099999999995 
0.00000000099999999989 0.00000000099999999989 0.00000000099999999989 0.00000000099999999989 0.00000000099999999989 0.00000000099999999989 0.51359960869596299471 0.48640038430403692571 0.00000000099999999989 
0.99244585727739498271 0.00000000099999999993 0.00000000099999999993 0.00000000099999999993 0.00000000099999999993 0.00000000099999999993 0.00000000099999999993 0.00755413572260513633 0.00000000099999999993 
0.92001988988633109923 0.00000000099999999993 0.00000000099999999993 0.00000000099999999993 0.00000000099999999993 0.00000000099999999993 0.07998010311366898772 0.00000000099999999993 0.00000000099999999993 
0.00000000099999999991 0.00000000099999999991 0.00000000099999999991 0.00000000099999999991 0.00000000099999999991 0.00000000099999999991 0.39818153277561701975 0.60181846022438301169 0.00000000099999999991 
0.00000000099999999985 0.00000000099999999985 0.00000000099999999985 0.00000000099999999985 0.00000000099999999985 0.00000000099999999985 0.41128019375472230079 0.58871979924527761963 0.00000000099999999985 
0.00000000099999999997 0.00000000099999999997 0.00000000099999999997 0.00000000099999999997 0.91911678531623819399 0.08088320768376179581 0.00000000099999999997 0.00000000099999999997 0.00000000099999999997 
0.93488439567424697074 0.00000000099999999994 0.00000000099999999994 0.00000000099999999994 0.00000000099999999994 0.00000000099999999994 0.06511556667309073565 0.00000003165266232306 0.00000000099999999994 
0.00000000099999999984 0.00000000099999999984 0.00000000099999999984 0.00000000099999999984 0.00000000099999999984 0.00000000099999999984 0.00000000099999999984 0.99999999199999989319 0.00000000099999999984 
0.00000000099999999983 0.00000000099999999983 0.00000000099999999983 0.00000000099999999983 0.99999999200000000421 0.00000000099999999983 0.00000000099999999983 0.00000000099999999983 0.00000000099999999983 
0.00000000099999999995 0.00000000099999999995 0.01026287483257446939 0.00657477535310174895 0.00160637000820961244 0.98155597480611422867 0.00000000099999999995 0.00000000099999999995 0.00000000099999999995 
0.97340164515583771365 0.00000000099999999996 0.00000000099999999996 0.00000000099999999996 0.00000000099999999996 0.00000000099999999996 0.00000000099999999996 0.02659834784416248432 0.00000000099999999996 
0.00000000099999999989 0.00000000099999999989 0.00000000099999999989 0.00000000099999999989 0.92988980455731196084 0.00000000099999999989 0.00000000099999999989 0.00000000099999999989 0.07011018844268813999 
0.00000000099999999986 0.00000000099999999986 0.00000000099999999986 0.01741886395782109298 0.98258112904217898009 0.00000000099999999986 0.00000000099999999986 0.00000000099999999986 0.00000000099999999986 
0.00000000099999999994 0.00000000099999999994 0.00000000099999999994 0.00000006440561304979 0.97859805279074352224 0.02140187680364343328 0.00000000099999999994 0.00000000099999999994 0.00000000099999999994 
0.00000000099999999983 0.00000000099999999983 0.00000000099999999983 0.99999999200000000421 0.00000000099999999983 0.00000000099999999983 0.00000000099999999983 0.00000000099999999983 0.00000000099999999983 
0.00000000099999999970 0.00000000099999999970 0.00000000099999999970 0.00000000099999999970 0.00000000099999999970 0.00000000099999999970 0.00000000099999999970 0.00000000099999999970 0.99999999200000000421 
0.00000000099999999996 0.00000000099999999996 0.00000000099999999996 0.00000000099999999996 0.00000000099999999996 0.00000000099999999996 0.00000000099999999996 0.13472437236349502077 0.86527562063650487190 
0.00000000099999999987 0.00000000099999999987 0.00000000099999999987 0.99999999200000011523 0.00000000099999999987 0.00000000099999999987 0.00000000099999999987 0.00000000099999999987 0.00000000099999999987 
0.00000000099999999989 0.00000000099999999989 0.00000000099999999989 0.00000000099999999989 0.00000000099999999989 0.99999999200000000421 0.00000000099999999989 0.00000000099999999989 0.00000000099999999989 
0.00000000099999999983 0.00000000099999999983 0.00000000099999999983 0.00000000099999999983 0.99999999200000000421 0.00000000099999999983 0.00000000099999999983 0.00000000099999999983 0.00000000099999999983 
0.00000000099999999954 0.00000000099999999954 0.00000000099999999954 0.00000000099999999954 0.00000000099999999954 0.00000000099999999954 0.00000000099999999954 0.00000000099999999954 0.99999999200000000421 
0.00000000099999999959 0.00000000099999999959 0.00000000099999999959 0.00000000099999999959 0.00000000099999999959 0.00000000099999999959 0.00000000099999999959 0.00000000099999999959 0.99999999200000000421 
0.00000000099999999998 0.00000000099999999998 0.03611033623284384125 0.04121059872657021478 0.83604742223145800395 0.07158010106816185825 0.00000000099999999998 0.00000000099999999998 0.01505153774096629725 
0.19279558858946621580 0.08269583041950900881 0.00380260045590442332 0.43973880654459712725 0.01969215733433696269 0.16355800842859546940 0.00000000100000000000 0.00000000202736532926 0.09771700520022559566 
0.10114981134320470690 0.00000000099999999999 0.00012896471247824439 0.00000000099999999999 0.04551062894840240958 0.76448181550320082334 0.00000000099999999999 0.03139722154801949383 0.05733155494469455160 
0.00000000099999999986 0.00000000099999999986 0.00000000099999999986 0.99999999200000011523 0.00000000099999999986 0.00000000099999999986 0.00000000099999999986 0.00000000099999999986 0.00000000099999999986 
0.00000000099999999992 0.00000000099999999992 0.00000000099999999992 0.00000000099999999992 0.90381346012804641976 0.00000000099999999992 0.00000000099999999992 0.00000000099999999992 0.09618653287195365331 
0.00000000099999999989 0.00000000099999999989 0.00000000099999999989 0.00000000099999999989 0.00000000099999999989 0.99999999200000000421 0.00000000099999999989 0.00000000099999999989 0.00000000099999999989 
0.00000000099999999996 0.00000000099999999996 0.00000000099999999996 0.01088571393317744676 0.01793032302984702564 0.92776546232913714718 0.00000000099999999996 0.00000000099999999996 0.04341849570783854612 
0.00000000099999999982 0.00000000099999999982 0.00000000099999999982 0.99999999200000011523 0.00000000099999999982 0.00000000099999999982 0.00000000099999999982 0.00000000099999999982 0.00000000099999999982 
0.00000000099999999992 0.00000000099999999992 0.00000000099999999992 0.04037599782540072374 0.01369601862215044999 0.94592797755244883984 0.00000000099999999992 0.00000000099999999992 0.00000000099999999992 
0.00000000099999999959 0.00000000099999999959 0.00000000099999999959 0.00000000099999999959 0.00000000099999999959 0.00000000099999999959 0.00000000099999999959 0.00000000099999999959 0.99999999199999989319 
0.00000000099999999994 0.00000000099999999994 0.00000000099999999994 0.99999999200000000421 0.00000000099999999994 0.00000000099999999994 0.00000000099999999994 0.00000000099999999994 0.00000000099999999994 
0.00000000099999999990 0.00000000099999999990 0.00000000099999999990 0.00000000099999999990 0.93302555020941768671 0.06697444279058240024 0.00000000099999999990 0.00000000099999999990 0.00000000099999999990 
0.00000000099999999991 0.00000000099999999991 0.00000000099999999991 0.99999999200000011523 0.00000000099999999991 0.00000000099999999991 0.00000000099999999991 0.00000000099999999991 0.00000000099999999991 
0.00000000099999999993 0.00000000099999999993 0.00000000099999999993 0.00306924535686678608 0.03642677166041826536 0.92859796857833321049 0.00000000099999999993 0.00000000099999999993 0.03190600940438176325 
0.00000000099999999980 0.00000000099999999980 0.00000000099999999980 0.00000000099999999980 0.00000000099999999980 0.00000000099999999980 0.99999999200000000421 0.00000000099999999980 0.00000000099999999980 
0.00000000099999999975 0.00000000099999999975 0.00000000099999999975 0.00000000099999999975 0.00000000099999999975 0.00000000099999999975 0.65182720096068869076 0.34817279203931111864 0.00000000099999999975 
0.90609646278025912647 0.00000000099999999994 0.03218949407517453926 0.00000000099999999994 0.00000000099999999994 0.00000000099999999994 0.06171403714456641376 0.00000000099999999994 0.00000000099999999994 
0.92763932173597407616 0.00000000099999999992 0.00000000099999999992 0.00000000099999999992 0.00000000099999999992 0.00000000099999999992 0.07236067126402595528 0.00000000099999999992 0.00000000099999999992 
0.00000000099999999999 0.03209204127597940076 0.04680117556925224992 0.00000000099999999999 0.88641264134693542598 0.00000000099999999999 0.03469413680783289822 0.00000000099999999999 0.00000000099999999999 
0.80090910439889384520 0.00000000099999999994 0.00000000099999999994 0.09705586867851181965 0.00000000099999999994 0.00000000099999999994 0.10203502092259462974 0.00000000099999999994 0.00000000099999999994 
0.95069331860375128063 0.00000000099999999995 0.00000000099999999995 0.00000000099999999995 0.00000000099999999995 0.00000000099999999995 0.00000000099999999995 0.04930667439624873000 0.00000000099999999995 
0.00000000099999999998 0.00000000099999999998 0.00000000099999999998 0.00000000099999999998 0.86087652203637177184 0.00522658176598065401 0.00000000099999999998 0.13389689019764761113 0.00000000099999999998 
0.69503746917856989995 0.01101615471145929274 0.01974684318568314945 0.02321889680161944372 0.00000000099999999998 0.09912776893837478565 0.00000000099999999998 0.15185286418429355670 0.00000000099999999998 
0.00000000099999999967 0.00000000099999999967 0.00000000099999999967 0.00000000099999999967 0.00000000099999999967 0.00000000099999999967 0.00000000099999999967 0.99999999200000000421 0.00000000099999999967 
0.00000000099999999998 0.00000000099999999998 0.00000000099999999998 0.00000000099999999998 0.80283894677958322905 0.00000000099999999998 0.00000000099999999998 0.17244355025402505199 0.02471749696639176028 
0.00000000099999999987 0.07645831921395138120 0.00000000099999999987 0.00000000099999999987 0.04802771445879315537 0.87551396032725559149 0.00000000099999999987 0.00000000099999999987 0.00000000099999999987 
0.00000000099999999982 0.00000000099999999982 0.00000000099999999982 0.00000000099999999982 0.99999999200000000421 0.00000000099999999982 0.00000000099999999982 0.00000000099999999982 0.00000000099999999982 
0.00000000099999999986 0.15488216880493060890 0.00000000099999999986 0.84511782419506931152 0.00000000099999999986 0.00000000099999999986 0.00000000099999999986 0.00000000099999999986 0.00000000099999999986 
0.00000000099999999994 0.00000000099999999994 0.00000000099999999994 0.01319900504356372531 0.00000000099999999994 0.98680098795643622633 0.00000000099999999994 0.00000000099999999994 0.00000000099999999994 
0.96424037505606430276 0.00000000099999999996 0.00000000099999999996 0.00000000099999999996 0.00000000099999999996 0.00000000099999999996 0.03575961590017172342 0.00000000304376410674 0.00000000099999999996 
0.73383287923657269936 0.03391525388305188793 0.00000000100000000000 0.00000000100000000000 0.15587023111637818285 0.00000000100000000000 0.00090680360318310066 0.07547482816081420298 0.00000000100000000000 
0.91306081877625422383 0.00000000099999999997 0.00000000099999999997 0.00000000099999999997 0.00000000099999999997 0.00000000099999999997 0.00000000099999999997 0.07611260047213500024 0.01082657475161104971 
0.88361144207100650316 0.00000000099999999994 0.00000000099999999994 0.00000000099999999994 0.00000000099999999994 0.00000000099999999994 0.11638855092899356991 0.00000000099999999994 0.00000000099999999994 
0.88906764525229042828 0.00000000099999999998 0.00000000099999999998 0.00000000099999999998 0.00000000099999999998 0.00766524424232627698 0.00000000099999999998 0.10326710450538345576 0.00000000099999999998 
0.86766523260403216611 0.00000000099999999988 0.00000000099999999988 0.00000000099999999988 0.00000000099999999988 0.00000000099999999988 0.13233476039596794860 0.00000000099999999988 0.00000000099999999988 
0.00000000099999999993 0.00000000099999999993 0.00000000099999999993 0.00000000099999999993 0.00000000099999999993 0.93478590665151040096 0.00000000099999999993 0.00000000099999999993 0.06521408634848969987 
0.00000000099999999990 0.00000000099999999990 0.00000000099999999990 0.99999999200000000421 0.00000000099999999990 0.00000000099999999990 0.00000000099999999990 0.00000000099999999990 0.00000000099999999990 
0.00000000099999999992 0.00000000099999999992 0.00000000099999999992 0.02322465810125191876 0.01724091186222668701 0.95953442403652133841 0.00000000099999999992 0.00000000099999999992 0.00000000099999999992 
0.00000000099999999995 0.00000000099999999995 0.00000000099999999995 0.00000000099999999995 0.00000000099999999995 0.99999999200000011523 0.00000000099999999995 0.00000000099999999995 0.00000000099999999995 
0.00000000099999999980 0.00000000099999999980 0.00000000099999999980 0.99999999200000011523 0.00000000099999999980 0.00000000099999999980 0.00000000099999999980 0.00000000099999999980 0.00000000099999999980 
0.00000000099999999975 0.00000000099999999975 0.00000000099999999975 0.00000000099999999975 0.99999999200000011523 0.00000000099999999975 0.00000000099999999975 0.00000000099999999975 0.00000000099999999975 
0.00000000099999999984 0.00000000099999999984 0.00000000099999999984 0.00000000099999999984 0.96530628766157799969 0.00000000099999999984 0.00000000099999999984 0.00000000099999999984 0.03469370533842214971 
0.00000000099999999987 0.00000000099999999987 0.00000000099999999987 0.00000000099999999987 0.00000000099999999987 0.99999999200000011523 0.00000000099999999987 0.00000000099999999987 0.00000000099999999987 
0.00000000099999999991 0.00947294987672647748 0.00000000099999999991 0.00000000099999999991 0.00000000099999999991 0.99052704312327366498 0.00000000099999999991 0.00000000099999999991 0.00000000099999999991 
0.00000000099999999988 0.00000000099999999988 0.00000000099999999988 0.00000000099999999988 0.00000000099999999988 0.99999999200000000421 0.00000000099999999988 0.00000000099999999988 0.00000000099999999988 
0.00000000099999999986 0.00000000099999999986 0.00000000099999999986 0.00000000099999999986 0.99999999200000000421 0.00000000099999999986 0.00000000099999999986 0.00000000099999999986 0.00000000099999999986 
0.00000000099999999995 0.00000000099999999995 0.00000000099999999995 0.00000790998777800385 0.96237658704801265497 0.03751280276029664990 0.00000000099999999995 0.00000000099999999995 0.00010269520391279808 
0.00000000099999999989 0.00000000099999999989 0.00000000099999999989 0.00000000099999999989 0.00000000099999999989 0.99999999200000011523 0.00000000099999999989 0.00000000099999999989 0.00000000099999999989 
0.00000000099999999981 0.00000000099999999981 0.00000000099999999981 0.99999999200000011523 0.00000000099999999981 0.00000000099999999981 0.00000000099999999981 0.00000000099999999981 0.00000000099999999981 
0.00000000099999999997 0.00000000099999999997 0.03181490236759934587 0.05954128374327689183 0.02665844805106053900 0.86699167291111445266 0.00000000099999999997 0.00000000099999999997 0.01499368892694889939 
0.00000000099999999978 0.00000000099999999978 0.00000000099999999978 0.00000000099999999978 0.99999999200000000421 0.00000000099999999978 0.00000000099999999978 0.00000000099999999978 0.00000000099999999978 
0.00000000099999999988 0.00000000099999999988 0.00000000099999999988 0.00000000099999999988 0.00000000099999999988 0.98880674184446182284 0.00000000099999999988 0.00000000099999999988 0.01119325115553831788 
0.80977379192031984090 0.01015035384238578697 0.01168504095734021996 0.02450015123146071644 0.00000000099999999998 0.00000000099999999998 0.14389065804849349162 0.00000000099999999998 0.00000000099999999998 
0.00000000099999999992 0.00000000099999999992 0.00000000099999999992 0.10466804896565848337 0.77900199215120058405 0.00576919373933327661 0.00000000099999999992 0.00000000099999999992 0.11056076014380766814 
0.86829096373248204621 0.00000000099999999997 0.01665717381459599217 0.00000000099999999997 0.00000000099999999997 0.07678417967162626256 0.03826767778129578496 0.00000000099999999997 0.00000000099999999997 
0.00000000099999999977 0.00000000099999999977 0.00000000099999999977 0.00000000099999999977 0.99999999200000000421 0.00000000099999999977 0.00000000099999999977 0.00000000099999999977 0.00000000099999999977 
0.00000000099999999992 0.00000000099999999992 0.00000000099999999992 0.00698504043635267240 0.00000000099999999992 0.99301495256364746833 0.00000000099999999992 0.00000000099999999992 0.00000000099999999992 
0.00000000099999999988 0.00000000099999999988 0.00000000099999999988 0.00000000099999999988 0.00000000099999999988 0.99999999200000011523 0.00000000099999999988 0.00000000099999999988 0.00000000099999999988 
0.00000000099999999982 0.00000000099999999982 0.00000000099999999982 0.00000000099999999982 0.99999999200000000421 0.00000000099999999982 0.00000000099999999982 0.00000000099999999982 0.00000000099999999982 
0.00000000099999999989 0.00000000099999999989 0.00000000099999999989 0.00000000099999999989 0.00000000099999999989 0.99942084838385891743 0.00000000099999999989 0.00000000099999999989 0.00057914461614113418 
0.14093548260328814248 0.03854315819985415503 0.06667851857843901109 0.03028929161110354221 0.00329364564375221472 0.63489983163392127441 0.00000000100000000000 0.08536006972964169104 0.00000000100000000000 
0.00000000099999999986 0.00000000099999999986 0.00000000099999999986 0.00000000099999999986 0.99999999200000000421 0.00000000099999999986 0.00000000099999999986 0.00000000099999999986 0.00000000099999999986 
0.00000000099999999997 0.00000000099999999997 0.00000000099999999997 0.00000000099999999997 0.00307864070917474725 0.99073813306904545684 0.00618322022177967678 0.00000000099999999997 0.00000000099999999997 
0.11115924744603573882 0.00000000099999999991 0.00000000099999999991 0.00000000099999999991 0.00000000099999999991 0.00000000099999999991 0.26339900032625918058 0.62544174622770498662 0.00000000099999999991 
0.00000000099999999950 0.00000000099999999950 0.99999999200000000421 0.00000000099999999950 0.00000000099999999950 0.00000000099999999950 0.00000000099999999950 0.00000000099999999950 0.00000000099999999950 
0.95486809363439983933 0.00000000099999999990 0.00000000099999999990 0.00000000099999999990 0.00000000099999999990 0.00000000099999999990 0.00000000099999999990 0.04513189936560031701 0.00000000099999999990 
0.91966226706342968367 0.00000000099999999994 0.00000000099999999994 0.00000000099999999994 0.00000000099999999994 0.00000000099999999994 0.08033772593657047267 0.00000000099999999994 0.00000000099999999994 
0.95936137813959576626 0.00000000099999999997 0.00000000099999999997 0.00000000099999999997 0.00000000099999999997 0.00000000099999999997 0.00000000099999999997 0.04063815184091822824 0.00000046401948619417 
0.93763935653114549584 0.01192306221331810960 0.00000000099999999995 0.00000000099999999995 0.00000000099999999995 0.00000000099999999995 0.05043757525553645843 0.00000000099999999995 0.00000000099999999995 
0.90011161354599977802 0.00000000099999999997 0.00000000099999999997 0.00000000099999999997 0.01628887088563095789 0.00000000099999999997 0.08359950956836936786 0.00000000099999999997 0.00000000099999999997 
0.66327976001070299006 0.01513862771571952356 0.00538960068374007631 0.00000000099999999999 0.01044075971656745379 0.07649818317945858426 0.22221788892312827057 0.00000000099999999999 0.00703517777068320225 
0.99999999200000011523 0.00000000099999999992 0.00000000099999999992 0.00000000099999999992 0.00000000099999999992 0.00000000099999999992 0.00000000099999999992 0.00000000099999999992 0.00000000099999999992 
0.00000000099999999977 0.00000000099999999977 0.00000000099999999977 0.00000000099999999977 0.99999999200000011523 0.00000000099999999977 0.00000000099999999977 0.00000000099999999977 0.00000000099999999977 
0.88066663571412628908 0.01327671066277582093 0.01154085240000777071 0.00000000099999999997 0.00000000099999999997 0.00000000099999999997 0.06597872911451757583 0.02517866440454410992 0.00335840470402855220 
0.00000000099999999952 0.00000000099999999952 0.99999999200000000421 0.00000000099999999952 0.00000000099999999952 0.00000000099999999952 0.00000000099999999952 0.00000000099999999952 0.00000000099999999952 
0.92943392092193977128 0.00000000099999999994 0.00000000099999999994 0.00000000099999999994 0.00000000099999999994 0.00000000099999999994 0.03634908571188599780 0.03421698736617437286 0.00000000099999999994 
0.00000000099999999977 0.00000000099999999977 0.00000000099999999977 0.00000000099999999977 0.00000000099999999977 0.00000000099999999977 0.99999999200000000421 0.00000000099999999977 0.00000000099999999977 
0.00000000099999999988 0.00000000099999999988 0.00000000099999999988 0.00000000099999999988 0.00000000099999999988 0.99999999200000011523 0.00000000099999999988 0.00000000099999999988 0.00000000099999999988 
0.00000000099999999980 0.00000000099999999980 0.00000000099999999980 0.00000000099999999980 0.00000000099999999980 0.00000000099999999980 0.49924488446794335061 0.50075510853205662531 0.00000000099999999980 
0.00000000099999999986 0.00000000099999999986 0.00000000099999999986 0.00000000099999999986 0.00000000099999999986 0.00000000099999999986 0.61917062389161525715 0.38082936910838449673 0.00000000099999999986 
0.84387519460029991603 0.00000000099999999998 0.00753956760317143256 0.02922596209704807560 0.00000000099999999998 0.00009102306568900541 0.00000000099999999998 0.11926824863379169306 0.00000000099999999998 
0.83966561101649916932 0.00000000099999999996 0.00000000099999999996 0.00816618707062813191 0.00000000099999999996 0.00000000099999999996 0.13298178642269239957 0.00000000099999999996 0.01918641049018035213 
0.00000000099999999979 0.00000000099999999979 0.00000000099999999979 0.00000000099999999979 0.00000000099999999979 0.00000000099999999979 0.99999999199999989319 0.00000000099999999979 0.00000000099999999979 
0.00000000099999999971 0.00000000099999999971 0.00000000099999999971 0.00000000099999999971 0.00000000099999999971 0.00000000099999999971 0.00000000099999999971 0.99999999200000000421 0.00000000099999999971 
0.86828459973736693556 0.01662770808704509135 0.00000000099999999995 0.00000000099999999995 0.00000000099999999995 0.00000000099999999995 0.08530757453071974306 0.02978011264486832288 0.00000000099999999995 
0.00000000099999999988 0.00000000099999999988 0.00000000099999999988 0.00000000099999999988 0.00000000099999999988 0.99999999200000000421 0.00000000099999999988 0.00000000099999999988 0.00000000099999999988 
0.82845934524033837398 0.00000000099999999998 0.00811213401558664136 0.00000000099999999998 0.00000000099999999998 0.00000000099999999998 0.00000000099999999998 0.14147519640676484154 0.02195331933731024809 
0.00000000099999999976 0.00000000099999999976 0.00000000099999999976 0.00000000099999999976 0.00000000099999999976 0.00000000099999999976 0.99999999199999989319 0.00000000099999999976 0.00000000099999999976 
0.87717349373834185844 0.00000000099999999997 0.00000000099999999997 0.01330615946578116507 0.00000000099999999997 0.00000000099999999997 0.08115679993415084170 0.00000000099999999997 0.02836354186172633171 
0.91021374420100442659 0.00000000099999999997 0.00000000099999999997 0.00000000099999999997 0.00000000099999999997 0.00000000099999999997 0.08823431532515566000 0.00155193447383993629 0.00000000099999999997 
0.00000000099999999980 0.00000000099999999980 0.00000000099999999980 0.00000000099999999980 0.00000000099999999980 0.00000000099999999980 0.99999999200000000421 0.00000000099999999980 0.00000000099999999980 
0.00000000099999999988 0.00000000099999999988 0.00000000099999999988 0.00000000099999999988 0.00000000099999999988 0.99999999200000000421 0.00000000099999999988 0.00000000099999999988 0.00000000099999999988 
0.00000000099999999992 0.00000000099999999992 0.00000000099999999992 0.00000000099999999992 0.00000000099999999992 0.00000000099999999992 0.66257390008515981705 0.33742609291484010337 0.00000000099999999992 
0.92721841134647342564 0.00000000099999999996 0.00000000099999999996 0.00000000099999999996 0.00000000099999999996 0.00000000099999999996 0.06002398697092091451 0.00000297639746502858 0.01275462028514074385 
0.87923610099923554806 0.00000000099999999996 0.00000000099999999996 0.00000000099999999996 0.00000000099999999996 0.00000000099999999996 0.00000000099999999996 0.06547856588929715227 0.05528532711146735834 
0.90128202508730415055 0.00000000099999999994 0.00000000099999999994 0.01447493461108331769 0.00000000099999999994 0.00000000099999999994 0.02725384297334646627 0.05698919232826619302 0.00000000099999999994 
0.00000000099999999986 0.00000000099999999986 0.00000000099999999986 0.00000000099999999986 0.00000000099999999986 0.99999999200000011523 0.00000000099999999986 0.00000000099999999986 0.00000000099999999986 
0.74696009194205625903 0.00000000099999999997 0.00000000099999999997 0.13101641597036170483 0.00000000099999999997 0.00000000099999999997 0.10550893057914609297 0.00000000099999999997 0.01651455650843616785 
0.84904589435621469207 0.00000000099999999996 0.00990343306960914625 0.00742827241967796651 0.00000000099999999996 0.00000000099999999996 0.13362239515449828020 0.00000000099999999996 0.00000000099999999996 
0.99967672400693297075 0.00000000099999999992 0.00000000099999999992 0.00000000099999999992 0.00000000099999999992 0.00000000099999999992 0.00032326899306723666 0.00000000099999999992 0.00000000099999999992 
0.93991607780978525533 0.00000000099999999998 0.02263756024155177612 0.00000000099999999998 0.00000000099999999998 0.00000000099999999998 0.00000116479994373446 0.03744519214871934454 0.00000000099999999998 
0.10760818108197570120 0.00000000099999999997 0.00000000099999999997 0.02688504444518697439 0.00000000099999999997 0.00000000099999999997 0.35151935059944977580 0.51398741887338739165 0.00000000099999999997 
0.00000000099999999998 0.00000000099999999998 0.00000000099999999998 0.00000000099999999998 0.00000000099999999998 0.86545372461978276046 0.00211878191855840005 0.13242748746165886042 0.00000000099999999998 
0.85926802176903116504 0.00000000099999999997 0.00000000099999999997 0.04708953203520815922 0.00000000099999999997 0.00000000099999999997 0.00000000099999999997 0.06704164438599535814 0.02660079680976545208 
0.00000000099999999962 0.00000000099999999962 0.00000000099999999962 0.00000000099999999962 0.00000000099999999962 0.00000000099999999962 0.00000000099999999962 0.99999999200000000421 0.00000000099999999962 
0.00000000099999999995 0.00000000099999999995 0.00000000099999999995 0.00000000099999999995 0.00000000099999999995 0.00000000099999999995 0.43103117218760877982 0.56896882081239119611 0.00000000099999999995 
0.30301674345589202364 0.00000000099999999998 0.00000000099999999998 0.00000000099999999998 0.05206231748323059821 0.00000000099999999998 0.29845859305096950065 0.34645912586983601544 0.00000321614007177581 
0.07808606460312923769 0.00000000099999999998 0.00000000099999999998 0.09775186745122182996 0.00000000099999999998 0.37204130867527956950 0.00000000099999999998 0.45212075427036929609 0.00000000099999999998 
0.98427165017004814018 0.00000000099999999990 0.00000000099999999990 0.00000000099999999990 0.00000000099999999990 0.00000000099999999990 0.00000336437275108156 0.01572497945720080156 0.00000000099999999990 
0.38775494825022188694 0.00000000100000000000 0.02609814949621963240 0.00270595299897923459 0.06271300599299632628 0.40906503443425135114 0.05041618565012929987 0.06120354380120736348 0.00004317837599486863 
0.70598885026333013659 0.00000000099999999996 0.00000000099999999996 0.22423649557659661169 0.00000000099999999996 0.00000000099999999996 0.06977464816007339365 0.00000000099999999996 0.00000000099999999996 
0.99576944221937080393 0.00423055078062932119 0.00000000099999999998 0.00000000099999999998 0.00000000099999999998 0.00000000099999999998 0.00000000099999999998 0.00000000099999999998 0.00000000099999999998 
