0.00000000099999999999 0.32650259485331634135 0.00000014665818725845 0.00000000099999999999 0.00002627110178123815 0.12403855120315655791 0.54446514705440363091 0.00496728612915478020 0.00000000099999999999 
0.00000000099999999989 0.00000000099999999989 0.00000000099999999989 0.00000000099999999989 0.99999999200000011523 0.00000000099999999989 0.00000000099999999989 0.00000000099999999989 0.00000000099999999989 
0.00000000099999999996 0.00000000099999999996 0.00000000099999999996 0.00000000099999999996 0.00000000099999999996 0.88451699974984043795 0.11548299325015969063 0.00000000099999999996 0.00000000099999999996 
0.00000000099999999991 0.00000000099999999991 0.00000000099999999991 0.00000000099999999991 0.00000000099999999991 0.99999945611812512958 0.00000053688187492144 0.00000000099999999991 0.00000000099999999991 
0.00000000099999999993 0.00000000099999999993 0.00000000099999999993 0.00000000099999999993 0.31836776583444825750 0.59498127130311284638 0.08665095686243880213 0.00000000099999999993 0.00000000099999999993 
0.00000000099999999992 0.00000000099999999992 0.00000000099999999992 0.00000000099999999992 0.33017892229679213223 0.66982107070320784370 0.00000000099999999992 0.00000000099999999992 0.00000000099999999992 
0.00000000099999999982 0.00000000099999999982 0.99999999200000011523 0.00000000099999999982 0.00000000099999999982 0.00000000099999999982 0.00000000099999999982 0.00000000099999999982 0.00000000099999999982 
0.00000000099999999985 0.00000000099999999985 0.00000000099999999985 0.00000000099999999985 0.00000000099999999985 0.00000000099999999985 0.99999999200000000421 0.00000000099999999985 0.00000000099999999985 
0.00000000099999999983 0.00000000099999999983 0.00000000099999999983 0.00000000099999999983 0.99998319100021249017 0.00000000099999999983 0.00001680199978745823 0.00000000099999999983 0.00000000099999999983 
0.50076483121411574650 0.00000000099999999986 0.49923516178588439596 0.00000000099999999986 0.00000000099999999986 0.00000000099999999986 0.00000000099999999986 0.00000000099999999986 0.00000000099999999986 
0.45537497864707293660 0.00000000099999999991 0.54462501435292709484 0.00000000099999999991 0.00000000099999999991 0.00000000099999999991 0.00000000099999999991 0.00000000099999999991 0.00000000099999999991 
0.50454405253660683517 0.00000000099999999993 0.49545594046339336280 0.00000000099999999993 0.00000000099999999993 0.00000000099999999993 0.00000000099999999993 0.00000000099999999993 0.00000000099999999993 
0.00000000099999999983 0.00000000099999999983 0.00000000099999999983 0.00000000099999999983 0.00000000099999999983 0.00000000099999999983 0.00000000099999999983 0.00000000099999999983 0.99999999200000000421 
0.18649174935948431564 0.17045284751041145377 0.36285717285859692138 0.00000000099999999998 0.00000000099999999998 0.13131099380876934402 0.00000000099999999998 0.00000000099999999998 0.14888723246273802281 
0.00000000099999999998 0.41166906243332707094 0.00000000099999999998 0.00000000099999999998 0.00000000099999999998 0.00000000099999999998 0.16192386709304162906 0.00000000099999999998 0.42640706447363119214 
0.00000000099999999979 0.00000000099999999979 0.99999999200000000421 0.00000000099999999979 0.00000000099999999979 0.00000000099999999979 0.00000000099999999979 0.00000000099999999979 0.00000000099999999979 
0.14330735729825630487 0.23885836156488787774 0.30981086779935651521 0.00000007050368757790 0.00837025306678316344 0.00000000099999999999 0.09887909193460819868 0.00000000099999999999 0.20077399583242044878 
0.00000000099999999999 0.23970399792351929080 0.00000000099999999999 0.00000000099999999999 0.00000000099999999999 0.05537916932004905562 0.51498333285180619701 0.00000000099999999999 0.18993349490462566043 
0.00000000099999999964 0.99999999200000011523 0.00000000099999999964 0.00000000099999999964 0.00000000099999999964 0.00000000099999999964 0.00000000099999999964 0.00000000099999999964 0.00000000099999999964 
0.00000000099999999996 0.42099136560984157240 0.00032175876304975235 0.21504494184986905347 0.00000000099999999996 0.00000000099999999996 0.00000000099999999996 0.00000000099999999996 0.36364192877723972019 
0.00000000099999999967 0.00000000099999999967 0.00000000099999999967 0.00000000099999999967 0.00000000099999999967 0.00000000099999999967 0.00000000099999999967 0.00000000099999999967 0.99999999199999989319 
0.00000000099999999989 0.00000000099999999989 0.99999999200000011523 0.00000000099999999989 0.00000000099999999989 0.00000000099999999989 0.00000000099999999989 0.00000000099999999989 0.00000000099999999989 
0.00000000099999999977 0.99999999200000011523 0.00000000099999999977 0.00000000099999999977 0.00000000099999999977 0.00000000099999999977 0.00000000099999999977 0.00000000099999999977 0.00000000099999999977 
0.00000000099999999996 0.00000000099999999996 0.00000000099999999996 0.00000000099999999996 0.53601857368755190247 0.32637878248849272467 0.08762005546309083182 0.00000000099999999996 0.04998258336086456449 
0.56173005748050797159 0.00000000099999999991 0.42940113408835500763 0.00000000099999999991 0.00000000099999999991 0.00000000099999999991 0.00000000099999999991 0.00000000099999999991 0.00886880243113719394 
0.99999999200000022626 0.00000000099999999977 0.00000000099999999977 0.00000000099999999977 0.00000000099999999977 0.00000000099999999977 0.00000000099999999977 0.00000000099999999977 0.00000000099999999977 
0.00000000099999999990 0.00000000099999999990 0.00000000099999999990 0.00000000099999999990 0.00000000099999999990 0.00000000099999999990 0.00000000099999999990 0.00000000099999999990 0.99999999199999989319 
0.00000000099999999997 0.00000000099999999997 0.00000000099999999997 0.03346461595215004248 0.41646691147187397952 0.54837150029471848356 0.00169696728125762848 0.00000000099999999997 0.00000000099999999997 
0.00000000099999999992 0.00000000099999999992 0.00000000099999999992 0.00000000099999999992 0.33666471552470117468 0.61770389179998042017 0.04563138667531853321 0.00000000099999999992 0.00000000099999999992 
0.00000000099999999992 0.00000000099999999992 0.99999999200000011523 0.00000000099999999992 0.00000000099999999992 0.00000000099999999992 0.00000000099999999992 0.00000000099999999992 0.00000000099999999992 
0.00000000099999999998 0.00001842434682252452 0.91836129458132387260 0.00000000099999999998 0.00000000099999999998 0.00000000099999999998 0.08162027507185364017 0.00000000099999999998 0.00000000099999999998 
0.99999999200000011523 0.00000000099999999985 0.00000000099999999985 0.00000000099999999985 0.00000000099999999985 0.00000000099999999985 0.00000000099999999985 0.00000000099999999985 0.00000000099999999985 
0.00000000099999999996 0.00000000099999999996 0.00000000099999999996 0.00000000099999999996 0.95799385512014401112 0.00000000099999999996 0.00000000099999999996 0.00000000099999999996 0.04200613787985620073 
0.00000000099999999973 0.00000000099999999973 0.00000000099999999973 0.00000000099999999973 0.00000000099999999973 0.00000000099999999973 0.00000000099999999973 0.99999999200000000421 0.00000000099999999973 
0.00000000099999999999 0.00000000099999999999 0.00000000099999999999 0.00000000099999999999 0.25539487040455838285 0.61054795940300776724 0.08036754205307061749 0.03796301791002766601 0.01572660622933544014 
0.99999999200000022626 0.00000000099999999975 0.00000000099999999975 0.00000000099999999975 0.00000000099999999975 0.00000000099999999975 0.00000000099999999975 0.00000000099999999975 0.00000000099999999975 
0.00000000099999999983 0.99999999200000011523 0.00000000099999999983 0.00000000099999999983 0.00000000099999999983 0.00000000099999999983 0.00000000099999999983 0.00000000099999999983 0.00000000099999999983 
0.00000000099999999957 0.00000000099999999957 0.00000000099999999957 0.00000000099999999957 0.00000000099999999957 0.00000000099999999957 0.00000000099999999957 0.99999999199999989319 0.00000000099999999957 
0.28956720814928954555 0.00000000099999999994 0.71043278485071070794 0.00000000099999999994 0.00000000099999999994 0.00000000099999999994 0.00000000099999999994 0.00000000099999999994 0.00000000099999999994 
0.00000000099999999984 0.00000000099999999984 0.99999999200000011523 0.00000000099999999984 0.00000000099999999984 0.00000000099999999984 0.00000000099999999984 0.00000000099999999984 0.00000000099999999984 
0.00000000099999999988 0.00000000099999999988 0.99999999200000011523 0.00000000099999999988 0.00000000099999999988 0.00000000099999999988 0.00000000099999999988 0.00000000099999999988 0.00000000099999999988 
0.00000000099999999988 0.00000000099999999988 0.00000000099999999988 0.00000000099999999988 0.00000000099999999988 0.00000000099999999988 0.99999999199999989319 0.00000000099999999988 0.00000000099999999988 
0.09335236143075607840 0.00000000099999999999 0.00000000099999999999 0.00000000099999999999 0.02850881801638201207 0.04058964764211162729 0.83439251165249994635 0.00315665725825031891 0.00000000099999999999 
0.00000000099999999987 0.00000000099999999987 0.00000000099999999987 0.00000000099999999987 0.00000000099999999987 0.00000000099999999987 0.00000000099999999987 0.00000000099999999987 0.99999999200000000421 
0.00000000099999999997 0.00000000099999999997 0.00000000099999999997 0.00000000099999999997 0.16234863862181811434 0.35494769614973481486 0.00000000981474017495 0.00000000099999999997 0.48270365041370705272 
0.00000000099999999985 0.00000000099999999985 0.00000000099999999985 0.00000000099999999985 0.00000000099999999985 0.00000000099999999985 0.99999999199999989319 0.00000000099999999985 0.00000000099999999985 
0.66367630767312768558 0.00000000099999999994 0.33632368532687234586 0.00000000099999999994 0.00000000099999999994 0.00000000099999999994 0.00000000099999999994 0.00000000099999999994 0.00000000099999999994 
0.00000000099999999985 0.00000000099999999985 0.00000000099999999985 0.00000000099999999985 0.00000000099999999985 0.00000000099999999985 0.99999999200000000421 0.00000000099999999985 0.00000000099999999985 
0.00000000099999999989 0.00000000099999999989 0.00000000099999999989 0.00000000099999999989 0.00000000099999999989 0.00000000099999999989 0.99999999199999989319 0.00000000099999999989 0.00000000099999999989 
0.00000000099999999986 0.00000000099999999986 0.00000000099999999986 0.00000000099999999986 0.00000000099999999986 0.00000000099999999986 0.99999999199999989319 0.00000000099999999986 0.00000000099999999986 
0.00000000099999999996 0.00000000099999999996 0.00000000099999999996 0.00000000099999999996 0.48716294587612118949 0.39526186782339500780 0.09675422376953131398 0.02082084578978283737 0.00000011274116957439 
0.00000000099999999979 0.00000000099999999979 0.00000000099999999979 0.00000000099999999979 0.00000000099999999979 0.00000000099999999979 0.99999999199999989319 0.00000000099999999979 0.00000000099999999979 
0.00000000099999999985 0.00000000099999999985 0.00000000099999999985 0.00000000099999999985 0.00822663817421240978 0.00003495973466416262 0.99173839609112335314 0.00000000099999999985 0.00000000099999999985 
0.12892062633116219139 0.00000000099999999991 0.38135603370763981879 0.07264098864120770160 0.00000000099999999991 0.00000000099999999991 0.00000000099999999991 0.00000000099999999991 0.41708234631999019371 
0.00000000099999999998 0.00000000099999999998 0.00000000099999999998 0.03065627159661678952 0.46110799138700508948 0.35941543364907790892 0.14882029836730026329 0.00000000099999999998 0.00000000099999999998 
0.00000000099999999994 0.00000000099999999994 0.00000000099999999994 0.00000000099999999994 0.49322148136289672982 0.00000000099999999994 0.50677851163710319060 0.00000000099999999994 0.00000000099999999994 
0.00000000099999999991 0.00000000099999999991 0.00000000099999999991 0.00000000099999999991 0.03955227973926039864 0.00000000099999999991 0.96044771326073963280 0.00000000099999999991 0.00000000099999999991 
0.00000000099999999994 0.00000000099999999994 0.00000000099999999994 0.00000000099999999994 0.56491155397369607893 0.43011851454634614234 0.00000000099999999994 0.00496992547995765178 0.00000000099999999994 
0.00000000099999999988 0.00000000099999999988 0.00000000099999999988 0.00000000099999999988 0.03850126307953798815 0.00000000099999999988 0.96149872992046192532 0.00000000099999999988 0.00000000099999999988 
0.00000000099999999981 0.00000000099999999981 0.00000000099999999981 0.00000000099999999981 0.99999999200000000421 0.00000000099999999981 0.00000000099999999981 0.00000000099999999981 0.00000000099999999981 
0.00000000099999999991 0.00000000099999999991 0.00000000099999999991 0.00000000099999999991 0.34932752915112558201 0.64048128781138835564 0.01019117703748598919 0.00000000099999999991 0.00000000099999999991 
0.00000000099999999992 0.00000000099999999992 0.00000000099999999992 0.00000000099999999992 0.00000000099999999992 0.06548421991206750115 0.93451577308793254417 0.00000000099999999992 0.00000000099999999992 
0.00000000099999999986 0.00000000099999999986 0.00000000099999999986 0.00000000099999999986 0.00000000099999999986 0.00000000099999999986 0.99999999199999989319 0.00000000099999999986 0.00000000099999999986 
0.09874191156143655168 0.90125808143856356303 0.00000000099999999996 0.00000000099999999996 0.00000000099999999996 0.00000000099999999996 0.00000000099999999996 0.00000000099999999996 0.00000000099999999996 
0.00000000099999999986 0.00000000099999999986 0.00000000099999999986 0.00000000099999999986 0.00000000099999999986 0.99999999200000000421 0.00000000099999999986 0.00000000099999999986 0.00000000099999999986 
0.00000000099999999996 0.00346258406064013646 0.00000000099999999996 0.00000000099999999996 0.01659880034747729036 0.00000000099999999996 0.96206464394238599969 0.01787396664949662123 0.00000000099999999996 
0.00000000099999999984 0.99999999200000011523 0.00000000099999999984 0.00000000099999999984 0.00000000099999999984 0.00000000099999999984 0.00000000099999999984 0.00000000099999999984 0.00000000099999999984 
0.24548953086144364999 0.00000000099999999995 0.74667207658146639293 0.00000000099999999995 0.00000000099999999995 0.00000000099999999995 0.00000000099999999995 0.00783838655709014585 0.00000000099999999995 
0.00000000099999999992 0.00000000099999999992 0.00000000099999999992 0.00000000099999999992 0.68380386618004862509 0.31619612681995140635 0.00000000099999999992 0.00000000099999999992 0.00000000099999999992 
0.00000000099999999990 0.93483321288258891535 0.00000000099999999990 0.06516678011741137977 0.00000000099999999990 0.00000000099999999990 0.00000000099999999990 0.00000000099999999990 0.00000000099999999990 
0.00000000099999999988 0.99237280497641611188 0.00000000099999999988 0.00000000099999999988 0.00000000099999999988 0.00000000099999999988 0.00000000099999999988 0.00000000099999999988 0.00762718802358402712 
0.00000000099999999994 0.96015696631461788790 0.03984302668538235864 0.00000000099999999994 0.00000000099999999994 0.00000000099999999994 0.00000000099999999994 0.00000000099999999994 0.00000000099999999994 
0.00000000099999999988 0.00000000099999999988 0.00000000099999999988 0.00000000099999999988 0.00000000099999999988 0.00000000099999999988 0.00000000099999999988 0.00000000099999999988 0.99999999200000000421 
0.00000000099999999970 0.00000000099999999970 0.00000000099999999970 0.99999999200000000421 0.00000000099999999970 0.00000000099999999970 0.00000000099999999970 0.00000000099999999970 0.00000000099999999970 
0.00000000099999999995 0.00000000099999999995 0.00000000099999999995 0.95580019733451282438 0.00000000099999999995 0.00000000099999999995 0.04419979566548713767 0.00000000099999999995 0.00000000099999999995 
0.00000000099999999989 0.00000000099999999989 0.00000000099999999989 0.00000000099999999989 0.00000000099999999989 0.00000000099999999989 0.00000000099999999989 0.00000000099999999989 0.99999999200000000421 
0.51317754933761694502 0.00000000099999999989 0.48682244366238314193 0.00000000099999999989 0.00000000099999999989 0.00000000099999999989 0.00000000099999999989 0.00000000099999999989 0.00000000099999999989 
0.00000000099999999983 0.99999999200000022626 0.00000000099999999983 0.00000000099999999983 0.00000000099999999983 0.00000000099999999983 0.00000000099999999983 0.00000000099999999983 0.00000000099999999983 
0.00000000099999999955 0.00000000099999999955 0.00000000099999999955 0.99999999200000011523 0.00000000099999999955 0.00000000099999999955 0.00000000099999999955 0.00000000099999999955 0.00000000099999999955 
0.00000000099999999960 0.00000000099999999960 0.00000000099999999960 0.99999999200000000421 0.00000000099999999960 0.00000000099999999960 0.00000000099999999960 0.00000000099999999960 0.00000000099999999960 
0.06920856852419146610 0.83733153225820078358 0.00408069434088034321 0.02365501233842109627 0.00000000099999999999 0.00000000099999999999 0.00000000099999999999 0.03741284435763920363 0.02831134518066717384 
0.00000000099999999999 0.04835970654751988590 0.16123779996272685766 0.10972579338406035498 0.00000000099999999999 0.20770854814999684113 0.00000000099999999999 0.00170850529504549143 0.47125964366065059563 
0.33046724026943502528 0.04401770529963739548 0.44615756627443442506 0.04661489891006079939 0.00000000099999999999 0.13274257884048817902 0.00000000099999999999 0.00000000740594423673 0.00000000099999999999 
0.00000000099999999988 0.00000000099999999988 0.00000000099999999988 0.00000000099999999988 0.00000000099999999988 0.00000000099999999988 0.00000000099999999988 0.00000000099999999988 0.99999999199999989319 
0.00000000099999999993 0.90489869282622703572 0.00000000099999999993 0.09510130017377317613 0.00000000099999999993 0.00000000099999999993 0.00000000099999999993 0.00000000099999999993 0.00000000099999999993 
0.00000000099999999984 0.00000000099999999984 0.99999999200000000421 0.00000000099999999984 0.00000000099999999984 0.00000000099999999984 0.00000000099999999984 0.00000000099999999984 0.00000000099999999984 
0.21416917283376399328 0.01682204332673670547 0.71973961223074500726 0.04926543851333193419 0.00000000099999999996 0.00000000099999999996 0.00000000099999999996 0.00000000099999999996 0.00000372909542253885 
0.00000000099999999986 0.00000000099999999986 0.00000001222141769291 0.00000000099999999986 0.00000000099999999986 0.00000000099999999986 0.00000000099999999986 0.00000000099999999986 0.99999998077858232026 
0.99999999200000011523 0.00000000099999999979 0.00000000099999999979 0.00000000099999999979 0.00000000099999999979 0.00000000099999999979 0.00000000099999999979 0.00000000099999999979 0.00000000099999999979 
0.00000000099999999960 0.00000000099999999960 0.00000000099999999960 0.99999999200000000421 0.00000000099999999960 0.00000000099999999960 0.00000000099999999960 0.00000000099999999960 0.00000000099999999960 
0.00000000099999999997 0.00000000099999999997 0.00000000099999999997 0.09471027088724241760 0.00000000099999999997 0.00000000099999999997 0.02930536193199028555 0.00000000099999999997 0.87598436118076739021 
0.00000000099999999991 0.93148691221377244442 0.06851308078622760089 0.00000000099999999991 0.00000000099999999991 0.00000000099999999991 0.00000000099999999991 0.00000000099999999991 0.00000000099999999991 
0.00833165767546080807 0.00000000099999999995 0.00000000099999999995 0.00005543194126322236 0.00000000099999999995 0.00000000099999999995 0.00000000099999999995 0.00000000099999999995 0.99161290438327598373 
0.46371666774755065932 0.03352440345094614277 0.47936565279301646125 0.02339327064190814195 0.00000000099999999994 0.00000000099999999994 0.00000000099999999994 0.00000000099999999994 0.00000000136657859965 
0.00000000099999999986 0.00000000099999999986 0.00000000099999999986 0.00000000099999999986 0.00000000099999999986 0.00000000099999999986 0.99999999200000000421 0.00000000099999999986 0.00000000099999999986 
0.00000000099999999973 0.00000000099999999973 0.00000000099999999973 0.00000000099999999973 0.00000000099999999973 0.00000000099999999973 0.99999999199999989319 0.00000000099999999973 0.00000000099999999973 
0.00000000099999999991 0.00000000099999999991 0.00000000099999999991 0.00000000099999999991 0.00000000099999999991 0.99696953669492049954 0.00000000099999999991 0.00303045630507942131 0.00000000099999999991 
0.00000000099999999984 0.00000000099999999984 0.00000000099999999984 0.00000000099999999984 0.99999999200000000421 0.00000000099999999984 0.00000000099999999984 0.00000000099999999984 0.00000000099999999984 
0.01310035372164043005 0.89802078560672249363 0.00000000100000000000 0.00367974499015769193 0.00000000100000000000 0.01744019659117717475 0.01744805222235673581 0.04855238265545237103 0.00175848221249308022 
0.00000000099999999994 0.00000000099999999994 0.00000000099999999994 0.00000000099999999994 0.49498060584523412286 0.38197961125122231740 0.03858380733029442150 0.00000000099999999994 0.08445597057324932821 
0.00000000099999999985 0.00000000099999999985 0.00000000099999999985 0.00000000099999999985 0.00000000099999999985 0.99999999200000011523 0.00000000099999999985 0.00000000099999999985 0.00000000099999999985 
0.00000000099999999998 0.83855373867908278296 0.03814406541656183147 0.00000000099999999998 0.00000000099999999998 0.00000000099999999998 0.11724653049587874243 0.00605566040847676634 0.00000000099999999998 
0.00000000099999999998 0.00000000099999999998 0.11724485401275425156 0.00000000099999999998 0.35735745916444278114 0.41344870101331671064 0.08208564457582033513 0.02076820380246586356 0.00909513443120011505 
0.00000000099999999981 0.00000000099999999981 0.00000000099999999981 0.00000000099999999981 0.00000000099999999981 0.00000000099999999981 0.99999999200000000421 0.00000000099999999981 0.00000000099999999981 
0.00000000319298898077 0.81592189728157227258 0.00000000099999999999 0.00649070168391342739 0.00000000099999999999 0.06778909691189412279 0.10979829692963126442 0.00000000099999999999 0.00000000099999999999 
0.00000000099999999988 0.08866310475307641326 0.91133688824692371533 0.00000000099999999988 0.00000000099999999988 0.00000000099999999988 0.00000000099999999988 0.00000000099999999988 0.00000000099999999988 
0.00000000099999999983 0.99999999200000011523 0.00000000099999999983 0.00000000099999999983 0.00000000099999999983 0.00000000099999999983 0.00000000099999999983 0.00000000099999999983 0.00000000099999999983 
0.00000000099999999985 0.00000000099999999985 0.00000000099999999985 0.00000000099999999985 0.00000000099999999985 0.00000000099999999985 0.00000000099999999985 0.00000000099999999985 0.99999999200000000421 
0.52123890115567983461 0.00000000099999999993 0.47876109184432030785 0.00000000099999999993 0.00000000099999999993 0.00000000099999999993 0.00000000099999999993 0.00000000099999999993 0.00000000099999999993 
0.00000000099999999987 0.00000000099999999987 0.00000000099999999987 0.00000000099999999987 0.99999999200000011523 0.00000000099999999987 0.00000000099999999987 0.00000000099999999987 0.00000000099999999987 
0.00000000099999999999 0.16271985320782603179 0.00000000099999999999 0.00533437709381937020 0.00000001823870629482 0.83193575766364769031 0.00000998019465848398 0.00000000099999999999 0.00000001060134223575 
0.00000000099999999990 0.00000000099999999990 0.00000000099999999990 0.00000000099999999990 0.00000000099999999990 0.99999999200000011523 0.00000000099999999990 0.00000000099999999990 0.00000000099999999990 
0.00000000099999999995 0.00000000099999999995 0.00000000099999999995 0.00000000099999999995 0.29582074317428214139 0.66035086252891517233 0.04382838829680257148 0.00000000099999999995 0.00000000099999999995 
0.00000000099999999992 0.00000000099999999992 0.00000000099999999992 0.00000000099999999992 0.00000000099999999992 0.99979021910671417306 0.00020977389328588812 0.00000000099999999992 0.00000000099999999992 
0.00000000099999999987 0.00000000099999999987 0.00000000099999999987 0.00000000099999999987 0.36573718003150434974 0.56743567042648901388 0.06682714354200657014 0.00000000099999999987 0.00000000099999999987 
0.28954736278086523615 0.00000000099999999993 0.65973490675242463244 0.05071772446671007212 0.00000000099999999993 0.00000000099999999993 0.00000000099999999993 0.00000000099999999993 0.00000000099999999993 
0.00000000099999999993 0.00000000099999999993 0.00000000099999999993 0.05434719387728580153 0.00000000099999999993 0.00000000099999999993 0.00000000099999999993 0.00000000099999999993 0.94565279912271427154 
0.45179479300337843650 0.00666601742347936420 0.54140906201634675377 0.00000000099999999992 0.00000000099999999992 0.00000000099999999992 0.00000000099999999992 0.00000000099999999992 0.00013012255679549620 
0.99999999200000011523 0.00000000099999999985 0.00000000099999999985 0.00000000099999999985 0.00000000099999999985 0.00000000099999999985 0.00000000099999999985 0.00000000099999999985 0.00000000099999999985 
0.00000000099999999983 0.00000000099999999983 0.00000000099999999983 0.00000000099999999983 0.00000000099999999983 0.00000000099999999983 0.00000000099999999983 0.00000000099999999983 0.99999999199999989319 
0.00000000099999999976 0.99999999200000022626 0.00000000099999999976 0.00000000099999999976 0.00000000099999999976 0.00000000099999999976 0.00000000099999999976 0.00000000099999999976 0.00000000099999999976 
0.00000000099999999985 0.96727177074641779164 0.00000000099999999985 0.03272822225358239939 0.00000000099999999985 0.00000000099999999985 0.00000000099999999985 0.00000000099999999985 0.00000000099999999985 
0.00000000202422394113 0.00000000099999999984 0.99999999097577607632 0.00000000099999999984 0.00000000099999999984 0.00000000099999999984 0.00000000099999999984 0.00000000099999999984 0.00000000099999999984 
0.46570892416513465228 0.00000000099999999990 0.53429106883486543467 0.00000000099999999990 0.00000000099999999990 0.00000000099999999990 0.00000000099999999990 0.00000000099999999990 0.00000000099999999990 
0.44796977913813168515 0.00000000099999999988 0.55203021386186845731 0.00000000099999999988 0.00000000099999999988 0.00000000099999999988 0.00000000099999999988 0.00000000099999999988 0.00000000099999999988 
0.00000000099999999987 0.99999999200000022626 0.00000000099999999987 0.00000000099999999987 0.00000000099999999987 0.00000000099999999987 0.00000000099999999987 0.00000000099999999987 0.00000000099999999987 
0.05757513028785106457 0.94242486271214909177 0.00000000099999999995 0.00000000099999999995 0.00000000099999999995 0.00000000099999999995 0.00000000099999999995 0.00000000099999999995 0.00000000099999999995 
0.00000000099999999984 0.00000000099999999984 0.99999999200000000421 0.00000000099999999984 0.00000000099999999984 0.00000000099999999984 0.00000000099999999984 0.00000000099999999984 0.00000000099999999984 
0.00000000099999999986 0.00000000099999999986 0.00000000099999999986 0.00000000099999999986 0.00000000099999999986 0.00000000099999999986 0.00000000099999999986 0.00000000099999999986 0.99999999200000000421 
0.00000000099999999997 0.01956372914239782462 0.91175707485515689044 0.02757282964797266867 0.00000000099999999997 0.00000000099999999997 0.00000000099999999997 0.03967835411483584124 0.00142800823963684436 
0.00000000099999999979 0.99999999200000011523 0.00000000099999999979 0.00000000099999999979 0.00000000099999999979 0.00000000099999999979 0.00000000099999999979 0.00000000099999999979 0.00000000099999999979 
0.34919305568785430349 0.00000000099999999989 0.65080692771160364440 0.00000001060054220989 0.00000000099999999989 0.00000000099999999989 0.00000000099999999989 0.00000000099999999989 0.00000000099999999989 
0.00000687817675308891 0.00000000099999999998 0.00000000099999999998 0.00000000099999999998 0.53922301449117715499 0.33880494372385161483 0.08229958954239408042 0.00933090643269215980 0.03033466463313198858 
0.00000000099999999993 0.78434755378706266793 0.02576195890903882485 0.09931370605466298407 0.00000000099999999993 0.00000000099999999993 0.00000000099999999993 0.00000000099999999993 0.09057677624923567150 
0.08410586980485681985 0.00000000099999999996 0.00000000099999999996 0.00000000099999999996 0.41549198150107474747 0.49376270203565375549 0.00000000099999999996 0.00663944165841471711 0.00000000099999999996 
0.00000000099999999980 0.99999999200000011523 0.00000000099999999980 0.00000000099999999980 0.00000000099999999980 0.00000000099999999980 0.00000000099999999980 0.00000000099999999980 0.00000000099999999980 
0.00000000099999999987 0.00000000099999999987 0.99999999200000011523 0.00000000099999999987 0.00000000099999999987 0.00000000099999999987 0.00000000099999999987 0.00000000099999999987 0.00000000099999999987 
0.25158066430583797546 0.00000000099999999988 0.74841932869416216700 0.00000000099999999988 0.00000000099999999988 0.00000000099999999988 0.00000000099999999988 0.00000000099999999988 0.00000000099999999988 
0.00000000099999999984 0.99999999200000011523 0.00000000099999999984 0.00000000099999999984 0.00000000099999999984 0.00000000099999999984 0.00000000099999999984 0.00000000099999999984 0.00000000099999999984 
0.60092971743872580781 0.00000000099999999986 0.39907027556127433465 0.00000000099999999986 0.00000000099999999986 0.00000000099999999986 0.00000000099999999986 0.00000000099999999986 0.00000000099999999986 
0.06717653837072050382 0.01974644016897748877 0.57567086169838310727 0.00000000100000000000 0.08207550435817860535 0.12372361715817685457 0.02659842277567239788 0.07186713106562098163 0.03314148340427013756 
0.00000000099999999985 0.99999999200000022626 0.00000000099999999985 0.00000000099999999985 0.00000000099999999985 0.00000000099999999985 0.00000000099999999985 0.00000000099999999985 0.00000000099999999985 
0.99999999200000022626 0.00000000099999999985 0.00000000099999999985 0.00000000099999999985 0.00000000099999999985 0.00000000099999999985 0.00000000099999999985 0.00000000099999999985 0.00000000099999999985 
0.00000000099999999994 0.00000000099999999994 0.00000000099999999994 0.00000000099999999994 0.12018087862559881374 0.02629988509689651366 0.84970287429754653985 0.00381635697995819957 0.00000000099999999994 
0.00000000099999999951 0.00000000099999999951 0.00000000099999999951 0.00000000099999999951 0.00000000099999999951 0.00000000099999999951 0.00000000099999999951 0.99999999199999989319 0.00000000099999999951 
0.00000000099999999980 0.00000000099999999980 0.00000000099999999980 0.00000000099999999980 0.99999999200000011523 0.00000000099999999980 0.00000000099999999980 0.00000000099999999980 0.00000000099999999980 
0.00000000099999999985 0.00000000099999999985 0.00000000099999999985 0.00000000099999999985 0.00000000099999999985 0.99999999200000011523 0.00000000099999999985 0.00000000099999999985 0.00000000099999999985 
0.00000000099999999985 0.00000000099999999985 0.00000000099999999985 0.00000000099999999985 0.99999999200000011523 0.00000000099999999985 0.00000000099999999985 0.00000000099999999985 0.00000000099999999985 
0.00000000099999999994 0.00000000099999999994 0.00000000099999999994 0.00000000099999999994 0.43836224850592542257 0.56163774449407455336 0.00000000099999999994 0.00000000099999999994 0.00000000099999999994 
0.00000000099999999988 0.00000000099999999988 0.00000000099999999988 0.00000000099999999988 0.99999999200000000421 0.00000000099999999988 0.00000000099999999988 0.00000000099999999988 0.00000000099999999988 
0.00020815723945323135 0.01467182707600512767 0.07761966567216668778 0.00497119519946256049 0.50050390047623716239 0.23052084431521019381 0.16738632614602855231 0.00411808287543649534 0.00000000100000000000 
0.00000000099999999989 0.00000000099999999989 0.00000000099999999989 0.00000000099999999989 0.60220006009186788365 0.39779993290813214779 0.00000000099999999989 0.00000000099999999989 0.00000000099999999989 
0.00000000099999999979 0.99999999200000011523 0.00000000099999999979 0.00000000099999999979 0.00000000099999999979 0.00000000099999999979 0.00000000099999999979 0.00000000099999999979 0.00000000099999999979 
0.00000000099999999997 0.00000000099999999997 0.00000000099999999997 0.00000944741146152495 0.49346507925602306477 0.47335413753056287955 0.02017951815281974690 0.01299181364913259452 0.00000000099999999997 
0.00000000099999999952 0.00000000099999999952 0.00000000099999999952 0.00000000099999999952 0.00000000099999999952 0.00000000099999999952 0.00000000099999999952 0.99999999200000000421 0.00000000099999999952 
0.00000000099999999988 0.00000000099999999988 0.00000000099999999988 0.00000000099999999988 0.00000000099999999988 0.99999999200000011523 0.00000000099999999988 0.00000000099999999988 0.00000000099999999988 
0.00000000099999999985 0.00000000099999999985 0.00000000099999999985 0.00000000099999999985 0.00000000099999999985 0.00000000099999999985 0.99999999200000000421 0.00000000099999999985 0.00000000099999999985 
0.41706492503545000705 0.00000000099999999988 0.58293506796455007990 0.00000000099999999988 0.00000000099999999988 0.00000000099999999988 0.00000000099999999988 0.00000000099999999988 0.00000000099999999988 
0.00000000099999999980 0.00000000099999999980 0.00000000099999999980 0.00000000099999999980 0.00000000099999999980 0.00000000099999999980 0.99999999199999989319 0.00000000099999999980 0.00000000099999999980 
0.00000000099999999985 0.00000000099999999985 0.00000000099999999985 0.00000000099999999985 0.00000059735385082496 0.00000000099999999985 0.99999939564614925835 0.00000000099999999985 0.00000000099999999985 
0.00000000099999999999 0.00000000099999999999 0.00000000099999999999 0.00000000099999999999 0.62813803771355813943 0.30177274312720181459 0.05014778653582594586 0.00127542850776688550 0.01866600011564734790 
0.00000000099999999995 0.00000000099999999995 0.00000000099999999995 0.01928966773416847247 0.34443238005650161915 0.57705111730524083491 0.05628411327056179192 0.00000000099999999995 0.00294271763352718131 
0.00000000099999999990 0.00000000099999999990 0.00000000099999999990 0.00000000099999999990 0.00000000099999999990 0.00000000099999999990 0.99999999199999989319 0.00000000099999999990 0.00000000099999999990 
0.00000000099999999985 0.00000000099999999985 0.00000000099999999985 0.00000000099999999985 0.00000687919166408043 0.00000000099999999985 0.99999311380833588725 0.00000000099999999985 0.00000000099999999985 
0.00000000099999999987 0.00000000099999999987 0.00000000099999999987 0.00000000099999999987 0.96654609403319957650 0.00000000099999999987 0.03345389896680053127 0.00000000099999999987 0.00000000099999999987 
0.32899592172464658946 0.00000000099999999988 0.67100407127535344198 0.00000000099999999988 0.00000000099999999988 0.00000000099999999988 0.00000000099999999988 0.00000000099999999988 0.00000000099999999988 
0.00000000099999999998 0.00000000099999999998 0.00000000099999999998 0.02039144361206950834 0.51299165448698147429 0.38889671673834658172 0.07248766333733179523 0.00523251782527052282 0.00000000099999999998 
0.00000000099999999983 0.00000000099999999983 0.00000000099999999983 0.00000000099999999983 0.00000000099999999983 0.00000000099999999983 0.99999999199999989319 0.00000000099999999983 0.00000000099999999983 
0.00000000099999999992 0.00000000099999999992 0.00000000099999999992 0.00000000099999999992 0.99999999200000011523 0.00000000099999999992 0.00000000099999999992 0.00000000099999999992 0.00000000099999999992 
0.00000000099999999988 0.00000000099999999988 0.00000000099999999988 0.00000000099999999988 0.99999999200000000421 0.00000000099999999988 0.00000000099999999988 0.00000000099999999988 0.00000000099999999988 
0.00000000099999999987 0.00000000099999999987 0.00000000099999999987 0.00000000099999999987 0.00000000099999999987 0.00000000099999999987 0.99999999199999989319 0.00000000099999999987 0.00000000099999999987 
0.99999999200000022626 0.00000000099999999972 0.00000000099999999972 0.00000000099999999972 0.00000000099999999972 0.00000000099999999972 0.00000000099999999972 0.00000000099999999972 0.00000000099999999972 
0.00000000099999999993 0.00000000099999999993 0.00000000099999999993 0.00000000099999999993 0.00000000099999999993 0.00000000099999999993 0.99999999200000000421 0.00000000099999999993 0.00000000099999999993 
0.00000000099999999997 0.00000000099999999997 0.00000000099999999997 0.00542229720369055875 0.39836885022374590726 0.59479902692075203863 0.00140982065181153682 0.00000000099999999997 0.00000000099999999997 
0.00000000099999999996 0.00000000099999999996 0.00000000099999999996 0.05267612464061633554 0.30048833390812457189 0.64186441803936677974 0.00497111841189239005 0.00000000099999999996 0.00000000099999999996 
0.00000000099999999994 0.00000000099999999994 0.00000000099999999994 0.00000000099999999994 0.40052555330859873628 0.57487056286065751909 0.02195821130408050562 0.00000000099999999994 0.00264566752666323341 
0.32179552048295723132 0.00000000099999999988 0.67820447251704274461 0.00000000099999999988 0.00000000099999999988 0.00000000099999999988 0.00000000099999999988 0.00000000099999999988 0.00000000099999999988 
0.00000000099999999997 0.00000000099999999997 0.00000000099999999997 0.02952475460027231477 0.40852975321294893174 0.40747719750116601078 0.04511535802563103326 0.00000000099999999997 0.10935293265998162482 
0.00000000099999999990 0.00000000099999999990 0.00000000099999999990 0.00000000099999999990 0.00000000099999999990 0.99999999200000000421 0.00000000099999999990 0.00000000099999999990 0.00000000099999999990 
0.00000000099999999990 0.00000000099999999990 0.00000000099999999990 0.00000000099999999990 0.37962625437130453898 0.62037373862869538144 0.00000000099999999990 0.00000000099999999990 0.00000000099999999990 
0.00000000099999999996 0.00000000099999999996 0.00000000099999999996 0.00000000099999999996 0.00000000099999999996 0.99985563860436377226 0.00000000099999999996 0.00014435439563633345 0.00000000099999999996 
0.00000000099999999997 0.00000000099999999997 0.03352814981815595285 0.00000000099999999997 0.14474990259240655410 0.00000000099999999997 0.82109516636835655490 0.00000000099999999997 0.00062677622108086033 
0.25836349191602109299 0.00000000099999999998 0.60702700513865914811 0.00000000099999999998 0.00000000099999999998 0.00000000099999999998 0.13460949694531965104 0.00000000099999999998 0.00000000099999999998 
0.00000000099999999997 0.00000000099999999997 0.00000000099999999997 0.03246181969697035929 0.42340615644923756955 0.51206170478231838317 0.00061036803534258684 0.00000000099999999997 0.03145994703613105153 
0.00000000099999999975 0.00000000099999999975 0.00000000099999999975 0.00000000099999999975 0.00000000099999999975 0.00000000099999999975 0.99999999199999989319 0.00000000099999999975 0.00000000099999999975 
0.00000000099999999997 0.00000000099999999997 0.00000000099999999997 0.00000000099999999997 0.00000000099999999997 0.02484465341554217485 0.97515533958445776985 0.00000000099999999997 0.00000000099999999997 
0.00000000099999999997 0.04234348160129174088 0.00000000099999999997 0.00000000099999999997 0.00000000099999999997 0.36080641199464746904 0.59685010040406083487 0.00000000099999999997 0.00000000099999999997 
0.00000000099999999999 0.00000000099999999999 0.41330545325392592515 0.00000000099999999999 0.05120828388755709060 0.12335693238532385863 0.36232624682379055425 0.00000000099999999999 0.04980307964940264981 
0.00000000099999999982 0.00000000099999999982 0.00000000099999999982 0.00000000099999999982 0.00000000099999999982 0.99999999200000011523 0.00000000099999999982 0.00000000099999999982 0.00000000099999999982 
0.00000005725664522949 0.07073150281257296890 0.40052850316351823468 0.00000008650913795898 0.37248479661304212396 0.02571315632406919599 0.10574105532293182064 0.02480084099808240947 0.00000000100000000000 
0.00000000099999999997 0.00000000099999999997 0.00000000099999999997 0.00000000099999999997 0.44183165372263022430 0.34804080789079000491 0.00278756168877895751 0.00000123630455797198 0.20733873639324290616 
0.00000000099999999993 0.00000000099999999993 0.00000000099999999993 0.00000000099999999993 0.00000000099999999993 0.99999999200000000421 0.00000000099999999993 0.00000000099999999993 0.00000000099999999993 
