0.39825592247246272004 0.20026252835586658141 0.07403292892533398784 0.32657586300315799566 0.00087275524317851185 0.00000000099999999999 0.00000000099999999999 
0.00000000099999999997 0.12203147704143504915 0.85378200203096710208 0.00000000099999999997 0.00000000099999999997 0.02418651692759796537 0.00000000099999999997 
0.05916958955624628674 0.14775621531671931375 0.76877872650701750690 0.00000000099999999999 0.00000000099999999999 0.00000000099999999999 0.02429546562001691501 
0.00032135444494661350 0.13008876669680236038 0.86718852785758937518 0.00000000099999999997 0.00000000099999999997 0.00240134800066172478 0.00000000099999999997 
0.05965438091189636388 0.10611007436949096427 0.83423554071861272252 0.00000000099999999996 0.00000000099999999996 0.00000000099999999996 0.00000000099999999996 
0.00926989413479597027 0.00000000099999999996 0.99073010086520418849 0.00000000099999999996 0.00000000099999999996 0.00000000099999999996 0.00000000099999999996 
0.00000000099999999988 0.00000000099999999988 0.00000000099999999988 0.00000000099999999988 0.00000000099999999988 0.02755013930650391032 0.97244985569349617904 
0.99999999400000005867 0.00000000099999999988 0.00000000099999999988 0.00000000099999999988 0.00000000099999999988 0.00000000099999999988 0.00000000099999999988 
0.08971644890005889272 0.00000000099999999994 0.89625535119872401513 0.00000000099999999994 0.01402819590121716538 0.00000000099999999994 0.00000000099999999994 
0.00000000099999999988 0.00000000099999999988 0.00000000099999999988 0.00000000099999999988 0.00000000099999999988 0.00000000099999999988 0.99999999399999994765 
0.00000000099999999992 0.00000000099999999992 0.00000000099999999992 0.00000000099999999992 0.00000000099999999992 0.00000000099999999992 0.99999999400000005867 
0.00000000099999999994 0.00000000099999999994 0.00000000099999999994 0.00000000099999999994 0.00000000099999999994 0.00000000099999999994 0.99999999400000005867 
0.00000000099999999986 0.00000000099999999986 0.00000000099999999986 0.00000000099999999986 0.00000000099999999986 0.99999999400000005867 0.00000000099999999986 
0.00000000099999999999 0.00076748824726543120 0.12397911554570308079 0.16981362246689996054 0.00000000099999999999 0.15325815007242690746 0.55218162166770456967 
0.09118434569479386131 0.07792178068956806536 0.00000000099999999999 0.41090219053451593201 0.00000000099999999999 0.41999168008112214290 0.00000000099999999999 
0.00000000099999999989 0.00000000099999999989 0.00000000099999999989 0.00000000099999999989 0.00000000099999999989 0.00000000099999999989 0.99999999400000005867 
0.00000000099999999995 0.15138649835484954687 0.00000000099999999995 0.23835107255087903400 0.00000000099999999995 0.17728007535039486120 0.43298235074387636523 
0.35193868667593442012 0.21842150021115600000 0.00000000099999999999 0.23792899726150848472 0.00000000099999999999 0.19171081285140104122 0.00000000099999999999 
0.00000000099999999972 0.00000000099999999972 0.00000000099999999972 0.99999999400000005867 0.00000000099999999972 0.00000000099999999972 0.00000000099999999972 
0.00000000099999999997 0.00000000099999999997 0.00000000099999999997 0.49551251330795892391 0.00000000099999999997 0.50448748169204093994 0.00000000099999999997 
0.00000000099999999975 0.00000000099999999975 0.00000000099999999975 0.00000000099999999975 0.00000000099999999975 0.99999999400000005867 0.00000000099999999975 
0.00000000099999999992 0.00000000099999999992 0.00000000099999999992 0.00000000099999999992 0.00000000099999999992 0.02207143361690466765 0.97792856138309547376 
0.00000000099999999979 0.00000000099999999979 0.00000000099999999979 0.99999999400000005867 0.00000000099999999979 0.00000000099999999979 0.00000000099999999979 
0.00000000099999999997 0.22742976223029606753 0.73706460121608574632 0.00000000099999999997 0.00000000099999999997 0.03550563255361827153 0.00000000099999999997 
0.00000000099999999992 0.00000000099999999992 0.00000000099999999992 0.00000000099999999992 0.00000000099999999992 0.02547279833922222458 0.97452719666077791683 
0.00000000099999999993 0.00000000099999999993 0.00000000099999999993 0.00000000099999999993 0.00000000099999999993 0.00000441979554687975 0.99999557520445314651 
0.00000000099999999993 0.00000000099999999993 0.00000000099999999993 0.00000000099999999993 0.00000000099999999993 0.99999999399999994765 0.00000000099999999993 
0.00000000099999999999 0.14606735177356983124 0.82885340167970267267 0.00000000099999999999 0.00000000099999999999 0.02507924254672750514 0.00000000099999999999 
0.00268627290468196256 0.12385727716393603315 0.87345644593138194178 0.00000000099999999995 0.00000000099999999995 0.00000000099999999995 0.00000000099999999995 
0.00000000099999999998 0.00000000099999999998 0.00000000099999999998 0.00000000099999999998 0.00000000099999999998 0.00000000099999999998 0.99999999399999994765 
0.00000000099999999998 0.09677376218079432324 0.00000000099999999998 0.03015440721031430529 0.00000000099999999998 0.00000000099999999998 0.87307182660889148806 
0.00000000099999999995 0.00000000099999999995 0.00000000099999999995 0.01620032353078042567 0.01690305879163755964 0.03364387063746695355 0.93325274404011515639 
0.00000000099999999998 0.08893272813643120223 0.84167859062530803183 0.00000000099999999998 0.00000000099999999998 0.06938867723826085132 0.00000000099999999998 
0.00000000099999999979 0.00000000099999999979 0.00000000099999999979 0.00000000099999999979 0.99999999399999994765 0.00000000099999999979 0.00000000099999999979 
0.07078396412686092931 0.08575038874478377315 0.79613111893969390476 0.00000000099999999999 0.04290967944156474229 0.00442484674709646680 0.00000000099999999999 
0.00000000099999999994 0.00000000099999999994 0.00000000099999999994 0.00118139184512267145 0.00000000099999999994 0.00000000099999999994 0.99881860315487736024 
0.00000000099999999985 0.00000000099999999985 0.00000000099999999985 0.99999999399999994765 0.00000000099999999985 0.00000000099999999985 0.00000000099999999985 
0.00000000099999999967 0.00000000099999999967 0.00000000099999999967 0.00000000099999999967 0.99999999400000005867 0.00000000099999999967 0.00000000099999999967 
0.00000000099999999995 0.00000000099999999995 0.00000000099999999995 0.00000000099999999995 0.00000000099999999995 0.00000000099999999995 0.99999999400000005867 
0.00000000099999999991 0.00000000099999999991 0.00000000099999999991 0.00834230646770102099 0.00000000099999999991 0.00000000099999999991 0.99165768853229907531 
0.00000000099999999993 0.00000000099999999993 0.00000000099999999993 0.00000000099999999993 0.00000000099999999993 0.04130770701162472802 0.95869228798837524685 
0.75817948939470136693 0.24182050560529877448 0.00000000099999999990 0.00000000099999999990 0.00000000099999999990 0.00000000099999999990 0.00000000099999999990 
0.69765606371150445941 0.15122609946800091851 0.06119639287579319714 0.00000000100000000000 0.00452468290804130136 0.00080743508488651981 0.08458932495177347299 
0.00000000099999999991 0.00000000099999999991 0.00000000099999999991 0.00000000099999999991 0.00000000099999999991 0.99999999400000005867 0.00000000099999999991 
0.00166871003121511481 0.03430038109894528037 0.48085395710147060822 0.00000000099999999998 0.00000000099999999998 0.48317694876836908557 0.00000000099999999998 
0.84837176552207060887 0.15162822947792944928 0.00000000099999999991 0.00000000099999999991 0.00000000099999999991 0.00000000099999999991 0.00000000099999999991 
0.00000000099999999997 0.00000000099999999997 0.00000000099999999997 0.00000000099999999997 0.00887411051027844379 0.01007095029813631810 0.98105493519158526450 
0.99999999400000005867 0.00000000099999999988 0.00000000099999999988 0.00000000099999999988 0.00000000099999999988 0.00000000099999999988 0.00000000099999999988 
0.99999999400000016969 0.00000000099999999991 0.00000000099999999991 0.00000000099999999991 0.00000000099999999991 0.00000000099999999991 0.00000000099999999991 
0.72732066555169028188 0.27267932944830974851 0.00000000099999999988 0.00000000099999999988 0.00000000099999999988 0.00000000099999999988 0.00000000099999999988 
0.00000000099999999997 0.19300811937009765273 0.78276243292584390954 0.00000000099999999997 0.02422944370405863065 0.00000000099999999997 0.00000000099999999997 
0.76149529116896186309 0.23850470383103813954 0.00000000099999999985 0.00000000099999999985 0.00000000099999999985 0.00000000099999999985 0.00000000099999999985 
0.79108614157310797044 0.20891385342689208771 0.00000000099999999989 0.00000000099999999989 0.00000000099999999989 0.00000000099999999989 0.00000000099999999989 
0.00000000099999999993 0.00000000099999999993 0.00000000099999999993 0.00087552567827040690 0.00076620606618093895 0.48057145375093501816 0.51778681150461369764 
0.01962991794602406484 0.23909093076813744960 0.72322078361381281209 0.00641023269403097080 0.00000000099999999999 0.01164813297799476184 0.00000000099999999999 
0.53490631683378253580 0.08675417649283652388 0.37702733185908049451 0.00000000099999999998 0.00131217181430049834 0.00000000099999999998 0.00000000099999999998 
0.73625130863470522602 0.26374868636529485988 0.00000000099999999991 0.00000000099999999991 0.00000000099999999991 0.00000000099999999991 0.00000000099999999991 
0.02799824791222137177 0.00000000099999999996 0.96586736841936216003 0.00000000099999999996 0.00613437966841635495 0.00000000099999999996 0.00000000099999999996 
0.99999999400000016969 0.00000000099999999991 0.00000000099999999991 0.00000000099999999991 0.00000000099999999991 0.00000000099999999991 0.00000000099999999991 
0.00000000099999999994 0.05119271460411828345 0.94880728039588180245 0.00000000099999999994 0.00000000099999999994 0.00000000099999999994 0.00000000099999999994 
0.07864008265296036637 0.00000000099999999994 0.92135991234703973340 0.00000000099999999994 0.00000000099999999994 0.00000000099999999994 0.00000000099999999994 
0.65902621613816181334 0.34097377886183816154 0.00000000099999999991 0.00000000099999999991 0.00000000099999999991 0.00000000099999999991 0.00000000099999999991 
0.86285842303598114800 0.13714157196401882688 0.00000000099999999991 0.00000000099999999991 0.00000000099999999991 0.00000000099999999991 0.00000000099999999991 
0.00000004797349683592 0.00000000099999999999 0.00000000099999999999 0.92374443991345001059 0.00000000099999999999 0.00000000099999999999 0.07625550811305313592 
0.06864821279856866965 0.00000000099999999994 0.93135178220143133299 0.00000000099999999994 0.00000000099999999994 0.00000000099999999994 0.00000000099999999994 
0.61331916963813015720 0.38668082536186987319 0.00000000099999999994 0.00000000099999999994 0.00000000099999999994 0.00000000099999999994 0.00000000099999999994 
0.00000000099999999986 0.00000000099999999986 0.00000000099999999986 0.99999999399999994765 0.00000000099999999986 0.00000000099999999986 0.00000000099999999986 
0.00000000099999999995 0.00000000099999999995 0.00000000099999999995 0.00000000099999999995 0.00973079999732079370 0.00000000099999999995 0.99026919500267918117 
0.00000000099999999996 0.06641857699687458982 0.93358141800312544056 0.00000000099999999996 0.00000000099999999996 0.00000000099999999996 0.00000000099999999996 
0.00000000099999999991 0.00000000099999999991 0.00000000099999999991 0.99999999399999994765 0.00000000099999999991 0.00000000099999999991 0.00000000099999999991 
0.00000000099999999989 0.00000000099999999989 0.00000000099999999989 0.99925633940598712623 0.00000000099999999989 0.00074365559401282165 0.00000000099999999989 
0.00000000099999999995 0.00000000099999999995 0.00000000099999999995 0.97745918039452939219 0.00000000099999999995 0.00000000099999999995 0.02254081460547069024 
0.00000000099999999989 0.00000000099999999989 0.00000000099999999989 0.00000000099999999989 0.00000000099999999989 0.99999999400000005867 0.00000000099999999989 
0.00000000099999999993 0.00000000099999999993 0.00000000099999999993 0.37686100954484508252 0.00276460580795067495 0.62037438064720418218 0.00000000099999999993 
0.13982171061732892592 0.00000000100000000000 0.00000000100000000000 0.27539551545893120599 0.02510649018960390069 0.53705014914285664762 0.02262613259127928267 
0.00000000099999999991 0.00000000099999999991 0.00000000099999999991 0.00000000099999999991 0.00000000099999999991 0.99999999399999994765 0.00000000099999999991 
0.00000000099999999991 0.00000000099999999991 0.00000000099999999991 0.00000000099999999991 0.00000000099999999991 0.00000000099999999991 0.99999999399999994765 
0.00000000099999999985 0.00000000099999999985 0.00000000099999999985 0.99999999399999994765 0.00000000099999999985 0.00000000099999999985 0.00000000099999999985 
0.00000000099999999989 0.00000000099999999989 0.00000000099999999989 0.34113386142941792833 0.01756700591532117314 0.64129912865526095267 0.00000000099999999989 
0.00000000099999999991 0.00000000099999999991 0.00000000099999999991 0.37405050291004998675 0.02365096330409672751 0.60229852978585307621 0.00000000099999999991 
0.00000000099999999999 0.00000000099999999999 0.00000000099999999999 0.85209774467577015233 0.03747879994296943185 0.03694729564231986896 0.07347615673894046517 
0.00000000100000000000 0.03534402460660329010 0.16974912700451477710 0.07475815408720386246 0.00964340235937338232 0.55155561057623359034 0.15894968036607115547 
0.00000000099999999999 0.05554055505942042531 0.08560014196765836081 0.07054426299420625546 0.00358430868127976266 0.00000000099999999999 0.78473072929743514781 
0.00000000099999999991 0.00000000099999999991 0.00000000099999999991 0.00000000099999999991 0.00000000099999999991 0.99999999400000005867 0.00000000099999999991 
0.00000000099999999997 0.00000000099999999997 0.00000000099999999997 0.99051074428466401312 0.00948925071533608840 0.00000000099999999997 0.00000000099999999997 
0.00000000099999999990 0.00000000099999999990 0.00000000099999999990 0.00000000099999999990 0.00000000099999999990 0.00000000099999999990 0.99999999399999994765 
0.00000000099999999996 0.00000000099999999996 0.00000000099999999996 0.03512618975608395450 0.00000000099999999996 0.03442076026101707764 0.93045304598289890752 
0.00000000099999999989 0.00000000099999999989 0.00000000099999999989 0.00000000099999999989 0.00000000099999999989 0.99999999399999994765 0.00000000099999999989 
0.00000000099999999995 0.00000000099999999995 0.00000000099999999995 0.01111656356401384028 0.00000000099999999995 0.00292817435850323878 0.98595525807748296554 
0.00000000099999999993 0.00000000099999999993 0.00000000099999999993 0.36811216482828490459 0.00991325386206591899 0.62197457730964922362 0.00000000099999999993 
0.00000000099999999998 0.04312673195069898630 0.00000000099999999998 0.00000000099999999998 0.00000000099999999998 0.95687326304930098164 0.00000000099999999998 
0.00000000099999999991 0.00000000099999999991 0.00000000099999999991 0.93280663879678260564 0.00000000099999999991 0.00000000099999999991 0.06719335620321750802 
0.00000000099999999996 0.00000000099999999996 0.00000000099999999996 0.00000000099999999996 0.00000000099999999996 0.98658517107093812726 0.01341482392906175915 
0.00000000099999999994 0.00000000099999999994 0.00000000099999999994 0.04861329901803329578 0.00000000099999999994 0.01856093782416239069 0.93282575915780430176 
0.81526069119381550099 0.18473930380618444613 0.00000000099999999990 0.00000000099999999990 0.00000000099999999990 0.00000000099999999990 0.00000000099999999990 
0.99999999400000005867 0.00000000099999999982 0.00000000099999999982 0.00000000099999999982 0.00000000099999999982 0.00000000099999999982 0.00000000099999999982 
0.04150414873473631805 0.00000000099999999996 0.92909947148859106658 0.00000000099999999996 0.02939637577667268686 0.00000000099999999996 0.00000000099999999996 
0.00000000099999999994 0.13610593755718200515 0.86389405744281810851 0.00000000099999999994 0.00000000099999999994 0.00000000099999999994 0.00000000099999999994 
0.03551407455990829298 0.00000000099999999999 0.00133996559287872120 0.90745496587743479378 0.04792301525152041497 0.00769880102469255433 0.00006917669356525913 
0.10650318710503701991 0.00000000099999999996 0.81398688985403966356 0.00000000099999999996 0.00000000099999999996 0.07950991904092326312 0.00000000099999999996 
0.00000000099999999997 0.08269383504539305763 0.91730615995460695888 0.00000000099999999997 0.00000000099999999997 0.00000000099999999997 0.00000000099999999997 
0.00000000099999999996 0.15969003188123778725 0.00000000099999999996 0.84030996311876215987 0.00000000099999999996 0.00000000099999999996 0.00000000099999999996 
0.00000000099999999999 0.20608884554027187552 0.65360475641203963360 0.00000000099999999999 0.02049432926040731587 0.02394743956529647722 0.09586462722198478559 
0.00000000099999999953 0.99999999400000005867 0.00000000099999999953 0.00000000099999999953 0.00000000099999999953 0.00000000099999999953 0.00000000099999999953 
0.00000000099999999996 0.19952102406823532532 0.00000000099999999996 0.80047897093176467731 0.00000000099999999996 0.00000000099999999996 0.00000000099999999996 
0.00000000099999999990 0.00000000099999999990 0.00000000099999999990 0.08534475509126393522 0.00000000099999999990 0.02105668515817807687 0.89359855575055802124 
0.00000000099999999986 0.00000000099999999986 0.00000000099999999986 0.99999999400000005867 0.00000000099999999986 0.00000000099999999986 0.00000000099999999986 
0.00000000099999999988 0.00000000099999999988 0.00000000099999999988 0.00000000099999999988 0.00000000099999999988 0.99999999400000005867 0.00000000099999999988 
0.00000000099999999996 0.00000000099999999996 0.00000000099999999996 0.00000000099999999996 0.00000000099999999996 0.00000051196743977360 0.99999948303256025461 
0.00000000099999999996 0.08721333897686571468 0.91278665602313435734 0.00000000099999999996 0.00000000099999999996 0.00000000099999999996 0.00000000099999999996 
0.00620076380493202271 0.09371320151478583493 0.72187707059193639836 0.16941173938449910485 0.00000000100000000000 0.00879722270384654913 0.00000000100000000000 
0.00000000101944250165 0.07878355123101142554 0.92121644374954614332 0.00000000099999999997 0.00000000099999999997 0.00000000099999999997 0.00000000099999999997 
0.11106053790321597508 0.00000000099999999996 0.88893945709678412470 0.00000000099999999996 0.00000000099999999996 0.00000000099999999996 0.00000000099999999996 
0.00000000099999999998 0.16819801492269037535 0.83180198007730965504 0.00000000099999999998 0.00000000099999999998 0.00000000099999999998 0.00000000099999999998 
0.11916609302794305136 0.00000000099999999992 0.88083390197205713168 0.00000000099999999992 0.00000000099999999992 0.00000000099999999992 0.00000000099999999992 
0.00000000099999999994 0.00000000099999999994 0.00000000099999999994 0.02544996462705217607 0.00000000099999999994 0.00751078035158524171 0.96703925102136267800 
0.00000000099999999994 0.00000000099999999994 0.00000000099999999994 0.00000000099999999994 0.00000000099999999994 0.99999999400000005867 0.00000000099999999994 
0.00000000099999999994 0.00000000099999999994 0.00000000099999999994 0.01425788558680123400 0.00000000099999999994 0.00000000285276477552 0.98574210756043390003 
0.00000000099999999996 0.00000000099999999996 0.00000000099999999996 0.00000000099999999996 0.00000000099999999996 0.00000000099999999996 0.99999999400000005867 
0.00000000099999999986 0.00000000099999999986 0.00000000099999999986 0.00000000099999999986 0.00000000099999999986 0.99999999400000005867 0.00000000099999999986 
0.00000000099999999979 0.00000000099999999979 0.00000000099999999979 0.99999999399999994765 0.00000000099999999979 0.00000000099999999979 0.00000000099999999979 
0.00000000099999999986 0.00000000099999999986 0.00000000099999999986 0.99999999399999994765 0.00000000099999999986 0.00000000099999999986 0.00000000099999999986 
0.00000000099999999988 0.00000000099999999988 0.00000000099999999988 0.00000000099999999988 0.00000000099999999988 0.00000000099999999988 0.99999999400000005867 
0.00000000099999999991 0.00000000099999999991 0.00000000099999999991 0.00000000099999999991 0.00000000099999999991 0.00000000099999999991 0.99999999400000005867 
0.00000000099999999989 0.00000000099999999989 0.00000000099999999989 0.00000000099999999989 0.00000000099999999989 0.00000000099999999989 0.99999999399999994765 
0.00000000099999999988 0.00000000099999999988 0.00000000099999999988 0.99999999400000005867 0.00000000099999999988 0.00000000099999999988 0.00000000099999999988 
0.00000000099999999996 0.00000000099999999996 0.00000000099999999996 0.96142185150038228514 0.00000000099999999996 0.00000000099999999996 0.03857814349961759953 
0.00000000099999999990 0.00000000099999999990 0.00000000099999999990 0.00000000099999999990 0.00000000099999999990 0.00000000099999999990 0.99999999400000005867 
0.00000000099999999989 0.00000000099999999989 0.00000000099999999989 0.00000000099999999989 0.00000000099999999989 0.99999999399999994765 0.00000000099999999989 
0.00000000099999999998 0.00000000099999999998 0.00000000099999999998 0.03087529020384525286 0.03353480042406894318 0.05724797161523979827 0.87834193475684607666 
0.00000000099999999982 0.00000000099999999982 0.00000000099999999982 0.99999999399999994765 0.00000000099999999982 0.00000000099999999982 0.00000000099999999982 
0.00000000099999999988 0.00000000099999999988 0.00000000099999999988 0.00000000099999999988 0.00000000099999999988 0.00000000099999999988 0.99999999399999994765 
0.11786426463067301018 0.02462042981908807091 0.81261440828138487014 0.00000000099999999999 0.01429049542475998961 0.03061039984409416256 0.00000000099999999999 
0.00000000099999999994 0.00000000099999999994 0.00000000099999999994 0.83336452619412171305 0.00000000099999999994 0.15883863919485080585 0.00779683061102728805 
0.00000000099999999998 0.07127635421341636801 0.84014351391956998416 0.00000000099999999998 0.01428564176453450858 0.00000000099999999998 0.07429448710247925358 
0.00000000099999999981 0.00000000099999999981 0.00000000099999999981 0.99999999399999994765 0.00000000099999999981 0.00000000099999999981 0.00000000099999999981 
0.00000000099999999993 0.00000000099999999993 0.00000000099999999993 0.00000000099999999993 0.00000000099999999993 0.00000001303408217593 0.99999998196591788346 
0.00000000099999999989 0.00000000099999999989 0.00000000099999999989 0.00000000099999999989 0.00000000099999999989 0.00000000099999999989 0.99999999399999994765 
0.00000000099999999985 0.00000000099999999985 0.00000000099999999985 0.99999999399999994765 0.00000000099999999985 0.00000000099999999985 0.00000000099999999985 
0.00000000099999999989 0.00000000099999999989 0.00000000099999999989 0.00000000099999999989 0.00000000099999999989 0.00000000099999999989 0.99999999400000005867 
0.00000000100000000000 0.08638841186407454631 0.14218326593660107759 0.01280206897764642714 0.07224579616236825874 0.04443829746962758148 0.64194215858968206589 
0.00000000099999999989 0.00000000099999999989 0.00000000099999999989 0.99999999399999994765 0.00000000099999999989 0.00000000099999999989 0.00000000099999999989 
0.00000000099999999999 0.00000000099999999999 0.00000000099999999999 0.00005136299868586450 0.00000000099999999999 0.00000000099999999999 0.99994863200131411940 
0.70818524993123166400 0.17445256547534429559 0.11465282558575373706 0.00000000099999999996 0.00270935600767044892 0.00000000099999999996 0.00000000099999999996 
0.00000000099999999962 0.00000000099999999962 0.00000000099999999962 0.00000000099999999962 0.99999999400000005867 0.00000000099999999962 0.00000000099999999962 
0.00000000099999999993 0.07390069837213590620 0.92609929662786405480 0.00000000099999999993 0.00000000099999999993 0.00000000099999999993 0.00000000099999999993 
0.06352305110831288348 0.00000000099999999995 0.93647694389168711915 0.00000000099999999995 0.00000000099999999995 0.00000000099999999995 0.00000000099999999995 
0.00000012518756535905 0.05525937062231493779 0.94474050019011968082 0.00000000099999999997 0.00000000099999999997 0.00000000099999999997 0.00000000099999999997 
0.00000000099999999996 0.07661961181174124780 0.92338038318825887973 0.00000000099999999996 0.00000000099999999996 0.00000000099999999996 0.00000000099999999996 
0.08707852462982763886 0.00000000099999999997 0.90185753471850660379 0.01106393665166568487 0.00000000099999999997 0.00000000099999999997 0.00000000099999999997 
0.13576445129765141173 0.08855979921242600195 0.67036617672410336866 0.02027199150183912890 0.00576095281859152243 0.00000000100000000000 0.07927662744538865880 
0.00000543850235106612 0.00000000099999999993 0.99999455649764912302 0.00000000099999999993 0.00000000099999999993 0.00000000099999999993 0.00000000099999999993 
0.00000000099999999980 0.00000000099999999980 0.00000000099999999980 0.99999999399999994765 0.00000000099999999980 0.00000000099999999980 0.00000000099999999980 
0.00000000099999999997 0.11895305851271600894 0.86498489799494437946 0.00000000099999999997 0.01606203949233963105 0.00000000099999999997 0.00000000099999999997 
0.00000000099999999964 0.00000000099999999964 0.00000000099999999964 0.00000000099999999964 0.99999999400000005867 0.00000000099999999964 0.00000000099999999964 
0.00008827676913887080 0.09990748209237287902 0.90000423713848842766 0.00000000099999999997 0.00000000099999999997 0.00000000099999999997 0.00000000099999999997 
0.99999999400000005867 0.00000000099999999989 0.00000000099999999989 0.00000000099999999989 0.00000000099999999989 0.00000000099999999989 0.00000000099999999989 
0.00000000099999999989 0.00000000099999999989 0.00000000099999999989 0.00000000099999999989 0.00000000099999999989 0.00000000099999999989 0.99999999399999994765 
0.70024973478454755060 0.29975026021545236876 0.00000000099999999985 0.00000000099999999985 0.00000000099999999985 0.00000000099999999985 0.00000000099999999985 
0.74936145417500166221 0.25063854082499842368 0.00000000099999999988 0.00000000099999999988 0.00000000099999999988 0.00000000099999999988 0.00000000099999999988 
0.00000000099999999999 0.20275323100400302612 0.77779626619637920459 0.00000000099999999999 0.00003714303852311681 0.01941335676109469388 0.00000000099999999999 
0.09792421474800579173 0.03087428948319254768 0.84565291826013877508 0.00000000099999999998 0.00000000099999999998 0.02554857450866289403 0.00000000099999999998 
0.99999999400000016969 0.00000000099999999989 0.00000000099999999989 0.00000000099999999989 0.00000000099999999989 0.00000000099999999989 0.00000000099999999989 
0.61461735786816218408 0.38538263713183784631 0.00000000099999999985 0.00000000099999999985 0.00000000099999999985 0.00000000099999999985 0.00000000099999999985 
0.06611967818979791467 0.07087352556359784173 0.86300679224660425959 0.00000000099999999997 0.00000000099999999997 0.00000000099999999997 0.00000000099999999997 
0.00000000099999999989 0.00000000099999999989 0.00000000099999999989 0.00000000099999999989 0.00000000099999999989 0.00000000099999999989 0.99999999400000005867 
0.00000000099999999999 0.17973819267705179459 0.80026153016431400555 0.01082343952568665633 0.00917683463294748439 0.00000000099999999999 0.00000000099999999999 
0.99999999400000005867 0.00000000099999999987 0.00000000099999999987 0.00000000099999999987 0.00000000099999999987 0.00000000099999999987 0.00000000099999999987 
0.07489823162608512386 0.00000000099999999999 0.89528316586022105295 0.00000000099999999999 0.00001116295525975465 0.02980743655843410070 0.00000000099999999999 
0.00000000099999999996 0.14075165689821897419 0.85924833810178113946 0.00000000099999999996 0.00000000099999999996 0.00000000099999999996 0.00000000099999999996 
0.77802788988268922754 0.22197210511731085836 0.00000000099999999990 0.00000000099999999990 0.00000000099999999990 0.00000000099999999990 0.00000000099999999990 
0.00000000099999999990 0.00000000099999999990 0.00000000099999999990 0.00000000099999999990 0.00000000099999999990 0.00000000099999999990 0.99999999400000005867 
0.77382872196734953096 0.22617127303265044391 0.00000000099999999994 0.00000000099999999994 0.00000000099999999994 0.00000000099999999994 0.00000000099999999994 
0.00000001466025602710 0.08351948282136641144 0.91646011410652361562 0.00002038541185401581 0.00000000099999999998 0.00000000099999999998 0.00000000099999999998 
0.05494579352452543669 0.00000000099999999999 0.90557200902127066300 0.00000837951226765458 0.00000000099999999999 0.03947381494193621249 0.00000000099999999999 
0.00000000099999999995 0.13378728043181112306 0.86621271456818904610 0.00000000099999999995 0.00000000099999999995 0.00000000099999999995 0.00000000099999999995 
0.00000000099999999988 0.00000000099999999988 0.00000000099999999988 0.00000000099999999988 0.00000000099999999988 0.00000000099999999988 0.99999999399999994765 
0.08705254240809361110 0.00000000099999999998 0.77191924521735877374 0.00000000099999999998 0.00000000099999999998 0.14102820837454754788 0.00000000099999999998 
0.05985638515137938626 0.08239706724365605806 0.84885601972099911094 0.00000000099999999998 0.00889052042029372588 0.00000000546367167110 0.00000000099999999998 
0.00000000099999999994 0.03417169649752006821 0.96582829850247997605 0.00000000099999999994 0.00000000099999999994 0.00000000099999999994 0.00000000099999999994 
0.00000000099999999999 0.10164458570043073682 0.87856557902927678860 0.00000000099999999999 0.01978983127029256342 0.00000000099999999999 0.00000000099999999999 
0.00000000099999999989 0.99999999400000005867 0.00000000099999999989 0.00000000099999999989 0.00000000099999999989 0.00000000099999999989 0.00000000099999999989 
0.00000000099999999997 0.15091261457348648101 0.00000000099999999997 0.00000000099999999997 0.00000000099999999997 0.00000000099999999997 0.84908738042651354938 
0.00000000099999999998 0.12320755397295903022 0.81246865650291733019 0.00000000099999999998 0.00000000099999999998 0.06432378552412366945 0.00000000099999999998 
0.99999999400000005867 0.00000000099999999980 0.00000000099999999980 0.00000000099999999980 0.00000000099999999980 0.00000000099999999980 0.00000000099999999980 
0.79486720940844146632 0.20513278559155861958 0.00000000099999999997 0.00000000099999999997 0.00000000099999999997 0.00000000099999999997 0.00000000099999999997 
0.56248441251640590721 0.08006424092030139938 0.30382419048259590166 0.05362715308069684189 0.00000000099999999999 0.00000000099999999999 0.00000000099999999999 
0.36387564395711263776 0.00000000099999999999 0.17135575537769837107 0.00000000099999999999 0.00000000099999999999 0.06416628869953593106 0.40060230896565307557 
0.01098839868064206346 0.00000000099999999991 0.98901159631935797734 0.00000000099999999991 0.00000000099999999991 0.00000000099999999991 0.00000000099999999991 
0.01242754706656772241 0.11791856277610850146 0.37626798503817021624 0.05762042794927545869 0.02572575203260487470 0.00000000100000000000 0.41003972413727324264 
0.00032892991749965009 0.08045185012839209393 0.71600312867945192785 0.00000000099999999998 0.00000000099999999998 0.20321608827465639791 0.00000000099999999998 
0.00000000099999999998 0.00000000099999999998 0.99999999400000005867 0.00000000099999999998 0.00000000099999999998 0.00000000099999999998 0.00000000099999999998 
0.00000000099999999999 0.02597049377695020977 0.61489387742455625663 0.00000000099999999999 0.00000000099999999999 0.00106268755608689733 0.35807293824240682412 
0.00000000099999999984 0.99999999400000005867 0.00000000099999999984 0.00000000099999999984 0.00000000099999999984 0.00000000099999999984 0.00000000099999999984 
0.02015647168887469906 0.00000000099999999998 0.17184501885196323823 0.80799850545916218625 0.00000000099999999998 0.00000000099999999998 0.00000000099999999998 
0.00000000099999999987 0.00000000099999999987 0.00000000099999999987 0.00000000099999999987 0.00000000099999999987 0.99999999399999994765 0.00000000099999999987 
0.00000000099999999995 0.20086188703238744280 0.79913810796761264310 0.00000000099999999995 0.00000000099999999995 0.00000000099999999995 0.00000000099999999995 
0.99999999400000005867 0.00000000099999999989 0.00000000099999999989 0.00000000099999999989 0.00000000099999999989 0.00000000099999999989 0.00000000099999999989 
0.70799017696100896568 0.29200981803899106470 0.00000000099999999991 0.00000000099999999991 0.00000000099999999991 0.00000000099999999991 0.00000000099999999991 
0.99999999400000016969 0.00000000099999999988 0.00000000099999999988 0.00000000099999999988 0.00000000099999999988 0.00000000099999999988 0.00000000099999999988 
0.00000000099999999986 0.00000000099999999986 0.00000000099999999986 0.00000000099999999986 0.99999999400000005867 0.00000000099999999986 0.00000000099999999986 
0.07368110461536060696 0.00000000099999999999 0.92486828289993938679 0.00000000099999999999 0.00000000099999999999 0.00145060848470001291 0.00000000099999999999 
0.00011404069698998214 0.07346865235469925148 0.92641730294831092785 0.00000000099999999994 0.00000000099999999994 0.00000000099999999994 0.00000000099999999994 
0.60400717184639274304 0.39599282315360717632 0.00000000099999999993 0.00000000099999999993 0.00000000099999999993 0.00000000099999999993 0.00000000099999999993 
0.08213893414910877766 0.06317982555034031000 0.84004799793732809476 0.00000000099999999998 0.00000000099999999998 0.01463323936322274109 0.00000000099999999998 
0.84028648356424096022 0.15971351143575920895 0.00000000099999999990 0.00000000099999999990 0.00000000099999999990 0.00000000099999999990 0.00000000099999999990 
0.00000000099999999962 0.00000000099999999962 0.00000000099999999962 0.00000000099999999962 0.99999999399999994765 0.00000000099999999962 0.00000000099999999962 
0.99999999400000016969 0.00000000099999999989 0.00000000099999999989 0.00000000099999999989 0.00000000099999999989 0.00000000099999999989 0.00000000099999999989 
0.99999999400000016969 0.00000000099999999993 0.00000000099999999993 0.00000000099999999993 0.00000000099999999993 0.00000000099999999993 0.00000000099999999993 
0.00000000099999999962 0.00000000099999999962 0.00000000099999999962 0.00000000099999999962 0.99999999399999994765 0.00000000099999999962 0.00000000099999999962 
0.00000000099999999979 0.00000000099999999979 0.00000000099999999979 0.00000000099999999979 0.99999999400000005867 0.00000000099999999979 0.00000000099999999979 
0.00616947529879119470 0.00000000099999999998 0.98686019284073500657 0.00000000099999999998 0.00677133283761960705 0.00019899602285430406 0.00000000099999999998 
0.99999999400000016969 0.00000000099999999981 0.00000000099999999981 0.00000000099999999981 0.00000000099999999981 0.00000000099999999981 0.00000000099999999981 
0.09335953758523728163 0.00000000099999999997 0.87338528509802215716 0.00000000099999999997 0.02368962888261503391 0.00956554543412561735 0.00000000099999999997 
0.99999999400000005867 0.00000000099999999987 0.00000000099999999987 0.00000000099999999987 0.00000000099999999987 0.00000000099999999987 0.00000000099999999987 
