0.33087823839679780802 0.66912048360688791693 0.00000127799631434760 
0.00232792372510006243 0.93850877047973357836 0.05916330579516636268 
0.01040078631929835379 0.93736088657608951369 0.05223832710461218803 
0.01177401959084473787 0.95747054719170920922 0.03075543321744601474 
0.01032548997225460861 0.97889664749399618593 0.01077786253374922454 
0.00644617169708850812 0.96724874719829989633 0.02630508110461169530 
0.00000000099999999995 0.00000000099999999995 0.99999999799999994554 
0.00000000099999999996 0.99999999799999994554 0.00000000099999999996 
0.00311409898306820414 0.99157628339699710462 0.00530961761993464353 
0.00000000099999999996 0.00000000099999999996 0.99999999800000005656 
0.00000000292478174370 0.00000000099999999997 0.99999999607521816714 
0.00000000099999999998 0.00000000099999999998 0.99999999799999994554 
0.15793532145495373098 0.13630808644052647138 0.70575659210451990866 
0.19312634402805917144 0.13433543509140694061 0.67253822088053394346 
0.50751066834764024804 0.21708584426893159924 0.27540348738342818047 
0.00000000099999999996 0.00000000099999999996 0.99999999800000005656 
0.26473965298562218695 0.12582653345238517528 0.60943381356199255450 
0.27797594531070324297 0.61112891541703417975 0.11089513927226256340 
0.99999999800000005656 0.00000000099999999991 0.00000000099999999991 
0.61683011564488066103 0.04344943411525075544 0.33972045023986863210 
0.18222167632362090695 0.10763919683175468545 0.71013912684462454639 
0.00000000512108303649 0.00000000099999999997 0.99999999387891702618 
0.99999999800000005656 0.00000000099999999994 0.00000000099999999994 
0.00276590535429198543 0.93606089690450067220 0.06117319774120723308 
0.00000000262983149903 0.00000000099999999997 0.99999999637016845355 
0.00000000099999999997 0.00000000099999999997 0.99999999799999994554 
0.16095975413365939954 0.14227038050778773037 0.69676986535855278682 
0.02414269103456868210 0.93825222423125087534 0.03760508473418043562 
0.01485575076998729878 0.98513123690939541355 0.00001301232061726322 
0.00000000100000000000 0.00000047350628978144 0.99999952549371029509 
0.03300901730971801673 0.07615551057331654272 0.89083547211696545443 
0.03017698874500618009 0.00000000099999999999 0.96982301025499384473 
0.00005388300448207431 0.91043856512791776492 0.08950755186760016302 
0.70293381561786227874 0.29706618338213774955 0.00000000100000000000 
0.04253905233324355162 0.94918472776980244987 0.00827621989695402974 
0.00001835034739971355 0.00000000099999999998 0.99998164865260030787 
0.99999999799999994554 0.00000000099999999994 0.00000000099999999994 
0.70715437201697717295 0.27380887728281855242 0.01903675070020436483 
0.00000131378249884649 0.00000000099999999999 0.99999868521750112649 
0.00759453428606723328 0.00000000099999999997 0.99240546471393276118 
0.00007789118991282398 0.00000000099999999998 0.99992210781008716847 
0.00000000099999999996 0.99999999800000005656 0.00000000099999999996 
0.00000497300680870252 0.91855771171198907776 0.08143731528120222440 
0.15706540120316864195 0.13699280925374843210 0.70594178954308306473 
0.06956683301051340418 0.59147037098470245375 0.33896279600478412819 
0.00000000099999999995 0.99999999800000005656 0.00000000099999999995 
0.00000001090557670162 0.00000000099999999999 0.99999998809442336434 
0.00000000099999999995 0.99999999800000005656 0.00000000099999999995 
0.00000000099999999997 0.99999999800000005656 0.00000000099999999997 
0.00000000099999999996 0.99999999799999994554 0.00000000099999999996 
0.02336145803573857344 0.95890256354152325624 0.01773597842273826747 
0.00000000099999999993 0.99999999800000005656 0.00000000099999999993 
0.00000000099999999994 0.99999999800000005656 0.00000000099999999994 
0.11090594971258789514 0.00088392456495110826 0.88821012572246105243 
0.02888901238666433460 0.93550329638256912723 0.03560769123076661102 
0.00000000257244987330 0.99999999619207391444 0.00000000123547626476 
0.00000000099999999995 0.99999999800000005656 0.00000000099999999995 
0.02738862895594689970 0.96795540566062032717 0.00465596538343280436 
0.00000000099999999996 0.99999999799999994554 0.00000000099999999996 
0.01422887912832597294 0.97078189180121665647 0.01498922907045744518 
0.00000000181886653776 0.97482216374958152727 0.02517783443155195006 
0.00000000099999999997 0.99999999799999994554 0.00000000099999999997 
0.00000000099999999995 0.99999999800000005656 0.00000000099999999995 
0.93199866284993992949 0.00000017449501351815 0.06800116265504650703 
0.01449521636568763816 0.98550472418636658745 0.00000005944794588899 
0.01048395942724100055 0.98951603957275890977 0.00000000099999999999 
0.99999999736681355333 0.00000000099999999996 0.00000000163318657908 
0.00940498072787010128 0.00000000099999999998 0.99059501827213003455 
0.00698101979382036771 0.96499825097378155725 0.02802072923239798397 
0.99999896034090163255 0.00000000099999999998 0.00000103865909841357 
0.99868800562205273241 0.00000000099999999997 0.00131199337794724686 
0.96210512889286703420 0.00000000099999999998 0.03789487010713290388 
0.16671983037423504515 0.13015404909451808169 0.70312612053124690092 
0.58748556326870005062 0.04441915592561694603 0.36809528080568298947 
0.44337969050202924448 0.22982516861613930259 0.32679514088183148068 
0.20477596378041759695 0.13745865783014638017 0.65776537838943605063 
0.00000000253812497397 0.00000000099999999998 0.99999999646187509583 
0.99999999800000005656 0.00000000099999999995 0.00000000099999999995 
0.57825738729711106956 0.01577386065497868653 0.40596875204791027514 
0.60065910307990155736 0.03926872277509566717 0.36007217414500286568 
0.89820755889891579216 0.00000000119716335638 0.10179243990392089492 
0.20389859990269368351 0.28237137041622206723 0.51373002968108438804 
0.07769026778749880957 0.12066454217122959958 0.80164519004127166024 
0.12346460361029272523 0.15614242057699659338 0.72039297581271066750 
0.99620868402563378385 0.00000000099999999998 0.00379131497436623836 
0.00000000147442160568 0.00000000099999999997 0.99999999752557844346 
0.03262343488428273014 0.00000000099999999999 0.96737656411571737447 
0.14762787062043841724 0.10493716941700093059 0.74743495996256070768 
0.00661179777074894295 0.00000000099999999998 0.99338820122925108880 
0.57719183877936475202 0.03837206061618869679 0.38443610060444660670 
0.15538463175228955926 0.19375671326388646531 0.65085865498382400318 
0.92751503494649500947 0.00000000099999999997 0.07248496405350510208 
0.14113409606443427791 0.15827282515509585870 0.70059307878046972462 
0.04428673675164629397 0.00000000099999999998 0.95571326224835384533 
0.00000000099999999995 0.99999999800000005656 0.00000000099999999995 
0.00000000099999999993 0.99999999800000005656 0.00000000099999999993 
0.02094126952123991428 0.97074256964937477576 0.00831616082938538975 
0.00011267161347573489 0.99842756327561221763 0.00145976511091205430 
0.94581982024251742835 0.03893672584884044774 0.01524345390864215687 
0.02810796636923927616 0.92173050790487975892 0.05016152572588092329 
0.01477438159425205517 0.97223659398092221462 0.01298902442482572500 
0.86158033841827519339 0.11120614973181029705 0.02721351184991454078 
0.01601390027030086954 0.83208967927113763885 0.15189642045856152630 
0.00000000099999999995 0.99999999800000005656 0.00000000099999999995 
0.82117478967953538849 0.16427350527267414737 0.01455170504779045373 
0.07259260926099497802 0.00000000099999999997 0.92740738973900493924 
0.99999999799999994554 0.00000000099999999995 0.00000000099999999995 
0.19353929576930881118 0.12274756245086038131 0.68371314177983077975 
0.00000000099999999998 0.00000000099999999998 0.99999999800000005656 
0.03800670249777222259 0.96199329650222786814 0.00000000100000000000 
0.19146036154470921775 0.77385311700737502427 0.03468652144791567471 
0.02008896686308020429 0.95333649987114288393 0.02657453326577674177 
0.00602299834985205434 0.96437087541474364460 0.02960612623540430713 
0.00000134940765124593 0.94897184777480247941 0.05102680281754629760 
0.00000039329523399670 0.99920125472694487634 0.00079835197782100558 
0.01507300099352780649 0.00000000099999999998 0.98492699800647220965 
0.18338434606329714893 0.13402029356450534392 0.68259536037219759042 
0.00995097890108364441 0.00000000099999999998 0.99004902009891626591 
0.00001262683950754475 0.00000000099999999999 0.99998737216049249366 
0.16118845551964885998 0.09927581096559673357 0.73953573351475443420 
0.99999999799999994554 0.00000000099999999993 0.00000000099999999993 
0.99999999799999994554 0.00000000099999999995 0.00000000099999999995 
0.00000000099999999996 0.00000000099999999996 0.99999999799999994554 
0.00000000099999999996 0.00000000099999999996 0.99999999800000005656 
0.00001052711852900084 0.00000000099999999997 0.99998947188147091492 
0.99999570992894648569 0.00000000099999999996 0.00000428907105350503 
0.96439885134743819073 0.00000000099999999999 0.03560114765256192082 
0.00000000099999999996 0.00000000099999999996 0.99999999800000005656 
0.15518806530192369442 0.11107357994318060868 0.73373835475489557201 
0.06410064856675543044 0.00000228424196951697 0.93589706719127496726 
0.99999999799999994554 0.00000000099999999993 0.00000000099999999993 
0.00001486796765466584 0.00000000099999999997 0.99998513103234520916 
0.02092310583337681981 0.93419235415219359364 0.04488454001442959002 
0.88123379919740107979 0.00000000099999999998 0.11876619980259894849 
0.00099292686332887593 0.88799694603791035075 0.11101012709876083295 
0.99999999799999994554 0.00000000099999999995 0.00000000099999999995 
0.00000857604882563065 0.00000000099999999998 0.99999142295117438017 
0.00000000099999999997 0.00000000099999999997 0.99999999800000005656 
0.99999999800000005656 0.00000000099999999995 0.00000000099999999995 
0.00000000099999999996 0.00000000099999999996 0.99999999800000005656 
0.06890412011687398197 0.24629276982001779839 0.68480311006310823352 
0.99999999799999994554 0.00000000099999999996 0.00000000099999999996 
0.00080241962485781281 0.00000000099999999999 0.99919757937514230850 
0.00000000099999999998 0.99999999799999994554 0.00000000099999999998 
0.72144618166332286080 0.27855381733667694544 0.00000000099999999999 
0.01711539999497080355 0.98288459900502922473 0.00000000100000000000 
0.02330647436425327748 0.97669352463574654610 0.00000000100000000000 
0.03937387436150890929 0.96037517798256932799 0.00025094765592169739 
0.01512681323040705392 0.96257191777242268049 0.02230126899717024130 
0.03145580126322216480 0.94871176078594432468 0.01983243795083353828 
0.03515387712986516033 0.86611106928359227197 0.09873505358654256769 
0.02465890005148507064 0.97533483291341782628 0.00000626703509715984 
0.99999999799999994554 0.00000000099999999994 0.00000000099999999994 
0.01744605678782844629 0.96017341216045404284 0.02238053105171751780 
0.73243610771704914519 0.26756389128295071655 0.00000000099999999999 
0.02275750906128413617 0.97724228447072836179 0.00000020646798751681 
0.00000000099999999994 0.99999999799999994554 0.00000000099999999994 
0.00000000099999999996 0.00000000099999999996 0.99999999799999994554 
0.00000000099999999994 0.99999999799999994554 0.00000000099999999994 
0.00000000099999999994 0.99999999800000005656 0.00000000099999999994 
0.02357325986298082834 0.92456962411845333705 0.05185711601856578951 
0.02919270963762538723 0.95483880068551640896 0.01596848967685820034 
0.00000000099999999997 0.99999999800000005656 0.00000000099999999997 
0.00000000099999999995 0.99999999799999994554 0.00000000099999999995 
0.02081088543237944594 0.96184277895167469286 0.01734633561594587856 
0.00000000712774651976 0.00000000099999999997 0.99999999187225341313 
0.04025868315374236256 0.94025694912932755720 0.01948436771693004554 
0.00000000099999999995 0.99999999799999994554 0.00000000099999999995 
0.02705936120700083367 0.93433574500804861263 0.03860489378495064738 
0.00184963428819440623 0.96714740852190217435 0.03100295718990344132 
0.00000000099999999999 0.99999999642630321706 0.00000000257369671137 
0.00000000099999999997 0.00000000099999999997 0.99999999800000005656 
0.00000000099999999997 0.99999999799999994554 0.00000000099999999997 
0.02146671098392688090 0.95734657019985847093 0.02118671881621459266 
0.02983933671380991498 0.91709633254105871192 0.05306433074513142167 
0.00001102638630697666 0.95868665214725723445 0.04130232146643574714 
0.00000000099999999996 0.00000000099999999996 0.99999999800000005656 
0.04907805251540284935 0.85948125346285331183 0.09144069402174381800 
0.00001585165926699378 0.95818707163979766062 0.04179707670093532612 
0.00079536245694715067 0.97054637612845096051 0.02865826141460197166 
0.04439929139647286194 0.95512826892338253959 0.00047243968014450707 
0.00000000099999999999 0.96846328334613940303 0.03153671565386052811 
0.00000001182307285772 0.12897610127698480587 0.87102388689994236781 
0.02083564995696463376 0.91152052285384377317 0.06764382718919163817 
0.00000000099999999993 0.99999999799999994554 0.00000000099999999993 
0.00005502893581811708 0.99994477861328867618 0.00000019245089317596 
0.05115200973503957610 0.94884798827057326154 0.00000000199438718887 
0.00000000109249799084 0.54003711132522469462 0.45996288758227726889 
0.00047368390107191177 0.99942684721864993858 0.00009946888027805212 
0.08733834864385879582 0.48249872679747263238 0.43016292455866861344 
0.03524353555840246260 0.83758872678429718839 0.12716773765730035595 
0.00545222225567214454 0.95763739348932086504 0.03691038425500692971 
0.00000000540743938020 0.60411230656240755277 0.39588768803015317310 
0.00011250266523248118 0.96802447477518860364 0.03186302255957897123 
0.82324525104893886418 0.17627439474714085010 0.00048035420392038362 
0.17062668263038935357 0.12529519466978294995 0.70407812269982772424 
0.00028188673151341995 0.96524082917478915000 0.03447728409369742869 
0.00000000099999999997 0.99999999799999994554 0.00000000099999999997 
0.00000000099999999998 0.99999999799999994554 0.00000000099999999998 
0.00000000099999999994 0.99999999799999994554 0.00000000099999999994 
0.67853977715027880002 0.32146022184972111724 0.00000000099999999999 
0.02113191475311858650 0.94556911917066255313 0.03329896607621875976 
0.01854037288561709643 0.98145962611438297696 0.00000000099999999999 
0.00000000099999999998 0.99999999799999994554 0.00000000099999999998 
0.00000000100000000000 0.95805713341908471659 0.04194286558091522843 
0.00000000099999999995 0.99999999800000005656 0.00000000099999999995 
0.73041896181291299239 0.26958103718708698038 0.00000000099999999999 
0.00000000099999999996 0.99999999799999994554 0.00000000099999999996 
0.00000000099999999997 0.99999999799999994554 0.00000000099999999997 
0.70680205026080267228 0.29319794873919730049 0.00000000099999999999 
0.67170520950953283013 0.32829478850992760419 0.00000000198053949262 
0.03157518551701397891 0.95258830802056726483 0.01583650646241878748 
0.00000000099999999993 0.99999999799999994554 0.00000000099999999993 
0.03529833935683223539 0.95644318374411263495 0.00825847689905509150 
0.00000000099999999995 0.99999999800000005656 0.00000000099999999995 
