0.14013787478026235034 0.00001452768991891187 0.00000000099999999998 0.41509088349760392411 0.11193989239904315880 0.00452035874505587239 0.00000009183791448742 0.00000000099999999998 0.00000000099999999998 0.00000000099999999998 0.32829636705020132093 
0.05255292397259225118 0.00000000099999999996 0.00000000099999999996 0.00000000099999999996 0.58667455712276284086 0.00000000099999999996 0.34401061790417403197 0.00000000099999999996 0.00000000099999999996 0.01676189400047096642 0.00000000099999999996 
0.00000000099999999992 0.00000000099999999992 0.00000000099999999992 0.11484977349825506443 0.88515021750174505133 0.00000000099999999992 0.00000000099999999992 0.00000000099999999992 0.00000000099999999992 0.00000000099999999992 0.00000000099999999992 
0.00000000099999999996 0.00000000099999999996 0.00000000099999999996 0.06691817794830577648 0.40592596674813591351 0.00000000099999999996 0.52139814255258887243 0.00575770575096939182 0.00000000099999999996 0.00000000099999999996 0.00000000099999999996 
0.11659189692711510733 0.00000000099999999994 0.00000000099999999994 0.00000000099999999994 0.31677249597174983453 0.00000000099999999994 0.56609798341327921545 0.00000000099999999994 0.00000000099999999994 0.00053761668785586654 0.00000000099999999994 
0.00000000099999999985 0.00000000099999999985 0.00000000099999999985 0.00000000099999999985 0.00000000099999999985 0.00000000099999999985 0.99999998999999994975 0.00000000099999999985 0.00000000099999999985 0.00000000099999999985 0.00000000099999999985 
0.00000000099999999975 0.00000000099999999975 0.00000000099999999975 0.00000000099999999975 0.00000000099999999975 0.00000000099999999975 0.00000000099999999975 0.00000000099999999975 0.99999998999999994975 0.00000000099999999975 0.00000000099999999975 
0.00000000099999999974 0.00000000099999999974 0.00000000099999999974 0.99999999000000006077 0.00000000099999999974 0.00000000099999999974 0.00000000099999999974 0.00000000099999999974 0.00000000099999999974 0.00000000099999999974 0.00000000099999999974 
0.00000000099999999982 0.00000000099999999982 0.00000000099999999982 0.00000000099999999982 0.00000000099999999982 0.00000000099999999982 0.99999999000000006077 0.00000000099999999982 0.00000000099999999982 0.00000000099999999982 0.00000000099999999982 
0.00000000099999999974 0.00000000099999999974 0.99999999000000006077 0.00000000099999999974 0.00000000099999999974 0.00000000099999999974 0.00000000099999999974 0.00000000099999999974 0.00000000099999999974 0.00000000099999999974 0.00000000099999999974 
0.00000000099999999988 0.00000000099999999988 0.39224826774349041969 0.00000000099999999988 0.00000000099999999988 0.00000000099999999988 0.00000000099999999988 0.00000000099999999988 0.60775172325650939076 0.00000000099999999988 0.00000000099999999988 
0.00000000099999999991 0.00000000099999999991 0.56425796101186020959 0.00000000099999999991 0.00000000099999999991 0.00000000099999999991 0.00000000099999999991 0.00000000099999999991 0.43574202998813998944 0.00000000099999999991 0.00000000099999999991 
0.00000000099999999974 0.00000000099999999974 0.00000000099999999974 0.00000000099999999974 0.00000000099999999974 0.00000000099999999974 0.00000000099999999974 0.99999999000000006077 0.00000000099999999974 0.00000000099999999974 0.00000000099999999974 
0.00000000099999999995 0.19515977635485434738 0.10033237732670154119 0.00000000099999999995 0.00000000099999999995 0.00000000099999999995 0.10512056665380285769 0.00000000099999999995 0.45687479366122757396 0.14251248000341354416 0.00000000099999999995 
0.00000000099999999985 0.56961640780851019450 0.00000000099999999985 0.00000000099999999985 0.00000000099999999985 0.00000000099999999985 0.00000000099999999985 0.00000000099999999985 0.00000000099999999985 0.43038358319149006004 0.00000000099999999985 
0.00000000099999999977 0.00000000099999999977 0.00000000099999999977 0.00000000099999999977 0.00000000099999999977 0.00000000099999999977 0.00000000099999999977 0.00000000099999999977 0.99999998999999994975 0.00000000099999999977 0.00000000099999999977 
0.07173324267517829089 0.27239794829681335253 0.32631439166686243558 0.00000000099999999993 0.00000000099999999993 0.00000000099999999993 0.00000000099999999993 0.00000000099999999993 0.12862673865377982629 0.20092767270736636154 0.00000000099999999993 
0.18083318264554615329 0.27776607505994460601 0.00000000099999999992 0.35267447403560403529 0.00000000099999999992 0.00000000099999999992 0.00000000099999999992 0.00000000099999999992 0.00000000099999999992 0.18872626125890526461 0.00000000099999999992 
0.00000000099999999879 0.99999999000000006077 0.00000000099999999879 0.00000000099999999879 0.00000000099999999879 0.00000000099999999879 0.00000000099999999879 0.00000000099999999879 0.00000000099999999879 0.00000000099999999879 0.00000000099999999879 
0.00000000099999999988 0.58452156848032132963 0.00000000099999999988 0.00000000099999999988 0.00000000099999999988 0.00000000099999999988 0.00000000099999999988 0.00000000099999999988 0.00000000099999999988 0.41547842251967875837 0.00000000099999999988 
0.00000000099999999876 0.00000000099999999876 0.00000000099999999876 0.00000000099999999876 0.00000000099999999876 0.00000000099999999876 0.00000000099999999876 0.00000000099999999876 0.00000000099999999876 0.99999998999999994975 0.00000000099999999876 
0.00000000099999999987 0.00000000099999999987 0.22977058545081407992 0.00000000099999999987 0.00000000099999999987 0.00000000099999999987 0.00000000099999999987 0.02110172809537339336 0.74912767845381267318 0.00000000099999999987 0.00000000099999999987 
0.00000000099999999970 0.00000000099999999970 0.00000000099999999970 0.00000000099999999970 0.00000000099999999970 0.00000000099999999970 0.00000000099999999970 0.00000000099999999970 0.00000000099999999970 0.00000000099999999970 0.99999998999999994975 
0.03879285121424781019 0.00000000099999999991 0.00000000099999999991 0.00000000099999999991 0.95087063478311661946 0.00000000099999999991 0.00000000099999999991 0.01033650600263551732 0.00000000099999999991 0.00000000099999999991 0.00000000099999999991 
0.00000000099999999987 0.00000000099999999987 0.55613966249565238709 0.00000000099999999987 0.00000000099999999987 0.00000000099999999987 0.00000000099999999987 0.01534126539461908370 0.42851906410972862016 0.00000000099999999987 0.00000000099999999987 
0.00000000099999999988 0.00000000099999999988 0.66518708460800368698 0.00000000099999999988 0.00000000099999999988 0.00000000099999999988 0.00000000099999999988 0.00000000099999999988 0.33481290639199645653 0.00000000099999999988 0.00000000099999999988 
0.00000000099999999984 0.00000000099999999984 0.00000000099999999984 0.00000000099999999984 0.00000000099999999984 0.00000000099999999984 0.00000000099999999984 0.99999998999999994975 0.00000000099999999984 0.00000000099999999984 0.00000000099999999984 
0.00000000099999999989 0.00000000099999999989 0.00000000099999999989 0.00000000099999999989 0.99999999000000006077 0.00000000099999999989 0.00000000099999999989 0.00000000099999999989 0.00000000099999999989 0.00000000099999999989 0.00000000099999999989 
0.00256579917875431572 0.00000000099999999992 0.00000000099999999992 0.04681786147384699864 0.29120211233371495751 0.00000000099999999992 0.65941422001368377170 0.00000000099999999992 0.00000000099999999992 0.00000000099999999992 0.00000000099999999992 
0.00000000099999999990 0.00000000099999999990 0.00000000099999999990 0.00000000099999999990 0.00000000099999999990 0.00000000099999999990 0.00000000099999999990 0.00000000099999999990 0.99999998999999994975 0.00000000099999999990 0.00000000099999999990 
0.07293695096723061544 0.03512445292517907963 0.00000000099999999997 0.00000000099999999997 0.00000000099999999997 0.00000000099999999997 0.00000000099999999997 0.00000000099999999997 0.89193858810759019118 0.00000000099999999997 0.00000000099999999997 
0.00000000099999999985 0.00000000099999999985 0.97211551441455468225 0.00000000099999999985 0.00000000099999999985 0.00000000099999999985 0.00000000099999999985 0.00000000099999999985 0.00000000099999999985 0.02788447658544547167 0.00000000099999999985 
0.00000000099999999994 0.00000000099999999994 0.00519979067114703913 0.01704906870148999512 0.62164788328799192030 0.00000000099999999994 0.29417194790000100735 0.06193130343937005428 0.00000000099999999994 0.00000000099999999994 0.00000000099999999994 
0.00000000099999999966 0.00000000099999999966 0.00000000099999999966 0.00000000099999999966 0.00000000099999999966 0.99999999000000006077 0.00000000099999999966 0.00000000099999999966 0.00000000099999999966 0.00000000099999999966 0.00000000099999999966 
0.00000000099999999997 0.00000000099999999997 0.00000000099999999997 0.09974197858418584750 0.00000000099999999997 0.02773139936521479623 0.84378193547791546791 0.00000000099999999997 0.00000000099999999997 0.02874467957268381918 0.00000000099999999997 
0.00000000099999999975 0.00000000099999999975 0.99999999000000017180 0.00000000099999999975 0.00000000099999999975 0.00000000099999999975 0.00000000099999999975 0.00000000099999999975 0.00000000099999999975 0.00000000099999999975 0.00000000099999999975 
0.00000000099999999975 0.00000000099999999975 0.00000000099999999975 0.00000000099999999975 0.00000000099999999975 0.00000000099999999975 0.00000000099999999975 0.00000000099999999975 0.00000000099999999975 0.00000000099999999975 0.99999999000000006077 
0.00000000099999999944 0.00000000099999999944 0.00000000099999999944 0.00000000099999999944 0.00000000099999999944 0.99999999000000017180 0.00000000099999999944 0.00000000099999999944 0.00000000099999999944 0.00000000099999999944 0.00000000099999999944 
0.00000000099999999991 0.00000000099999999991 0.59614486049744219720 0.00000000099999999991 0.00000000099999999991 0.00000000099999999991 0.00000000099999999991 0.00000000099999999991 0.40385513050255789080 0.00000000099999999991 0.00000000099999999991 
0.00000000099999999974 0.00000000099999999974 0.99999999000000017180 0.00000000099999999974 0.00000000099999999974 0.00000000099999999974 0.00000000099999999974 0.00000000099999999974 0.00000000099999999974 0.00000000099999999974 0.00000000099999999974 
0.00000000099999999985 0.00000000099999999985 0.00000000099999999985 0.00000000099999999985 0.00000000099999999985 0.00000000099999999985 0.00000000099999999985 0.00000000099999999985 0.99999998999999994975 0.00000000099999999985 0.00000000099999999985 
0.41368253569214397114 0.00000000099999999984 0.00000000099999999984 0.58631745530785606135 0.00000000099999999984 0.00000000099999999984 0.00000000099999999984 0.00000000099999999984 0.00000000099999999984 0.00000000099999999984 0.00000000099999999984 
0.25249623217580757784 0.00000000099999999999 0.08038170340246253431 0.58244355053722229876 0.00000000099999999999 0.00173712905427629788 0.07643521691533464169 0.00000000099999999999 0.00000084099657386550 0.00650532291832279282 0.00000000099999999999 
0.00000000099999999980 0.00000000099999999980 0.00000000099999999980 0.00000000099999999980 0.00000000099999999980 0.00000000099999999980 0.00000000099999999980 0.99999998999999994975 0.00000000099999999980 0.00000000099999999980 0.00000000099999999980 
0.00000000099999999995 0.00000000099999999995 0.00000000099999999995 0.00431070663147592546 0.17456724480721944048 0.00000000099999999995 0.33257642066535514358 0.44359530932754703825 0.00000000099999999995 0.04495031256840250483 0.00000000099999999995 
0.41185205903084493029 0.00000000099999999982 0.00000000099999999982 0.58814793196915526874 0.00000000099999999982 0.00000000099999999982 0.00000000099999999982 0.00000000099999999982 0.00000000099999999982 0.00000000099999999982 0.00000000099999999982 
0.00000000099999999984 0.00000000099999999984 0.99999999000000017180 0.00000000099999999984 0.00000000099999999984 0.00000000099999999984 0.00000000099999999984 0.00000000099999999984 0.00000000099999999984 0.00000000099999999984 0.00000000099999999984 
0.00000000099999999977 0.00000000099999999977 0.00000000099999999977 0.99999999000000006077 0.00000000099999999977 0.00000000099999999977 0.00000000099999999977 0.00000000099999999977 0.00000000099999999977 0.00000000099999999977 0.00000000099999999977 
0.49811878644089319090 0.00000000099999999983 0.00000000099999999983 0.50188120455910700812 0.00000000099999999983 0.00000000099999999983 0.00000000099999999983 0.00000000099999999983 0.00000000099999999983 0.00000000099999999983 0.00000000099999999983 
0.21537332416132443091 0.00000000099999999983 0.00000000099999999983 0.78462666683867576811 0.00000000099999999983 0.00000000099999999983 0.00000000099999999983 0.00000000099999999983 0.00000000099999999983 0.00000000099999999983 0.00000000099999999983 
0.16078270407372763362 0.00000000099999999993 0.00000000099999999993 0.00000000099999999993 0.48091533603072866843 0.01578895587198465150 0.32554852023809588424 0.00000000099999999993 0.00000000099999999993 0.01696447778546322088 0.00000000099999999993 
0.99999999000000028282 0.00000000099999999959 0.00000000099999999959 0.00000000099999999959 0.00000000099999999959 0.00000000099999999959 0.00000000099999999959 0.00000000099999999959 0.00000000099999999959 0.00000000099999999959 0.00000000099999999959 
0.20415627741779318605 0.00000000099999999982 0.00000000099999999982 0.78562753564708454057 0.01021617893512245974 0.00000000099999999982 0.00000000099999999982 0.00000000099999999982 0.00000000099999999982 0.00000000099999999982 0.00000000099999999982 
0.00000000099999999988 0.00000000099999999988 0.40446353593615852473 0.00000000099999999988 0.00000000099999999988 0.00000000099999999988 0.00000000099999999988 0.43487896661672514886 0.11089733686733120599 0.04976015357978495063 0.00000000099999999988 
0.18792318244364472624 0.00426157756100127051 0.00000000099999999998 0.00000000099999999998 0.66959242609382907396 0.00000000099999999998 0.13225823399429006977 0.00000000099999999998 0.00000000099999999998 0.00596457390723493814 0.00000000099999999998 
0.14587217555568160465 0.00000000099999999995 0.00000000099999999995 0.39315318450184538746 0.46097463194247323415 0.00000000099999999995 0.00000000099999999995 0.00000000099999999995 0.00000000099999999995 0.00000000099999999995 0.00000000099999999995 
0.99999999000000017180 0.00000000099999999965 0.00000000099999999965 0.00000000099999999965 0.00000000099999999965 0.00000000099999999965 0.00000000099999999965 0.00000000099999999965 0.00000000099999999965 0.00000000099999999965 0.00000000099999999965 
0.00000000099999999991 0.00000000099999999991 0.00000000099999999991 0.00000000099999999991 0.55778575778191996637 0.00511764310253060104 0.43709659111554949318 0.00000000099999999991 0.00000000099999999991 0.00000000099999999991 0.00000000099999999991 
0.00000000099999999980 0.00000000099999999980 0.00000000099999999980 0.99999999000000006077 0.00000000099999999980 0.00000000099999999980 0.00000000099999999980 0.00000000099999999980 0.00000000099999999980 0.00000000099999999980 0.00000000099999999980 
0.00000000099999999977 0.00000000099999999977 0.00000000099999999977 0.00000000099999999977 0.99999999000000017180 0.00000000099999999977 0.00000000099999999977 0.00000000099999999977 0.00000000099999999977 0.00000000099999999977 0.00000000099999999977 
0.00000000099999999977 0.00000000099999999977 0.00000000099999999977 0.00000000099999999977 0.99999999000000017180 0.00000000099999999977 0.00000000099999999977 0.00000000099999999977 0.00000000099999999977 0.00000000099999999977 0.00000000099999999977 
0.58190374625641982931 0.00000000099999999987 0.00000000099999999987 0.41809624474358031421 0.00000000099999999987 0.00000000099999999987 0.00000000099999999987 0.00000000099999999987 0.00000000099999999987 0.00000000099999999987 0.00000000099999999987 
0.00000000099999999979 0.00000000099999999979 0.00000000099999999979 0.99999999000000017180 0.00000000099999999979 0.00000000099999999979 0.00000000099999999979 0.00000000099999999979 0.00000000099999999979 0.00000000099999999979 0.00000000099999999979 
0.00000000099999999996 0.03587680233270947733 0.08258061802639934945 0.00000000099999999996 0.00000000099999999996 0.00000000099999999996 0.00000000099999999996 0.00000000099999999996 0.00000000099999999996 0.00000000099999999996 0.88154257164089111498 
0.00000000099999999980 0.00000000099999999980 0.00000000099999999980 0.00000000099999999980 0.99999999000000017180 0.00000000099999999980 0.00000000099999999980 0.00000000099999999980 0.00000000099999999980 0.00000000099999999980 0.00000000099999999980 
0.48353449803402098750 0.00000000099999999994 0.00000000099999999994 0.50550625724266995409 0.00000000099999999994 0.01095923672330916497 0.00000000099999999994 0.00000000099999999994 0.00000000099999999994 0.00000000099999999994 0.00000000099999999994 
0.00000000099999999979 0.00877087630537808430 0.00000000099999999979 0.00000000099999999979 0.00000000099999999979 0.00000000099999999979 0.00000000099999999979 0.00000000099999999979 0.00000000099999999979 0.00000000099999999979 0.99122911469462193779 
0.00000000099999999979 0.00000000099999999979 0.99999999000000006077 0.00000000099999999979 0.00000000099999999979 0.00000000099999999979 0.00000000099999999979 0.00000000099999999979 0.00000000099999999979 0.00000000099999999979 0.00000000099999999979 
0.00000000099999999987 0.00000000099999999987 0.00000000099999999987 0.00000000099999999987 0.00000000099999999987 0.00000000099999999987 0.99999998999999994975 0.00000000099999999987 0.00000000099999999987 0.00000000099999999987 0.00000000099999999987 
0.00000000099999999987 0.07027367069544972200 0.00000000099999999987 0.00000000099999999987 0.00000000099999999987 0.00000000099999999987 0.00000000099999999987 0.00000000099999999987 0.00000000099999999987 0.00000000099999999987 0.92972632030455015784 
0.00000000099999999982 0.00000000099999999982 0.00000000099999999982 0.00000000099999999982 0.00000000099999999982 0.00000000099999999982 0.00000000099999999982 0.00000000099999999982 0.00000000099999999982 0.00000000099999999982 0.99999998999999994975 
0.00000000099999999991 0.00000000099999999991 0.00000000099999999991 0.00000000099999999991 0.00000000099999999991 0.00000000099999999991 0.00000000099999999991 0.00000000099999999991 0.00000000506164250804 0.00000000099999999991 0.99999998593835759397 
0.00000000099999999979 0.00000000099999999979 0.00000000099999999979 0.00000000099999999979 0.00000000099999999979 0.00000000099999999979 0.00000000099999999979 0.99999999000000006077 0.00000000099999999979 0.00000000099999999979 0.00000000099999999979 
0.00000000099999999988 0.00748373790126053828 0.00000000099999999988 0.00000000099999999988 0.00000000099999999988 0.00000000099999999988 0.00000000099999999988 0.63881690030372972888 0.00000000099999999988 0.00000000099999999988 0.35369935379500971884 
0.00000000099999999999 0.00000000099999999999 0.00000000099999999999 0.14132662435938922463 0.00000000099999999999 0.01463607335368410402 0.00000000099999999999 0.51153817335943763123 0.05266857581832141977 0.01373103690059229547 0.26609951120857533446 
0.00000000099999999985 0.00000000099999999985 0.00000000099999999985 0.00000000099999999985 0.00000000099999999985 0.00000000099999999985 0.00000000099999999985 0.99324513253101676113 0.00000000099999999985 0.00675485846898327916 0.00000000099999999985 
0.00000000099999999988 0.00000000099999999988 0.39609377700838671599 0.00000000099999999988 0.00000000099999999988 0.00000000099999999988 0.00000000099999999988 0.00000000099999999988 0.60390621399161314997 0.00000000099999999988 0.00000000099999999988 
0.00000000099999999978 0.03038074556094255002 0.00000000099999999978 0.00000000099999999978 0.00000000099999999978 0.00000000099999999978 0.00000000099999999978 0.00000000099999999978 0.00000000099999999978 0.00000000099999999978 0.96961924543905753104 
0.00000000099999999983 0.00000000099999999983 0.00000000099999999983 0.00000000099999999983 0.00000000099999999983 0.00444857807063134096 0.00000000099999999983 0.65453256827982908561 0.00000000099999999983 0.00000000099999999983 0.34101884564953949264 
0.00000000099999999986 0.01576451932748949153 0.00000000099999999986 0.00000000099999999986 0.00000000099999999986 0.01008620930946500446 0.00000000099999999986 0.62273131932513825504 0.00000000099999999986 0.00000000099999999986 0.35141794503790729776 
0.00000000099999999998 0.00000000099999999998 0.07897339400241498719 0.00000000099999999998 0.00000000099999999998 0.03278715774555821666 0.00000000099999999998 0.02671875857576850796 0.00000000099999999998 0.00000000099999999998 0.86152068267625825371 
0.00000000099999999999 0.06860090993630178768 0.11081600580695227798 0.00000000099999999999 0.00000000099999999999 0.00544502549475733930 0.19620176657233870388 0.52965345428600485445 0.05562145321842658363 0.03364747440391146344 0.00001390728130707901 
0.00000000099999999998 0.00892890703594139898 0.23283554833022057640 0.00000000099999999998 0.14540371777937682873 0.00462340990089401237 0.00000000099999999998 0.00000000099999999998 0.55126765435406421823 0.00000000099999999998 0.05694075759950300436 
0.00000000099999999985 0.00000000099999999985 0.00000000099999999985 0.00000000099999999985 0.00000000099999999985 0.00000000099999999985 0.00000000099999999985 0.92125070292744903888 0.00000000099999999985 0.07874928807255095198 0.00000000099999999985 
0.00000000099999999993 0.00000000099999999993 0.00000000099999999993 0.00000000099999999993 0.00000000099999999993 0.00000000099999999993 0.00000000099999999993 0.00000000099999999993 0.00000000099999999993 0.00000000099999999993 0.99999999000000006077 
0.00000000099999999980 0.00000000099999999980 0.00000000099999999980 0.00000000099999999980 0.00000000099999999980 0.00000000099999999980 0.00000000099999999980 0.00000000099999999980 0.99999998999999994975 0.00000000099999999980 0.00000000099999999980 
0.00000000099999999994 0.00000000099999999994 0.00000000099999999994 0.00000000099999999994 0.00000000099999999994 0.00000000099999999994 0.00000000099999999994 0.00000000099999999994 0.95918270676266847996 0.00000000099999999994 0.04081728423733143457 
0.00000000099999999980 0.00000000099999999980 0.00000000099999999980 0.00000000099999999980 0.00000000099999999980 0.00000000099999999980 0.00000000099999999980 0.99999999000000006077 0.00000000099999999980 0.00000000099999999980 0.00000000099999999980 
0.00000000099999999979 0.00000000099999999979 0.99999999000000017180 0.00000000099999999979 0.00000000099999999979 0.00000000099999999979 0.00000000099999999979 0.00000000099999999979 0.00000000099999999979 0.00000000099999999979 0.00000000099999999979 
0.00000000099999999987 0.00000000099999999987 0.00000000099999999987 0.00000000099999999987 0.00000000099999999987 0.00000000099999999987 0.00000000099999999987 0.63509113371859182706 0.00000000099999999987 0.00000000099999999987 0.36490885728140826094 
0.01348470695038696786 0.00000000099999999994 0.00000000099999999994 0.00000000099999999994 0.00000000099999999994 0.00000000099999999994 0.00000000099999999994 0.98651528404961308372 0.00000000099999999994 0.00000000099999999994 0.00000000099999999994 
0.00000000099999999987 0.00000000099999999987 0.05125894335477014507 0.00000000099999999987 0.00000000099999999987 0.00000000099999999987 0.00000000099999999987 0.00000000099999999987 0.00000000099999999987 0.00474182958775603951 0.94399921905747385953 
0.00000000099999999990 0.00000000099999999990 0.00000000099999999990 0.00000000099999999990 0.00000000099999999990 0.00000000099999999990 0.00000000099999999990 0.99999998999999994975 0.00000000099999999990 0.00000000099999999990 0.00000000099999999990 
0.00000000099999999991 0.00000000099999999991 0.41025958876208196147 0.00000000099999999991 0.00000000099999999991 0.00000000099999999991 0.00000000099999999991 0.01882576333817105596 0.52175803687819599652 0.00000000099999999991 0.04915660402155081626 
0.57089308954716888600 0.00000000099999999981 0.00000000099999999981 0.42910690145283131303 0.00000000099999999981 0.00000000099999999981 0.00000000099999999981 0.00000000099999999981 0.00000000099999999981 0.00000000099999999981 0.00000000099999999981 
0.00000000099999999966 0.00000000099999999966 0.00000000099999999966 0.99999999000000006077 0.00000000099999999966 0.00000000099999999966 0.00000000099999999966 0.00000000099999999966 0.00000000099999999966 0.00000000099999999966 0.00000000099999999966 
0.00457524388306366873 0.00000000099999999991 0.00000000099999999991 0.00000000099999999991 0.31261889707897821955 0.02271561548158346558 0.66009023655637477646 0.00000000099999999991 0.00000000099999999991 0.00000000099999999991 0.00000000099999999991 
0.00000000099999999981 0.00000000099999999981 0.00000000099999999981 0.00000000099999999981 0.99999999000000006077 0.00000000099999999981 0.00000000099999999981 0.00000000099999999981 0.00000000099999999981 0.00000000099999999981 0.00000000099999999981 
0.03240680548113200610 0.02104736748138688607 0.00000000099999999998 0.00000000099999999998 0.00000000099999999998 0.04088020304639754937 0.00327689494380945575 0.00000000099999999998 0.00000000099999999998 0.02304698464612054548 0.87934173940115356594 
0.00000000099999999992 0.00000000099999999992 0.00000000099999999992 0.06324089453980784314 0.45992076499755385477 0.00000000099999999992 0.39124547104178070134 0.08559286242085753504 0.00000000099999999992 0.00000000099999999992 0.00000000099999999992 
0.00000000099999999985 0.00000000099999999985 0.00000000099999999985 0.00000000099999999985 0.00000000099999999985 0.00000000099999999985 0.99999999000000006077 0.00000000099999999985 0.00000000099999999985 0.00000000099999999985 0.00000000099999999985 
0.13171929305818239064 0.00000000099999999995 0.00000000099999999995 0.00000000099999999995 0.00000000099999999995 0.00000000099999999995 0.00000000099999999995 0.00000000099999999995 0.00300534051474484485 0.00000000099999999995 0.86527535842707281599 
0.10639835492431037878 0.00000000099999999998 0.00000000099999999998 0.00000000099999999998 0.49446580186751648567 0.01947496372017332514 0.25749891565041260755 0.00002019646987747479 0.11926541152665727508 0.00287635184105264558 0.00000000099999999998 
0.99999999000000017180 0.00000000099999999950 0.00000000099999999950 0.00000000099999999950 0.00000000099999999950 0.00000000099999999950 0.00000000099999999950 0.00000000099999999950 0.00000000099999999950 0.00000000099999999950 0.00000000099999999950 
0.15938816746743469932 0.00000000099999999997 0.00000000099999999997 0.00000000099999999997 0.00000000099999999997 0.00000000099999999997 0.02390986336058303213 0.00000000099999999997 0.00000000099999999997 0.00000000099999999997 0.81670196117198223806 
0.00000000099999999981 0.12904232706527776764 0.00000000099999999981 0.00000000099999999981 0.00000000099999999981 0.00000000099999999981 0.00000000099999999981 0.00000000099999999981 0.87095766393472229261 0.00000000099999999981 0.00000000099999999981 
0.00000000099999999976 0.00000000099999999976 0.00000000099999999976 0.00000000099999999976 0.00000000099999999976 0.00000000099999999976 0.00000000099999999976 0.00000000099999999976 0.00000000099999999976 0.00000000099999999976 0.99999998999999994975 
0.00000000099999999981 0.00000000099999999981 0.00000000099999999981 0.00000000099999999981 0.00000000099999999981 0.00000000099999999981 0.00000000099999999981 0.74342742985098952957 0.00000000099999999981 0.25657256114901039190 0.00000000099999999981 
0.00000000099999999988 0.00000000099999999988 0.00000000099999999988 0.00000000099999999988 0.00000000099999999988 0.00000000099999999988 0.00000000099999999988 0.00000000099999999988 0.99999999000000006077 0.00000000099999999988 0.00000000099999999988 
0.00000000099999999987 0.00000000099999999987 0.00000000099999999987 0.00000000099999999987 0.00000000099999999987 0.00000000099999999987 0.99999999000000006077 0.00000000099999999987 0.00000000099999999987 0.00000000099999999987 0.00000000099999999987 
0.00965260427371469713 0.00308797097800354772 0.00000000099999999999 0.03095216018106524206 0.25857103397446185022 0.00000000099999999999 0.52099322759287514106 0.00000000099999999999 0.00000000099999999999 0.01373896727491259913 0.16300403172496671922 
0.02268501884621692416 0.00000000099999999995 0.00000000099999999995 0.00238548792783404694 0.42364178849762962331 0.00000000099999999995 0.54733420643714580933 0.00000000099999999995 0.00000000099999999995 0.00395349229117351354 0.00000000099999999995 
0.07274753657822644048 0.00000000099999999993 0.00000000099999999993 0.00000000099999999993 0.31942119553908565610 0.00000000099999999993 0.60783125988268782436 0.00000000099999999993 0.00000000099999999993 0.00000000099999999993 0.00000000099999999993 
0.00000000099999999987 0.00000000099999999987 0.00000000099999999987 0.00000000099999999987 0.99999999000000006077 0.00000000099999999987 0.00000000099999999987 0.00000000099999999987 0.00000000099999999987 0.00000000099999999987 0.00000000099999999987 
0.09947911465947428811 0.00000000099999999981 0.00000000099999999981 0.00000000099999999981 0.00000000099999999981 0.00000000099999999981 0.90052087634052579990 0.00000000099999999981 0.00000000099999999981 0.00000000099999999981 0.00000000099999999981 
0.00000000099999999991 0.00000003840854649732 0.00000000099999999991 0.00000000099999999991 0.00000000099999999991 0.00000000099999999991 0.00000000099999999991 0.00000000099999999991 0.99988695053664877754 0.00000000099999999991 0.00011300305480484988 
0.00000000099999999987 0.00000000099999999987 0.00000000099999999987 0.00000000099999999987 0.00000000099999999987 0.00000000099999999987 0.00000000099999999987 0.99999998999999994975 0.00000000099999999987 0.00000000099999999987 0.00000000099999999987 
0.00000000099999999980 0.00000000099999999980 0.99999999000000006077 0.00000000099999999980 0.00000000099999999980 0.00000000099999999980 0.00000000099999999980 0.00000000099999999980 0.00000000099999999980 0.00000000099999999980 0.00000000099999999980 
0.00000000099999999990 0.00000000099999999990 0.60591681662816421206 0.00000000099999999990 0.00000000099999999990 0.00000000099999999990 0.00000000099999999990 0.00000000099999999990 0.39408317437183598697 0.00000000099999999990 0.00000000099999999990 
0.00000000099999999976 0.00000000099999999976 0.00000000099999999976 0.00000000099999999976 0.00000000099999999976 0.00000000099999999976 0.00000000099999999976 0.99999998999999994975 0.00000000099999999976 0.00000000099999999976 0.00000000099999999976 
0.00000000099999999967 0.00000000099999999967 0.00000000099999999967 0.00000000099999999967 0.00000000099999999967 0.00000000099999999967 0.00000000099999999967 0.00000000099999999967 0.00000000099999999967 0.00000000099999999967 0.99999999000000006077 
0.00000000099999999978 0.00000000099999999978 0.00000000099999999978 0.00000000099999999978 0.00000000099999999978 0.00000000099999999978 0.00000000099999999978 0.00000000099999999978 0.00000000099999999978 0.00000000099999999978 0.99999998999999994975 
0.00000000099999999980 0.00000000099999999980 0.00000000099999999980 0.00000000099999999980 0.00000000099999999980 0.00000000099999999980 0.00000000099999999980 0.00000000099999999980 0.98730729110160087014 0.01269269989839913286 0.00000000099999999980 
0.00000000099999999981 0.00000000099999999981 0.00000000099999999981 0.00000000099999999981 0.00000000099999999981 0.00000000099999999981 0.00000000099999999981 0.00000000099999999981 0.99999998999999994975 0.00000000099999999981 0.00000000099999999981 
0.00000000099999999984 0.00000000099999999984 0.30430320953134998296 0.00000000099999999984 0.00000000099999999984 0.00000000099999999984 0.00000000099999999984 0.00000000099999999984 0.69569678146864999402 0.00000000099999999984 0.00000000099999999984 
0.00000000099999999978 0.00000000099999999978 0.00000000099999999978 0.00000000099999999978 0.00000000099999999978 0.00000000099999999978 0.00000000099999999978 0.00000000099999999978 0.00000000099999999978 0.00000000099999999978 0.99999998999999994975 
0.00000000099999999991 0.00000000099999999991 0.03926307264939558200 0.00000000099999999991 0.00000000099999999991 0.00000000099999999991 0.00000000099999999991 0.00000000099999999991 0.00000000099999999991 0.00000000099999999991 0.96073691835060437416 
0.00000000099999999970 0.00000000099999999970 0.99999999000000006077 0.00000000099999999970 0.00000000099999999970 0.00000000099999999970 0.00000000099999999970 0.00000000099999999970 0.00000000099999999970 0.00000000099999999970 0.00000000099999999970 
0.00000000099999999978 0.00000000099999999978 0.00000000099999999978 0.00000000099999999978 0.00000000099999999978 0.00000000099999999978 0.00000000099999999978 0.99999998999999994975 0.00000000099999999978 0.00000000099999999978 0.00000000099999999978 
0.00000000099999999994 0.00000000099999999994 0.99042641631251571166 0.00000000099999999994 0.00000000099999999994 0.00007139655762406779 0.00000000099999999994 0.00000000099999999994 0.00000000099999999994 0.00950217912986025572 0.00000000099999999994 
0.00000000099999999970 0.00000000099999999970 0.00000000099999999970 0.00000000099999999970 0.00000000099999999970 0.00000000099999999970 0.00000000099999999970 0.00000000099999999970 0.00000000099999999970 0.00000000099999999970 0.99999998999999994975 
0.00000000099999999979 0.00000000099999999979 0.00000000099999999979 0.00000000099999999979 0.00000000099999999979 0.00000000099999999979 0.00000000099999999979 0.00000000099999999979 0.99999998999999994975 0.00000000099999999979 0.00000000099999999979 
0.00000000099999999993 0.00000000099999999993 0.00000000099999999993 0.05412087732387213523 0.91081071143261171930 0.01595042435943481302 0.00000000099999999993 0.00000000099999999993 0.00000000099999999993 0.01911797988408130144 0.00000000099999999993 
0.00000000099999999989 0.00000000099999999989 0.00967346877888055658 0.00000000099999999989 0.00000000099999999989 0.00000000099999999989 0.00000000099999999989 0.15732338678615956362 0.00000000099999999989 0.00000000099999999989 0.83300313643495993432 
0.00000000354507569410 0.00000000099999999996 0.07582775273683162176 0.00000000099999999996 0.40108215988736867219 0.00856455945166084524 0.51452212092255344977 0.00000000099999999996 0.00000339845650974859 0.00000000099999999996 0.00000000099999999996 
0.00000000099999999970 0.00000000099999999970 0.00000000099999999970 0.00000000099999999970 0.00000000099999999970 0.00000000099999999970 0.00000000099999999970 0.00000000099999999970 0.00000000099999999970 0.00000000099999999970 0.99999998999999994975 
0.00000000099999999989 0.00000000099999999989 0.28422859665541161389 0.00000000099999999989 0.00000000099999999989 0.00000000099999999989 0.00000000099999999989 0.00000000099999999989 0.70553889148817083843 0.01023250385641732638 0.00000000099999999989 
0.00000000099999999984 0.00000000099999999984 0.50395248254213553807 0.00000000099999999984 0.00000000099999999984 0.00000000099999999984 0.00000000099999999984 0.00000000099999999984 0.49604750845786454994 0.00000000099999999984 0.00000000099999999984 
0.00000000099999999976 0.00000000099999999976 0.00000000099999999976 0.00000000099999999976 0.00000000099999999976 0.00000000099999999976 0.00000000099999999976 0.00000000099999999976 0.00000000099999999976 0.00000000099999999976 0.99999999000000006077 
0.00000000099999999979 0.00000000099999999979 0.00000000099999999979 0.00000000099999999979 0.00000000099999999979 0.00000000099999999979 0.00000000099999999979 0.00000000099999999979 0.99999998999999994975 0.00000000099999999979 0.00000000099999999979 
0.04860424117669455424 0.00149870857659944968 0.10322666187674134353 0.00000000100000000000 0.00000000100000000000 0.07095990021842096818 0.18864026456368132578 0.00000239058142928182 0.55649791647666990713 0.02291919045349636447 0.00765072407626691230 
0.00000000099999999982 0.02975090145348490908 0.00000000099999999982 0.00000000099999999982 0.00000000099999999982 0.00000000099999999982 0.00000000099999999982 0.00000000099999999982 0.00000000099999999982 0.00000000099999999982 0.97024908954651511994 
0.00000000099999999985 0.00000000099999999985 0.99999999000000017180 0.00000000099999999985 0.00000000099999999985 0.00000000099999999985 0.00000000099999999985 0.00000000099999999985 0.00000000099999999985 0.00000000099999999985 0.00000000099999999985 
0.19549825702273759820 0.00000000099999999991 0.00000000099999999991 0.66624540078907423801 0.05834098085373752574 0.00428347978026893429 0.07563187555418185437 0.00000000099999999991 0.00000000099999999991 0.00000000099999999991 0.00000000099999999991 
0.00000000099999999936 0.00000000099999999936 0.00000000099999999936 0.00000000099999999936 0.00000000099999999936 0.99999999000000006077 0.00000000099999999936 0.00000000099999999936 0.00000000099999999936 0.00000000099999999936 0.00000000099999999936 
0.00000000099999999984 0.00000000099999999984 0.00000000099999999984 0.00000000099999999984 0.70466287130716298570 0.00000000099999999984 0.29533711969283715781 0.00000000099999999984 0.00000000099999999984 0.00000000099999999984 0.00000000099999999984 
0.00000000099999999985 0.00000000099999999985 0.00000000099999999985 0.00000000099999999985 0.00000000099999999985 0.00000000099999999985 0.99999999000000006077 0.00000000099999999985 0.00000000099999999985 0.00000000099999999985 0.00000000099999999985 
0.00107177303135021240 0.00000000099999999993 0.00000000099999999993 0.00000000099999999993 0.42279209175442578061 0.00000000099999999993 0.57613612721422413632 0.00000000099999999993 0.00000000099999999993 0.00000000099999999993 0.00000000099999999993 
0.02586725489553382343 0.00000000099999999992 0.00000000099999999992 0.00000000099999999992 0.50435503995398645039 0.00000000099999999992 0.46093012984980374913 0.00000000099999999992 0.00000000099999999992 0.00884756830067606054 0.00000000099999999992 
0.00000000099999999986 0.00000000099999999986 0.00000000099999999986 0.00000000099999999986 0.99999999000000017180 0.00000000099999999986 0.00000000099999999986 0.00000000099999999986 0.00000000099999999986 0.00000000099999999986 0.00000000099999999986 
0.21195204588473970375 0.01908184807398991337 0.08319941826917293115 0.00000000099999999998 0.48370601609370039720 0.00006667665413639588 0.20199399002426074445 0.00000000099999999998 0.00000000099999999998 0.00000000099999999998 0.00000000099999999998 
0.00000000099999999987 0.00000000099999999987 0.00000000099999999987 0.00000000099999999987 0.64005484110675125997 0.00000000099999999987 0.35994514989324899457 0.00000000099999999987 0.00000000099999999987 0.00000000099999999987 0.00000000099999999987 
0.00000000099999999969 0.00000000099999999969 0.00000000099999999969 0.00000000099999999969 0.00000000099999999969 0.00000000099999999969 0.00000000099999999969 0.00000000099999999969 0.00000000099999999969 0.00000000099999999969 0.99999998999999994975 
0.04265466575179272662 0.00000000099999999993 0.00000000099999999993 0.00000000099999999993 0.66590683132637373820 0.00375586479321493106 0.27337981084835116796 0.00000000099999999993 0.00000000099999999993 0.01430282128026735301 0.00000000099999999993 
0.00000000099999999939 0.00000000099999999939 0.00000000099999999939 0.00000000099999999939 0.00000000099999999939 0.99999999000000017180 0.00000000099999999939 0.00000000099999999939 0.00000000099999999939 0.00000000099999999939 0.00000000099999999939 
0.00000000099999999982 0.00000000099999999982 0.00000000099999999982 0.00000000099999999982 0.99999999000000006077 0.00000000099999999982 0.00000000099999999982 0.00000000099999999982 0.00000000099999999982 0.00000000099999999982 0.00000000099999999982 
0.54091783671085369445 0.00000000099999999978 0.00000000099999999978 0.45908215428914639356 0.00000000099999999978 0.00000000099999999978 0.00000000099999999978 0.00000000099999999978 0.00000000099999999978 0.00000000099999999978 0.00000000099999999978 
