0.33524160253526136266 0.56287013844339350843 0.10188825802134511556 0.00000000100000000000 
0.00000000099999999999 0.00000009512581504019 0.99786223730814604949 0.00213766656603876304 
0.00000000100000000000 0.14350830892390967208 0.83172926641924405100 0.02476242365684636418 
0.00000000099999999999 0.06649869681778301789 0.93350130118221696929 0.00000000099999999999 
0.00000000099999999998 0.10774268340673805178 0.89225731459326196315 0.00000000099999999998 
0.00000000099999999998 0.00000003116474194351 0.99999996683525793628 0.00000000099999999998 
0.00000000099999999992 0.00000000099999999992 0.00000000099999999992 0.99999999700000008485 
0.00000000099999999994 0.99999999699999997382 0.00000000099999999994 0.00000000099999999994 
0.00000000099999999996 0.07179353726555842696 0.92820646073444146307 0.00000000099999999996 
0.00000000099999999993 0.00000000099999999993 0.00000000099999999993 0.99999999699999997382 
0.00000000099999999994 0.00000000099999999994 0.00000000099999999994 0.99999999699999997382 
0.00000000099999999996 0.00000000099999999996 0.00000000099999999996 0.99999999700000008485 
0.15629923454146443795 0.00000000100000000000 0.15917616274522808362 0.68452460171330742345 
0.19087634005186324138 0.00000162341769591715 0.14071179584184670408 0.66841024068859422602 
0.51379944162189250534 0.20539087728097035757 0.00001997399349058581 0.28078970710364659080 
0.00000000099999999993 0.00000000099999999993 0.00000000099999999993 0.99999999699999997382 
0.26634055852126448105 0.10254403753536153743 0.02521718458659640699 0.60589821935677767861 
0.28592402628834878708 0.52926670227353611597 0.07274922837579447799 0.11206004306232075773 
0.99999999699999997382 0.00000000099999999986 0.00000000099999999986 0.00000000099999999986 
0.61740408223127829501 0.00000000100000000000 0.05429577178564568701 0.32830014498307596993 
0.18299189298023130212 0.00000000099999999999 0.13336943147837493351 0.68363867454139370938 
0.00000000099999999994 0.00000000099999999994 0.00000000099999999994 0.99999999700000008485 
0.99999999699999997382 0.00000000099999999990 0.00000000099999999990 0.00000000099999999990 
0.00000000099999999999 0.11146535420978176401 0.86440008323431727355 0.02413456155590098726 
0.00000000099999999995 0.00000000099999999995 0.00000000099999999995 0.99999999699999997382 
0.00000000099999999996 0.00000000099999999996 0.00000000099999999996 0.99999999700000008485 
0.16194083708431661339 0.00000000100000000000 0.16737435743245340780 0.67068480448322997933 
0.01974658888823714945 0.02807789249223075281 0.95217551761953211908 0.00000000100000000000 
0.00000000099999999997 0.07267294194624153436 0.92732705605375853608 0.00000000099999999997 
0.00000000099999999999 0.00076267950856496113 0.00000000099999999999 0.99923731849143493378 
0.02921956071131734042 0.08039410775481498073 0.00000000100000000000 0.89038633053386773142 
0.03193319292272882998 0.00000000099999999997 0.00000000099999999997 0.96806680507727127516 
0.00000000099999999999 0.02193804660580264687 0.92454498061765033601 0.05351697177654696214 
0.71317019513647539330 0.28682980286352466326 0.00000000099999999999 0.00000000099999999999 
0.01764411887713393176 0.12133942485440520065 0.86101606822274312503 0.00000038804571770410 
0.00000000099999999996 0.00000000099999999996 0.00000000099999999996 0.99999999700000008485 
0.99999999700000008485 0.00000000099999999991 0.00000000099999999991 0.00000000099999999991 
0.71831438178986839471 0.25862791196853129883 0.00559394548329700345 0.01746376075830332816 
0.00000000099999999997 0.00000000099999999997 0.00000000099999999997 0.99999999699999997382 
0.00633901850481213662 0.00000000099999999995 0.00000000099999999995 0.99366097949518783494 
0.00000002033613512613 0.00000000099999999995 0.00000000099999999995 0.99999997766386494735 
0.00000000099999999996 0.99999999700000008485 0.00000000099999999996 0.00000000099999999996 
0.00000000100000000000 0.84364263994401189617 0.06397400057676239093 0.09238335847922583832 
0.15592711018971450176 0.00000013780207346591 0.15726873744388078502 0.68680401456433115559 
0.06011798680519683802 0.00398699829818555378 0.63111383746157789787 0.30478117743503974069 
0.00000000099999999994 0.99999999700000008485 0.00000000099999999994 0.00000000099999999994 
0.00000000099999999998 0.00000000099999999998 0.00000000099999999998 0.99999999700000008485 
0.00000000099999999994 0.99999999700000008485 0.00000000099999999994 0.00000000099999999994 
0.00000000099999999995 0.99999999700000008485 0.00000000099999999995 0.00000000099999999995 
0.00000000099999999994 0.99999999700000008485 0.00000000099999999994 0.00000000099999999994 
0.00000000099999999999 0.12994804235778839585 0.87005195564221171622 0.00000000099999999999 
0.00000000099999999992 0.99999999699999997382 0.00000000099999999992 0.00000000099999999992 
0.00000000099999999994 0.99850856333927373587 0.00149143466072633240 0.00000000099999999994 
0.11176380619461656618 0.00000000099999999999 0.01772639018762136795 0.87050980261776200742 
0.01697207136208700451 0.16836310100587242866 0.81433924530442280965 0.00032558232761779611 
0.00000000099999999999 0.60506011370595258470 0.39493988429404730534 0.00000000099999999999 
0.00000000099999999996 0.99996979499142180092 0.00003020300857825258 0.00000000099999999996 
0.00000000099999999997 0.00000601593525643289 0.99999398206474354733 0.00000000099999999997 
0.00000000099999999996 0.99960207178211790691 0.00039792621788213345 0.00000000099999999996 
0.00000000099999999996 0.00000000099999999996 0.99999999699999986280 0.00000000099999999996 
0.00000000099999999996 0.03338508854904805034 0.96661490945095185356 0.00000000099999999996 
0.00000000099999999997 0.96011247846593383848 0.03988751953406625278 0.00000000099999999997 
0.00000000099999999995 0.99999999699999997382 0.00000000099999999995 0.00000000099999999995 
0.93234199218544278054 0.00000096137578773289 0.00000000100000000000 0.06765704543876935317 
0.00000000099999999996 0.03018093612192429553 0.96981906187807565001 0.00000000099999999996 
0.01383896580606106506 0.98599920115835126833 0.00016183203558765955 0.00000000099999999999 
0.99999999699999997382 0.00000000099999999992 0.00000000099999999992 0.00000000099999999992 
0.00944022422748191058 0.00000000099999999997 0.00000000099999999997 0.99055977377251813731 
0.00000000099999999997 0.00000000099999999997 0.99999999699999997382 0.00000000099999999997 
0.99999999700000008485 0.00000000099999999995 0.00000000099999999995 0.00000000099999999995 
0.99995474773994008633 0.00000000099999999994 0.00000000099999999994 0.00004525026005996146 
0.96155084476943186722 0.00000000099999999996 0.00000000099999999996 0.03844915323056814771 
0.16676189087974491176 0.00000000099999999999 0.15430169302589885616 0.67893641509435631587 
0.58660246094027168606 0.00000000100000000000 0.05627950034682838859 0.35711803771289979403 
0.44580579576502943340 0.13708153130022815436 0.09514961126183392459 0.32196306167290839051 
0.20799023776916975015 0.00245963631523355092 0.15207245985292228152 0.63747766606267441958 
0.00000000099999999995 0.00000000099999999995 0.00000000099999999995 0.99999999700000008485 
0.99999999699999997382 0.00000000099999999991 0.00000000099999999991 0.00000000099999999991 
0.57709653392500959157 0.00000000099999999999 0.03062433434745133812 0.39227913072753906043 
0.59988881873431643132 0.00000000100000000000 0.05228926879988964743 0.34782191146579405361 
0.89887504750918956198 0.00000000099999999999 0.00000000099999999999 0.10112495049081052234 
0.19924435263839662680 0.00039983340492519677 0.30528973367507933334 0.49506608028159887480 
0.07640796490099242833 0.01315295701429427394 0.11469483315824910430 0.79574424492646411711 
0.12367733585726137235 0.00000000449962502458 0.17913169414511012634 0.69719096549800352314 
0.99688007957060187358 0.00000000099999999997 0.00000000099999999997 0.00311991842939814048 
0.00000000099999999994 0.00000000099999999994 0.00000000099999999994 0.99999999699999997382 
0.03181278573764161760 0.00000000099999999998 0.00000000099999999998 0.96818721226235837651 
0.14656619713676244388 0.00000000099999999999 0.13011969265842149301 0.72331410920481620241 
0.00631943233020693020 0.00000000099999999996 0.00000000099999999996 0.99368056566979301447 
0.57644089028364442484 0.00000000099999999999 0.04916596694290081143 0.37439314177345472956 
0.15554652235769669821 0.03863236491169306369 0.17144538599660733014 0.63437572673400277612 
0.92804084467233116662 0.00000000099999999995 0.00000000099999999995 0.07195915332766875117 
0.14206038009497165553 0.00605435547705107137 0.17000630450535444971 0.68187895992262281819 
0.04625921614491013134 0.00000000099999999996 0.00000000099999999996 0.95374078185508981420 
0.00000000099999999994 0.99999999700000008485 0.00000000099999999994 0.00000000099999999994 
0.00000000099999999989 0.99999999700000008485 0.00000000099999999989 0.00000000099999999989 
0.00000000099999999998 0.02305585904678904979 0.97694413895321086105 0.00000000099999999998 
0.00000000099999999996 0.02953627363629434191 0.97046372436370553771 0.00000000099999999996 
0.94516806124963748115 0.04319756010870851731 0.00000020980694125755 0.01163416883471265172 
0.00352597817664537664 0.05179856296554480322 0.92569944921931368587 0.01897600963849606012 
0.00000000099999999997 0.00032975799189589796 0.99967024000810400519 0.00000000099999999997 
0.86435972998058896444 0.11594319182375041610 0.00000000099999999999 0.01969707719566058876 
0.00000000283059684000 0.11366901501585732759 0.75602638567433566585 0.13030459647921027733 
0.00000000099999999992 0.99999999699999997382 0.00000000099999999992 0.00000000099999999992 
0.81846301303482382750 0.11564480586929851147 0.05125907751671248541 0.01463310357916505072 
0.07354974077774280306 0.00000000099999999995 0.00000000099999999995 0.92645025722225704534 
0.99999999700000008485 0.00000000099999999992 0.00000000099999999992 0.00000000099999999992 
0.19403000282143392785 0.00000000100000000000 0.14510103148481698354 0.66086896469374900587 
0.00000000099999999997 0.00000000099999999997 0.00000000099999999997 0.99999999699999997382 
0.00000000099999999998 0.00002966752751581715 0.99997033047248429227 0.00000000099999999998 
0.17411829759213504065 0.04449716815673544074 0.78120278741125526167 0.00018174683987426903 
0.00000000099999999999 0.04135568180067945854 0.95864431619932044537 0.00000000099999999999 
0.00000000099999999998 0.07674107694509624267 0.92325892105490359185 0.00000000099999999998 
0.00000000099999999999 0.06574738278023239957 0.93425258002037758764 0.00000003619938987926 
0.00000000099999999995 0.08431460163108997485 0.91568539636890999844 0.00000000099999999995 
0.01564727537162453885 0.00000000099999999996 0.00000000099999999996 0.98435272262837536505 
0.18371753130862061854 0.00117180682161041453 0.15127171695342847557 0.66383894491634043433 
0.01020865237607639434 0.00000000099999999996 0.00000000099999999996 0.98979134562392356855 
0.00000000099999999998 0.00000000099999999998 0.00000000099999999998 0.99999999699999997382 
0.16262818365389419828 0.00000000100000000000 0.12001255397129326208 0.71735926137481265119 
0.99999999699999997382 0.00000000099999999988 0.00000000099999999988 0.00000000099999999988 
0.99999999699999997382 0.00000000099999999992 0.00000000099999999992 0.00000000099999999992 
0.00000000099999999992 0.00000000099999999992 0.00000000099999999992 0.99999999699999997382 
0.00000000099999999994 0.00000000099999999994 0.00000000099999999994 0.99999999699999997382 
0.00000000099999999994 0.00000000099999999994 0.00000000099999999994 0.99999999700000008485 
0.99999999700000008485 0.00000000099999999993 0.00000000099999999993 0.00000000099999999993 
0.96291703781157267361 0.00000000099999999998 0.00000000099999999998 0.03708296018842740377 
0.00000000099999999993 0.00000000099999999993 0.00000000099999999993 0.99999999700000008485 
0.15586840119157380213 0.00000000100000000000 0.13687887382676741654 0.70725272398165883736 
0.06493545586607035736 0.00000000100000000000 0.00000000100000000000 0.93506454213392964370 
0.99999999699999997382 0.00000000099999999988 0.00000000099999999988 0.00000000099999999988 
0.00000000099999999994 0.00000000099999999994 0.00000000099999999994 0.99999999699999997382 
0.00017021468671924025 0.10134689292509203862 0.88622811086012442949 0.01225478152806413860 
0.88137826115145823103 0.00000000099999999996 0.00000000099999999996 0.11862173684854188105 
0.00000000099999999999 0.00594895810548932025 0.91797240679231129068 0.07607863410219942168 
0.99999999699999997382 0.00000000099999999990 0.00000000099999999990 0.00000000099999999990 
0.00000000099999999995 0.00000000099999999995 0.00000000099999999995 0.99999999700000008485 
0.00000000099999999994 0.00000000099999999994 0.00000000099999999994 0.99999999699999997382 
0.99999999699999997382 0.00000000099999999991 0.00000000099999999991 0.00000000099999999991 
0.00000000099999999993 0.00000000099999999993 0.00000000099999999993 0.99999999699999997382 
0.06473337071411372490 0.05779406242451708142 0.19686616700432929550 0.68060639985703996757 
0.99999999699999997382 0.00000000099999999993 0.00000000099999999993 0.00000000099999999993 
0.00000629753927514592 0.00000000099999999999 0.00000000099999999999 0.99999370046072499907 
0.00000000099999999998 0.86164116627823583716 0.13835883172176402511 0.00000000099999999998 
0.72198177718295475369 0.19157524735220377021 0.08644297446484147662 0.00000000099999999999 
0.00000000099999999996 0.00072703632503015808 0.99927296167496970636 0.00000000099999999996 
0.00000000099999999997 0.01947244114607143972 0.98052755685392845031 0.00000000099999999997 
0.00000000099999999998 0.00002835873458025803 0.99997163926541976497 0.00000000099999999998 
0.00000000099999999997 0.00542797518008492162 0.99457202281991508031 0.00000000099999999997 
0.00142694265316627698 0.02554827821875844257 0.97302477812807519619 0.00000000099999999999 
0.02427692609909065311 0.18393661077770778745 0.71245971184753786876 0.07932675127566368722 
0.00000000099999999995 0.00000000099999999995 0.99999999699999997382 0.00000000099999999995 
0.99999999700000008485 0.00000000099999999990 0.00000000099999999990 0.00000000099999999990 
0.00000000099999999999 0.05577793183282826750 0.94422206616717163641 0.00000000099999999999 
0.74096851583814016262 0.25568119580575826566 0.00335028735610162125 0.00000000099999999999 
0.00000000099999999998 0.05034242333450997947 0.94965757466549005628 0.00000000099999999998 
0.00000000099999999994 0.99999999699999997382 0.00000000099999999994 0.00000000099999999994 
0.00000000099999999993 0.00000000099999999993 0.00000000099999999993 0.99999999699999997382 
0.00000000099999999993 0.99999999699999997382 0.00000000099999999993 0.00000000099999999993 
0.00000000099999999994 0.99999999700000008485 0.00000000099999999994 0.00000000099999999994 
0.00002969683281176785 0.06849946897094214004 0.91133140291303338376 0.02013943128321269219 
0.00000000099999999999 0.08313942053844952662 0.91686057746155047443 0.00000000099999999999 
0.00000000099999999996 0.99999999699999997382 0.00000000099999999996 0.00000000099999999996 
0.00000000099999999994 0.99999999700000008485 0.00000000099999999994 0.00000000099999999994 
0.00000000099999999998 0.08666880096410506384 0.91333119703589482619 0.00000000099999999998 
0.00000000099999999993 0.00000000099999999993 0.00000000099999999993 0.99999999700000008485 
0.01911171824259962418 0.09701442498597910580 0.88387385577142119075 0.00000000099999999999 
0.00000000099999999994 0.99999999699999997382 0.00000000099999999994 0.00000000099999999994 
0.00000000100000000000 0.02274195627429981964 0.97697710759384859269 0.00028093513185156613 
0.00000000099999999998 0.06631082353768183446 0.93368917446231813884 0.00000000099999999998 
0.00000000099999999995 0.99999999699999997382 0.00000000099999999995 0.00000000099999999995 
0.00000000099999999995 0.00000000099999999995 0.00000000099999999995 0.99999999700000008485 
0.00000000099999999997 0.99999999699999997382 0.00000000099999999997 0.00000000099999999997 
0.00000000099999999999 0.03932841557627421436 0.96067158242372574506 0.00000000099999999999 
0.00630691815567020059 0.03549578091894603493 0.94186206512160375315 0.01633523580377999745 
0.00000000099999999997 0.04630181894650369639 0.95369817905349629772 0.00000000099999999997 
0.00000000099999999993 0.00000000099999999993 0.00000000099999999993 0.99999999700000008485 
0.01676829666543931674 0.05358043800553469183 0.85979595325064550604 0.06985531207838047152 
0.00000000099999999998 0.08061506695986549176 0.91938493104013452317 0.00000000099999999998 
0.00000000099999999996 0.00000000099999999996 0.99999999699999997382 0.00000000099999999996 
0.00000002322771116001 0.00887491796582191676 0.99112505780646686926 0.00000000099999999999 
0.00000000099999999999 0.82205801398812106129 0.14350346165152352840 0.03443852336035547329 
0.00000000099999999999 0.13250537484088284468 0.00000000099999999999 0.86749462315911718413 
0.00000038330887618002 0.01948026714964222472 0.94838573073564158555 0.03213361880584005709 
0.00000000099999999990 0.99999999700000008485 0.00000000099999999990 0.00000000099999999990 
0.00000000099999999999 0.99762991533391420784 0.00237008266608594934 0.00000000099999999999 
0.04992982088598864332 0.62539109526352065771 0.32467908285049068562 0.00000000100000000000 
0.00000000100000000000 0.36008653803666307303 0.18232957304421873457 0.45758388791911813742 
0.00000000099999999995 0.00000020593739473854 0.99999979206260514175 0.00000000099999999995 
0.07853198575010600369 0.11711878949590767696 0.38486845525013441138 0.41948076950385199124 
0.02734869033533863375 0.02529958495691818354 0.85346920988411467679 0.09388251482362863776 
0.00000000099999999999 0.00000000099999999999 0.99999999699999997382 0.00000000099999999999 
0.00000000099999999999 0.00000495709698819190 0.63389818228627303753 0.36609685961673887888 
0.00000000099999999999 0.34954923489358497024 0.62915003246324374686 0.02130073164317139445 
0.81814558377073942630 0.01890402884173871673 0.16294958595255112921 0.00000080143497067934 
0.17338254844140488231 0.00000000100000000000 0.15397445280923324762 0.67264299774936175957 
0.00000000099999999998 0.07007472082228172194 0.92992527717771833462 0.00000000099999999998 
0.00000000099999999995 0.99999999699999997382 0.00000000099999999995 0.00000000099999999995 
0.00000000099999999997 0.99999999700000008485 0.00000000099999999997 0.00000000099999999997 
0.00000000099999999994 0.99999999700000008485 0.00000000099999999994 0.00000000099999999994 
0.68069450792184249543 0.26612134309575297131 0.05318414798240431174 0.00000000099999999999 
0.00000000100000000000 0.02905901694800041082 0.97094097445270199920 0.00000000759929774316 
0.00000000099999999996 0.01145274208241014828 0.98854725591758974002 0.00000000099999999996 
0.00000000099999999998 0.94478135878996349906 0.05521863921003646730 0.00000000099999999998 
0.00000000099999999999 0.08875021231800964139 0.91124866406709925659 0.00000112261489107042 
0.00000000099999999994 0.99999999700000008485 0.00000000099999999994 0.00000000099999999994 
0.73604685260346081055 0.24045672034803761141 0.02349642604850155081 0.00000000099999999999 
0.00000000099999999995 0.99999999700000008485 0.00000000099999999995 0.00000000099999999995 
0.00000000099999999997 0.99999752307505440641 0.00000247492494572900 0.00000000099999999997 
0.71106812051889178861 0.26752467842085148053 0.02140720006025667935 0.00000000099999999999 
0.67461888076906484368 0.29693084289789417607 0.02845027533304088016 0.00000000099999999999 
0.00000000099999999998 0.00000000099999999998 0.99999999699999997382 0.00000000099999999998 
0.00000000099999999991 0.99999999699999997382 0.00000000099999999991 0.00000000099999999991 
0.00000016439241095142 0.04260698198521601504 0.95739285262237294738 0.00000000099999999999 
0.00000000099999999993 0.99999999700000008485 0.00000000099999999993 0.00000000099999999993 
