0.00000000099999999999 0.33099953867720344203 0.55460312293200697553 0.00058313579949914368 0.00000000099999999999 0.11381420059129040978 
0.00000000099999999998 0.00000000099999999998 0.00000013976843716236 0.00000000099999999998 0.02724367831588660888 0.97275617891567611739 
0.02320103805629841059 0.00482140622252568915 0.13810402401409296869 0.00000000099999999999 0.00007843544518502826 0.83379509526189787838 
0.00000000099999999998 0.00000000099999999998 0.06504902616449977082 0.00000000099999999998 0.00991824512094629032 0.92503272571455397166 
0.00000000099999999997 0.00000000099999999997 0.10426901627295488695 0.00000000099999999997 0.00000000099999999997 0.89573097972704507352 
0.00000000099999999996 0.00000000099999999996 0.00000000477058723794 0.00000000099999999996 0.00000000099999999996 0.99999999122941274354 
0.97180356405297108058 0.00000000099999999991 0.00000000099999999991 0.00000000099999999991 0.02819643194702909500 0.00000000099999999991 
0.00000000099999999990 0.00000000099999999990 0.99999999500000003039 0.00000000099999999990 0.00000000099999999990 0.00000000099999999990 
0.00000000099999999994 0.00000000099999999994 0.05645491401938311504 0.01668257196286038191 0.00000000099999999994 0.92686251101775640748 
0.99999999500000014141 0.00000000099999999991 0.00000000099999999991 0.00000000099999999991 0.00000000099999999991 0.00000000099999999991 
0.99999968144632522815 0.00000004052179707068 0.00000000099999999995 0.00000000099999999995 0.00000027503187771943 0.00000000099999999995 
0.99999999500000003039 0.00000000099999999995 0.00000000099999999995 0.00000000099999999995 0.00000000099999999995 0.00000000099999999995 
0.00000000099999999989 0.00000000099999999989 0.00000000099999999989 0.00000000099999999989 0.99999999499999991937 0.00000000099999999989 
0.55072810761630186516 0.16977044403699553810 0.00000280722145720099 0.00000000099999999999 0.15463273421329817858 0.12486590591194723920 
0.00000000099999999999 0.41157022397031772787 0.16588201139435318487 0.00000000099999999999 0.42254776163532897781 0.00000000099999999999 
0.99995387641497845976 0.00000000099999999992 0.00000000099999999992 0.00000000099999999992 0.00004611958502158288 0.00000000099999999992 
0.44841065204028862645 0.24026962902665677246 0.10376940911264899425 0.00000000099999999999 0.20501160958700878623 0.00253869923339673223 
0.00000000099999999999 0.23994743636200405179 0.52771302516851059661 0.00000000099999999999 0.18978077886728580981 0.04255875760219944570 
0.00000000099999999977 0.99999999500000014141 0.00000000099999999977 0.00000000099999999977 0.00000000099999999977 0.00000000099999999977 
0.00000618499278698115 0.49518453276902246740 0.00000000099999999998 0.00000000099999999998 0.50480927923819041148 0.00000000099999999998 
0.00000000099999999980 0.00000000099999999980 0.00000000099999999980 0.00000000099999999980 0.99999999499999991937 0.00000000099999999980 
0.97830782481079503476 0.00000000099999999994 0.00000000099999999994 0.00000000099999999994 0.02169217118920495693 0.00000000099999999994 
0.00000000099999999984 0.99999999500000003039 0.00000000099999999984 0.00000000099999999984 0.00000000099999999984 0.00000000099999999984 
0.00000000099999999998 0.00000000099999999998 0.10576563364941644896 0.00000000099999999998 0.05113978386326493292 0.84309457948731858501 
0.97406769374613599854 0.00000000099999999994 0.00000000099999999994 0.00000000099999999994 0.02593230225386412499 0.00000000099999999994 
0.99907718891435637332 0.00000000099999999995 0.00000000099999999995 0.00000000099999999995 0.00092280708564367823 0.00000000099999999995 
0.00000000099999999994 0.00000000099999999994 0.00000000099999999994 0.00000000099999999994 0.99999999500000003039 0.00000000099999999994 
0.00000000099999999999 0.00256907681590684469 0.01871306015034592332 0.00714347634124644706 0.02805641211116713385 0.94351797358133371318 
0.00000000099999999996 0.00000000099999999996 0.06460183085347472043 0.00000000099999999996 0.00000000099999999996 0.93539816514652518453 
0.99992315210641136147 0.00000000099999999999 0.00000012202530682590 0.00000000099999999999 0.00007672286828172381 0.00000000099999999999 
0.88285728324430678970 0.03369603504485470247 0.08338003420713389902 0.00006629228307198294 0.00000035422063265484 0.00000000100000000000 
0.93365338087248772592 0.01664392387508098134 0.00000000099999999997 0.01484517792722345533 0.03485751532520767887 0.00000000099999999997 
0.00052659068764405667 0.00000000099999999999 0.01654248046567373398 0.00000004675980075188 0.07022124696685816403 0.91270963412002326098 
0.00000000099999999983 0.00000000099999999983 0.00000000099999999983 0.99999999499999991937 0.00000000099999999983 0.00000000099999999983 
0.00000000099999999999 0.00000000099999999999 0.10571078111174722625 0.04270415182005045385 0.00607541805544910708 0.84550964701275321822 
0.99852813260380657301 0.00147186339619339744 0.00000000099999999996 0.00000000099999999996 0.00000000099999999996 0.00000000099999999996 
0.00000000099999999989 0.99999999500000003039 0.00000000099999999989 0.00000000099999999989 0.00000000099999999989 0.00000000099999999989 
0.00000000099999999973 0.00000000099999999973 0.00000000099999999973 0.99999999499999991937 0.00000000099999999973 0.00000000099999999973 
0.99999999500000003039 0.00000000099999999996 0.00000000099999999996 0.00000000099999999996 0.00000000099999999996 0.00000000099999999996 
0.99190374750953691496 0.00809624849046306286 0.00000000099999999993 0.00000000099999999993 0.00000000099999999993 0.00000000099999999993 
0.95877110132816567578 0.00000830654948664182 0.00000000099999999995 0.00000000099999999995 0.04122058912234778660 0.00000000099999999995 
0.00000000099999999992 0.00000000099999999992 0.99999999500000003039 0.00000000099999999992 0.00000000099999999992 0.00000000099999999992 
0.08590021846210180168 0.00000000100000000000 0.83508997150240871221 0.00487312773511713784 0.00121982996781029476 0.07291685133256201046 
0.00000000099999999993 0.00000000099999999993 0.00000000099999999993 0.00000000099999999993 0.99999999499999991937 0.00000000099999999993 
0.00000000099999999998 0.00000000099999999998 0.00815070091298425448 0.00000000099999999998 0.48427249719037890330 0.50757679889663687156 
0.00000000099999999991 0.00000000099999999991 0.99999999455736232612 0.00000000099999999991 0.00000000099999999991 0.00000000144263770154 
0.98099994740662754822 0.00000000099999999998 0.00000000099999999998 0.00849558020279228554 0.01050446939058029272 0.00000000099999999998 
0.00000000099999999990 0.00000000099999999990 0.99999999500000003039 0.00000000099999999990 0.00000000099999999990 0.00000000099999999990 
0.00000000099999999993 0.00000000099999999993 0.99999999500000003039 0.00000000099999999993 0.00000000099999999993 0.00000000099999999993 
0.00000000099999999991 0.00000000099999999991 0.99999999499999991937 0.00000000099999999991 0.00000000099999999991 0.00000000099999999991 
0.00000000099999999998 0.00000000099999999998 0.11370203673059721405 0.02734259527911030510 0.00000168632232492076 0.85895367966796765113 
0.00000000099999999986 0.00000000099999999986 0.99999999500000003039 0.00000000099999999986 0.00000000099999999986 0.00000000099999999986 
0.00000000099999999990 0.00000000099999999990 0.99340019852840000247 0.00000000099999999990 0.00000000099999999990 0.00659979747159994152 
0.51755249040095041568 0.00176658370117996561 0.00000000099999999995 0.00052522472012401828 0.48015569917774569841 0.00000000099999999995 
0.00000000206798851998 0.01205360106811641761 0.16629306900091556098 0.00000007993684011856 0.01896466488062019048 0.80268858304551915506 
0.00000000099999999998 0.00000000099999999998 0.59285811067808846797 0.00298466327925786794 0.00000000099999999998 0.40415722304265377929 
0.00000000099999999994 0.00000000099999999994 0.99992011314669471123 0.00000000099999999994 0.00000000099999999994 0.00007988285330529695 
0.00000000099999999997 0.00000000099999999997 0.00001300423186631138 0.00827771850321618041 0.00000000099999999997 0.99170927426491761736 
0.00000000099999999993 0.00000000099999999993 0.99744006250821992676 0.00000000099999999993 0.00000000099999999993 0.00255993349178013953 
0.00000000099999999994 0.00000000099999999994 0.00000000099999999994 0.00000000099999999994 0.00000000099999999994 0.99999999499999991937 
0.00000000099999999995 0.00000000099999999995 0.02718840891218789191 0.00000000099999999995 0.00000000099999999995 0.97281158708781212408 
0.00000000099999999996 0.00000000099999999996 0.95926063086443047467 0.00000000099999999996 0.00000000099999999996 0.04073936513556943029 
0.00000000099999999991 0.00000000099999999991 0.99999999500000003039 0.00000000099999999991 0.00000000099999999991 0.00000000099999999991 
0.07582840907267679453 0.92417097179956253505 0.00000061506588481846 0.00000000099999999999 0.00000000099999999999 0.00000000206187611413 
0.00000000099999999995 0.00000000099999999995 0.03134272055361765619 0.00000000099999999995 0.00000000099999999995 0.96865727544638224877 
0.00000000099999999998 0.00465727491402588567 0.97791294139838047528 0.01699403834905147126 0.00000000099999999998 0.00043574333854208677 
0.00000000099999999990 0.99999999500000003039 0.00000000099999999990 0.00000000099999999990 0.00000000099999999990 0.00000000099999999990 
0.99058573098878788254 0.00006400264056966941 0.00000000099999999997 0.00934806895278123863 0.00000219541786134146 0.00000000099999999997 
0.00000000099999999996 0.00000000099999999996 0.00000000099999999996 0.00000000099999999996 0.00000000099999999996 0.99999999500000003039 
0.00000000099999999994 0.99999999500000014141 0.00000000099999999994 0.00000000099999999994 0.00000000099999999994 0.00000000099999999994 
0.00000000099999999992 0.99857989029207205878 0.00000000099999999992 0.00000000099999999992 0.00142010570792788717 0.00000000099999999992 
0.02175381235177279229 0.97824618364822735206 0.00000000099999999996 0.00000000099999999996 0.00000000099999999996 0.00000000099999999996 
0.00000000099999999992 0.00000000099999999992 0.00000000099999999992 0.00000000099999999992 0.99999999500000003039 0.00000000099999999992 
0.00000000099999999995 0.37736185250946524539 0.00000000099999999995 0.00285141335567460014 0.61978673113486015822 0.00000000099999999995 
0.02306281153083305710 0.27478947414472348898 0.14036146573439831076 0.02538020960198778334 0.53623617961854863623 0.00016985936950872054 
0.00000000099999999993 0.00000000099999999993 0.00000000099999999993 0.00000000099999999993 0.99999999500000003039 0.00000000099999999993 
0.99999999500000014141 0.00000000099999999993 0.00000000099999999993 0.00000000099999999993 0.00000000099999999993 0.00000000099999999993 
0.00000000099999999989 0.99999999500000014141 0.00000000099999999989 0.00000000099999999989 0.00000000099999999989 0.00000000099999999989 
0.00000000099999999993 0.34103141735175307447 0.00000000099999999993 0.01761424617171111415 0.64135433347653580949 0.00000000099999999993 
0.00000000099999999994 0.37448835761278465029 0.00000000099999999994 0.02394417348752607769 0.60156746589968923544 0.00000000099999999994 
0.07280034355450500094 0.85260525859383684555 0.00000000099999999999 0.03716037930985465615 0.03743401654180347760 0.00000000099999999999 
0.16039097717794545406 0.07584399414522829952 0.00021088011868778978 0.00915921883761478331 0.55206531459658669814 0.20232961512393696224 
0.78988787124893966585 0.07074034351164144863 0.00291976971353671670 0.00261709986195184791 0.00001937924508483350 0.13381553641884541550 
0.00000000099999999993 0.00000000099999999993 0.00000000099999999993 0.00000000099999999993 0.99999999500000003039 0.00000000099999999993 
0.00001036394753412976 0.99068464454204951952 0.00000000099999999998 0.00930489706926574886 0.00000009244115052532 0.00000000099999999998 
0.99999999500000003039 0.00000000099999999992 0.00000000099999999992 0.00000000099999999992 0.00000000099999999992 0.00000000099999999992 
0.93052061690373399916 0.03529988969645860702 0.00000000099999999997 0.00000000099999999997 0.03417949039980749948 0.00000000099999999997 
0.00000000123080174414 0.00000000099999999992 0.00000000099999999992 0.00000000099999999992 0.99999999476919820829 0.00000000099999999992 
0.98395823455189701523 0.01200704484669361423 0.00000000099999999996 0.00000000099999999996 0.00403471760140935477 0.00000000099999999996 
0.00000000099999999995 0.36814227377428632160 0.00000000099999999995 0.00999223912663825715 0.62186548409907527191 0.00000000099999999995 
0.00000000099999999998 0.00000000099999999998 0.03923682907648633894 0.00000000099999999998 0.96076316692351371174 0.00000000099999999998 
0.06810267363335638369 0.93189732236664368781 0.00000000099999999993 0.00000000099999999993 0.00000000099999999993 0.00000000099999999993 
0.01244902131154155232 0.00000000099999999997 0.00000000099999999997 0.00000000099999999997 0.98755097468845853825 0.00000000099999999997 
0.93245901829833921504 0.04874325932542943746 0.00000000099999999996 0.00000000099999999996 0.01879771937623128664 0.00000000099999999996 
0.00000000099999999991 0.00000000099999999991 0.99999999500000003039 0.00000000099999999991 0.00000000099999999991 0.00000000099999999991 
0.00000000099999999982 0.00000000099999999982 0.99999999499999991937 0.00000000099999999982 0.00000000099999999982 0.00000000099999999982 
0.00000000099999999996 0.00000000099999999996 0.01494883178855065803 0.02952345077407945995 0.00000000099999999996 0.95552771443736983503 
0.00000000099999999995 0.00000000099999999995 0.02014095215615152937 0.00000010677909774582 0.00000000099999999995 0.97985893806475066192 
0.00064132131730392254 0.90787567117639678127 0.02488922472231566707 0.04919359922264623930 0.00902823962371296362 0.00837194393762446046 
0.00000000099999999997 0.00000000099999999997 0.05859929271632360187 0.00000000099999999997 0.08155574254519097621 0.85984496173848556921 
0.00000000099999999997 0.00000000099999999997 0.00000321980973238648 0.00000333265149619978 0.00000000099999999997 0.99999344453877148098 
0.01856270502106787193 0.85340882047923871667 0.12378641008300876603 0.00424206241668473663 0.00000000099999999999 0.00000000099999999999 
0.10422446169583131359 0.00000000099999999999 0.10030201500818075599 0.02097085418709778229 0.02385886133873235324 0.75064380677015773990 
0.00000000099999999988 0.00000000099999999988 0.99999999499999991937 0.00000000099999999988 0.00000000099999999988 0.00000000099999999988 
0.00008510654021964790 0.82430890182300931013 0.12589031527486518880 0.00000000099999999999 0.00001277480236082215 0.04970290055954498104 
0.89290612892507270626 0.08531401694711052142 0.00000000099999999993 0.00000000099999999993 0.02177985112781692656 0.00000000099999999993 
0.00000000099999999988 0.99999999500000003039 0.00000000099999999988 0.00000000099999999988 0.00000000099999999988 0.00000000099999999988 
0.00000000099999999990 0.00000000099999999990 0.00000000099999999990 0.00000000099999999990 0.99999999500000003039 0.00000000099999999990 
0.99940589986183536730 0.00000000099999999996 0.00000000099999999996 0.00000000099999999996 0.00059409613816458515 0.00000000099999999996 
0.00000000099999999996 0.00000000099999999996 0.00000184255410408162 0.00000000099999999996 0.00000000099999999996 0.99999815344589604305 
0.00000020261483229056 0.17023996909812993961 0.03958694209856117308 0.00004964359987927672 0.01012303565341405621 0.78000020693518323789 
0.00000000099999999998 0.00000000099999999998 0.03287519379380111906 0.00000000099999999998 0.00023292030532544322 0.96689188290087346722 
0.00000000099999999997 0.00000000099999999997 0.06950787794855867174 0.00000000099999999997 0.00000000099999999997 0.93049211805144138587 
0.00071996454526884312 0.00000000099999999999 0.05759239931127266982 0.00000000099999999999 0.00000002437334203177 0.94168760977011634061 
0.00000000099999999992 0.00000000099999999992 0.08198918409090993897 0.00000000099999999992 0.00000000099999999992 0.91801081190909017415 
0.96663972526305619315 0.02553121707787390712 0.00000000099999999996 0.00000000099999999996 0.00782905465906992906 0.00000000099999999996 
0.00000000099999999996 0.00000000099999999996 0.00000000099999999996 0.00000000099999999996 0.99999999499999991937 0.00000000099999999996 
0.98549415936837381214 0.01430113883748032264 0.00000000099999999995 0.00000000099999999995 0.00020469879414579549 0.00000000099999999995 
0.99999919991088748183 0.00000079608911260659 0.00000000099999999997 0.00000000099999999997 0.00000000099999999997 0.00000000099999999997 
0.00000000099999999989 0.00000000099999999989 0.00000000099999999989 0.00000000099999999989 0.99999999499999991937 0.00000000099999999989 
0.00000000099999999984 0.99999999500000014141 0.00000000099999999984 0.00000000099999999984 0.00000000099999999984 0.00000000099999999984 
0.00000000099999999990 0.99999999500000014141 0.00000000099999999990 0.00000000099999999990 0.00000000099999999990 0.00000000099999999990 
0.99999999500000003039 0.00000000099999999991 0.00000000099999999991 0.00000000099999999991 0.00000000099999999991 0.00000000099999999991 
0.99999999500000014141 0.00000000099999999993 0.00000000099999999993 0.00000000099999999993 0.00000000099999999993 0.00000000099999999993 
0.99999992738886334109 0.00000006861113670892 0.00000000099999999992 0.00000000099999999992 0.00000000099999999992 0.00000000099999999992 
0.00000000099999999991 0.99999999500000014141 0.00000000099999999991 0.00000000099999999991 0.00000000099999999991 0.00000000099999999991 
0.03870992641929475730 0.96129005015639001908 0.00000000099999999998 0.00000000503725397684 0.00000001638706122521 0.00000000099999999998 
0.99999999500000014141 0.00000000099999999993 0.00000000099999999993 0.00000000099999999993 0.00000000099999999993 0.00000000099999999993 
0.00000000099999999991 0.00000000099999999991 0.00000000099999999991 0.00000000099999999991 0.99999999499999991937 0.00000000099999999991 
0.87770834875599912372 0.03095519134333056185 0.00000000099999999999 0.03349200172016052884 0.05784445618050979704 0.00000000099999999999 
0.00000000099999999986 0.99999999500000003039 0.00000000099999999986 0.00000000099999999986 0.00000000099999999986 0.00000000099999999986 
0.99997670164222551836 0.00002329435777457538 0.00000000099999999992 0.00000000099999999992 0.00000000099999999992 0.00000000099999999992 
0.00000000099999999999 0.00000000099999999999 0.09428861491757303814 0.01194267939317622020 0.02945770953233918521 0.86431099415691148291 
0.00819688080837783356 0.83402118748719000774 0.00000000099999999996 0.00000312313268692799 0.15777880657174517265 0.00000000099999999996 
0.07447230102704330279 0.00000000099999999998 0.00052808716045187759 0.01554718777587387434 0.00000000099999999998 0.90945242203663101410 
0.00000000099999999986 0.99999999500000003039 0.00000000099999999986 0.00000000099999999986 0.00000000099999999986 0.00000000099999999986 
0.99980386282517297314 0.00000005924053712104 0.00000000099999999995 0.00000000099999999995 0.00019607493428989151 0.00000000099999999995 
0.99999999500000014141 0.00000000099999999991 0.00000000099999999991 0.00000000099999999991 0.00000000099999999991 0.00000000099999999991 
0.00000000099999999989 0.99999999500000014141 0.00000000099999999989 0.00000000099999999989 0.00000000099999999989 0.00000000099999999989 
0.99999999500000003039 0.00000000099999999992 0.00000000099999999992 0.00000000099999999992 0.00000000099999999992 0.00000000099999999992 
0.64358361580922751610 0.01340727218504287298 0.03429956847258154584 0.07034960169675603947 0.04513085301106740943 0.19322908882532466301 
0.00000000099999999991 0.99999999500000003039 0.00000000099999999991 0.00000000099999999991 0.00000000099999999991 0.00000000099999999991 
0.99921927559676870789 0.00076291424644256542 0.00001780715678885652 0.00000000099999999999 0.00000000099999999999 0.00000000099999999999 
0.00000000099999999996 0.00000000099999999996 0.85736424090533069897 0.00465741716275882515 0.00000000099999999996 0.13797833893191061017 
0.00000000099999999969 0.00000000099999999969 0.00000000099999999969 0.99999999500000003039 0.00000000099999999969 0.00000000099999999969 
0.00000000099999999993 0.00000000099999999993 0.00008948925146444629 0.00000000099999999993 0.00000000099999999993 0.99991050674853565461 
0.00000000099999999995 0.00000000099999999995 0.01188420005329047895 0.00000000099999999995 0.00000000099999999995 0.98811579594670961857 
0.00000000099999999997 0.00000000099999999997 0.00000031765212212844 0.00000000099999999997 0.00000000099999999997 0.99999967834787784060 
0.00000000099999999997 0.00000000099999999997 0.00361320956146194772 0.00000000099999999997 0.00000000280705698520 0.99638678463148111497 
0.00000000099999999998 0.01449010879746761259 0.02652795018787497752 0.00000000099999999998 0.00000000099999999998 0.95898193801465736463 
0.08036079532430145944 0.02051227368716559626 0.17709082643784673783 0.00578154663808547187 0.00000000100000000000 0.71625455691260075941 
0.00000000099999999994 0.00000000099999999994 0.00000000099999999994 0.00000000099999999994 0.00000000099999999994 0.99999999500000003039 
0.00000000099999999985 0.99999999500000014141 0.00000000099999999985 0.00000000099999999985 0.00000000099999999985 0.00000000099999999985 
0.00000000099999999998 0.00000000099999999998 0.04194146764450986525 0.01618739620838154439 0.00000000099999999998 0.94187113314710857459 
0.00000000099999999970 0.00000000099999999970 0.00000000099999999970 0.99999999499999991937 0.00000000099999999970 0.00000000099999999970 
0.00000000099999999997 0.00000000099999999997 0.03761798918443931550 0.00000000099999999997 0.00000000099999999997 0.96238200681556085314 
0.00000000099999999990 0.00000000099999999990 0.99999999199005495942 0.00000000099999999990 0.00000000099999999990 0.00000000400994500005 
0.99999999500000003039 0.00000000099999999992 0.00000000099999999992 0.00000000099999999992 0.00000000099999999992 0.00000000099999999992 
0.00000000099999999987 0.00000000099999999987 0.99999999500000003039 0.00000000099999999987 0.00000000099999999987 0.00000000099999999987 
0.00000000099999999990 0.00000000099999999990 0.99999998752723473494 0.00000000099999999990 0.00000000099999999990 0.00000000847276521448 
0.00983754445687324078 0.00000000390437356587 0.05646526267696206497 0.00573752307226541546 0.01382618645394502813 0.91413347943558076469 
0.00000000099999999997 0.00000000099999999997 0.07706659129031348532 0.00000000099999999997 0.02663398637076194037 0.89629941933892443018 
0.00000000099999999993 0.00000000099999999993 0.99999999500000003039 0.00000000099999999993 0.00000000099999999993 0.00000000099999999993 
0.00000000099999999990 0.00000000099999999990 0.99999999499999991937 0.00000000099999999990 0.00000000099999999990 0.00000000099999999990 
0.00000000099999999998 0.00000000099999999998 0.08261774181995552857 0.00000350528251444849 0.00000022576532813287 0.91737852513220186079 
0.99999999500000014141 0.00000000099999999992 0.00000000099999999992 0.00000000099999999992 0.00000000099999999992 0.00000000099999999992 
0.00000000100000000000 0.01698195384300663080 0.08939871572083694928 0.01028091209034651815 0.00001419462990182998 0.88332422271590815832 
0.00000000099999999989 0.00000000099999999989 0.99999999500000003039 0.00000000099999999989 0.00000000099999999989 0.00000000099999999989 
0.00000000099999999999 0.00000000099999999999 0.02990835075287715319 0.00025614154646997679 0.03234851912804467822 0.93748698657260809419 
0.00000000099999999997 0.00000000099999999997 0.05825171423534468429 0.00000000099999999997 0.00000000099999999997 0.94174828176465541496 
0.00000000099999999991 0.00000000099999999991 0.99999999500000003039 0.00000000099999999991 0.00000000099999999991 0.00000000099999999991 
0.99999999500000014141 0.00000000099999999992 0.00000000099999999992 0.00000000099999999992 0.00000000099999999992 0.00000000099999999992 
0.00000000099999999995 0.00000000099999999995 0.99999999499999991937 0.00000000099999999995 0.00000000099999999995 0.00000000099999999995 
0.00000000126020987884 0.00407428867002945002 0.02673658894805801614 0.00000000099999999999 0.00000000099999999999 0.96918911912170269130 
0.00000000100000000000 0.00070951810092239763 0.02594859975633800886 0.00000000100000000000 0.04067222310554233916 0.93266965703719717506 
0.00000000099999999996 0.00000000099999999996 0.04502812591385647878 0.00000000099999999996 0.00532231837971911155 0.94964955270642426033 
0.99999999500000014141 0.00000000099999999991 0.00000000099999999991 0.00000000099999999991 0.00000000099999999991 0.00000000099999999991 
0.00000000099999999998 0.00000000099999999998 0.05836588212019905991 0.00000000099999999998 0.14145690215335843254 0.80017721272644248831 
0.00000000099999999998 0.00000000099999999998 0.07356171888711744711 0.00921360470017954306 0.00096526535639249698 0.91625940905631053646 
0.00000000099999999994 0.00000000099999999994 0.00000000099999999994 0.00000000099999999994 0.00000000099999999994 0.99999999499999991937 
0.00000000099999999999 0.00000000099999999999 0.00153401992693337182 0.02105029843267620590 0.00000000161266093152 0.97741567802772955087 
0.02156798075111277316 0.00000000099999999999 0.82314494303293550548 0.00000000099999999999 0.01721837522556203884 0.13806869899038978766 
0.86558689663689447613 0.00000000099999999999 0.13441274572147082766 0.00000000099999999999 0.00000000099999999999 0.00000035464163478740 
0.00000000099999999999 0.00000000099999999999 0.01568724566835065157 0.00000000099999999999 0.06895347616150981906 0.91535927517013959687 
0.00000000099999999984 0.00000000099999999984 0.99999999500000003039 0.00000000099999999984 0.00000000099999999984 0.00000000099999999984 
0.00000000099999999998 0.00000000099999999998 0.99806829565541788085 0.00000000099999999998 0.00000000099999999998 0.00193170034458203387 
0.00000000099999999999 0.05293217663467061213 0.62843552503901611850 0.00000000099999999999 0.00000029923857428361 0.31863199708773898289 
0.39567646395904443324 0.00000000099999999999 0.35541421218796642734 0.00000300552813220741 0.06958799251301574229 0.17931832481184092898 
0.00000000099999999992 0.00000000099999999992 0.00000000730525040717 0.00000000099999999992 0.00000000099999999992 0.99999998869474959751 
0.41175533979894313186 0.06118532791601578869 0.09252188395182564529 0.02620950311090337881 0.00047732101237978535 0.40785062420993234422 
0.00000000099999999998 0.00000000099999999998 0.01735076781137245491 0.00000003228934165845 0.20750118897627564674 0.77514800892301038981 
0.00000000099999999999 0.00000000099999999999 0.00000000099999999999 0.00000000099999999999 0.00001252274246948175 0.99998747325753056803 
0.35633602510644774020 0.00000000099999999999 0.00000186980548184501 0.00000000099999999999 0.00419092205225385199 0.63947118103581657156 
0.02116067088740507945 0.00000000099999999999 0.34640530895604043637 0.00000000099999999999 0.00000000099999999999 0.63243401715655434003 
0.00000000099999999999 0.80907458244568319916 0.00800167600551382301 0.00000000099999999999 0.00000000099999999999 0.18292373854880306094 
0.00000000099999999989 0.00000000099999999989 0.00000000099999999989 0.00000000099999999989 0.99999999499999991937 0.00000000099999999989 
0.00000000099999999998 0.00000000099999999998 0.06161871463001240834 0.00000000650420975784 0.00004512217552145372 0.93833615469025644096 
0.00000000099999999991 0.00000000099999999991 0.99999999500000003039 0.00000000099999999991 0.00000000099999999991 0.00000000099999999991 
0.00000000099999999994 0.00000000099999999994 0.99999999500000003039 0.00000000099999999994 0.00000000099999999994 0.00000000099999999994 
0.00000000099999999991 0.00000000099999999991 0.99999999499999991937 0.00000000099999999991 0.00000000099999999991 0.00000000099999999991 
0.00000000099999999989 0.00000000099999999989 0.00000000099999999989 0.99999999500000003039 0.00000000099999999989 0.00000000099999999989 
0.00000027499013536526 0.00000001248677633223 0.02569462421302401087 0.00000000100000000000 0.00649759295564769374 0.96780749435441648654 
0.00000000099999999994 0.00000000099999999994 0.00842975699243584189 0.00000000099999999994 0.00000000099999999994 0.99157023900756413592 
0.00000000099999999996 0.00000000099999999996 0.93476926820780292804 0.01601512204485562932 0.00000000099999999996 0.04921560674734143381 
0.00000000099999999998 0.00000000099999999998 0.08270048348752652434 0.00000837562341389566 0.01399842545316464480 0.90329271343589490062 
0.00000000099999999990 0.00000000099999999990 0.99999999499999991937 0.00000000099999999990 0.00000000099999999990 0.00000000099999999990 
0.00000000099999999969 0.00000000099999999969 0.00000000099999999969 0.99999999500000003039 0.00000000099999999969 0.00000000099999999969 
0.00000000099999999992 0.00000000099999999992 0.99999999324308730397 0.00000000099999999992 0.00000000099999999992 0.00000000275691275918 
0.00000000099999999994 0.00000000099999999994 0.99966168253988452186 0.00000000099999999994 0.00000000099999999994 0.00033831346011547423 
0.00000000099999999969 0.00000000099999999969 0.00000000099999999969 0.99999999499999991937 0.00000000099999999969 0.00000000099999999969 
0.00000000099999999983 0.00000000099999999983 0.00000000099999999983 0.99999999499999991937 0.00000000099999999983 0.00000000099999999983 
0.00000000099999999998 0.00000000099999999998 0.00000000099999999998 0.00943056480168950710 0.00129133533483420291 0.98927809686347623064 
0.00000000099999999985 0.00000000099999999985 0.99999999499999991937 0.00000000099999999985 0.00000000099999999985 0.00000000099999999985 
0.00000000099999999998 0.00000000099999999998 0.03696951297305454270 0.02490840544042235982 0.01154241511558556227 0.92657966447093742524 
0.00000000099999999989 0.00000000099999999989 0.99999999500000003039 0.00000000099999999989 0.00000000099999999989 0.00000000099999999989 
