0.33125590937578247575 0.55740219626589027069 0.00000000099999999999 0.00037012053282446699 0.00000000099999999999 0.11097177082550270522 0.00000000099999999999 
0.00000000099999999997 0.00000000099999999997 0.00000000099999999997 0.00000000099999999997 0.00000000099999999997 0.96864375969417404466 0.03135623530582592328 
0.00208122271491739414 0.13872491457826227612 0.00000000099999999998 0.00000000099999999998 0.01870319553391379050 0.82714193045996531328 0.01334873471294131635 
0.00000000099999999997 0.06743410175627817527 0.01821555162664703284 0.00000000099999999997 0.00000000099999999997 0.91435034038424223279 0.00000000323283253657 
0.00000000099999999997 0.10410854925935876525 0.00000000099999999997 0.00000000099999999997 0.00000000099999999997 0.89589143307369545344 0.00000001366694570512 
0.00000000099999999996 0.00000000099999999996 0.00000000099999999996 0.00000000099999999996 0.00000000099999999996 0.99999999400000005867 0.00000000099999999996 
0.00000000099999999990 0.00000000099999999990 0.00000000099999999990 0.00000000099999999990 0.95843806882645654621 0.00000000099999999990 0.04156192617354351887 
0.00000000099999999988 0.99999999400000005867 0.00000000099999999988 0.00000000099999999988 0.00000000099999999988 0.00000000099999999988 0.00000000099999999988 
0.00000000099999999993 0.05473672305540722843 0.00000000099999999993 0.01749807950079695570 0.00000000099999999993 0.92776519344379571042 0.00000000099999999993 
0.00000000099999999991 0.00000000099999999991 0.00000000099999999991 0.00000000099999999991 0.99999999400000005867 0.00000000099999999991 0.00000000099999999991 
0.00000000099999999994 0.00000000099999999994 0.00000000099999999994 0.00000000099999999994 0.99493740339403635708 0.00000000099999999994 0.00506259160596359611 
0.00000000099999999995 0.00000000099999999995 0.00624850061329971715 0.00000000099999999995 0.99375149438670029589 0.00000000099999999995 0.00000000099999999995 
0.00000000099999999984 0.00000000099999999984 0.00000000099999999984 0.00000000099999999984 0.00000000099999999984 0.00000000099999999984 0.99999999399999994765 
0.12596940137560497242 0.00033619065760223199 0.19090898942659939586 0.00000000099999999999 0.55852550071561690714 0.12425991582457632245 0.00000000099999999999 
0.24450963767564970475 0.15606474392278110730 0.59942561440156916230 0.00000000099999999998 0.00000000099999999998 0.00000000099999999998 0.00000000099999999998 
0.00000000099999999992 0.00000000099999999992 0.00007204851577768705 0.00000000099999999992 0.99992794648422234083 0.00000000099999999992 0.00000000099999999992 
0.16466200116944668119 0.10467249486807482517 0.28673086842121442430 0.00000000099999999998 0.44388760104409008544 0.00004703249717385752 0.00000000099999999998 
0.15906873652505904015 0.55410281570031416631 0.28238346404075781448 0.00000000099999999998 0.00000000099999999998 0.00444498073386889389 0.00000000099999999998 
0.99999999400000016969 0.00000000099999999976 0.00000000099999999976 0.00000000099999999976 0.00000000099999999976 0.00000000099999999976 0.00000000099999999976 
0.31753562471008955903 0.00000000099999999994 0.68246437028991047136 0.00000000099999999994 0.00000000099999999994 0.00000000099999999994 0.00000000099999999994 
0.00000000099999999971 0.00000000099999999971 0.99999999400000005867 0.00000000099999999971 0.00000000099999999971 0.00000000099999999971 0.00000000099999999971 
0.00000000099999999994 0.00000000099999999994 0.00000012038806799051 0.00000000099999999994 0.97147032569158286996 0.00000000099999999994 0.02852954992034907253 
0.99999999400000005867 0.00000000099999999983 0.00000000099999999983 0.00000000099999999983 0.00000000099999999983 0.00000000099999999983 0.00000000099999999983 
0.00000000099999999996 0.10326863194519045330 0.00000000099999999996 0.00000000099999999996 0.00000000099999999996 0.83415878454205005799 0.06257257951275946306 
0.00000000099999999994 0.00000000099999999994 0.00000000099999999994 0.00000000099999999994 0.96523012071844238591 0.00000000099999999994 0.03476987428155767224 
0.00000000099999999994 0.00000000099999999994 0.02319303892980642545 0.00000000099999999994 0.97680695607019352167 0.00000000099999999994 0.00000000099999999994 
0.00000000099999999989 0.00000000099999999989 0.00000000099999999989 0.00000000099999999989 0.00000000099999999989 0.00000000099999999989 0.99999999399999994765 
0.00000000099999999999 0.01666133501766601036 0.03884663470436573035 0.00000020614423198123 0.00000000099999999999 0.94449157216318802011 0.00000024997054828347 
0.00000000099999999995 0.06358321111541292980 0.00000000099999999995 0.00000000099999999995 0.00000000099999999995 0.93641678388458704507 0.00000000099999999995 
0.00000000099999999999 0.00000000099999999999 0.00058793229414498571 0.00000000099999999999 0.99940425894194306888 0.00000000099999999999 0.00000780476391191373 
0.03367495809221227737 0.08338631077334147934 0.00000036825198962281 0.00001000727967105189 0.88292832905550544531 0.00000000100000000000 0.00000002554728025698 
0.00001495978289425276 0.00000000099999999997 0.06158544709303757914 0.01214886529033212641 0.92625072483373593890 0.00000000099999999997 0.00000000099999999997 
0.00000000099999999998 0.01394407791057287321 0.00000000099999999998 0.00000000099999999998 0.00000000188035650859 0.90776267908923102823 0.07829323811983947279 
0.00000000099999999980 0.00000000099999999980 0.00000000099999999980 0.99999999400000005867 0.00000000099999999980 0.00000000099999999980 0.00000000099999999980 
0.00000000099999999999 0.10421307542642992139 0.00000158105596146668 0.04316753209996954804 0.00000000099999999999 0.84694207257047371407 0.00567573684716539146 
0.00086573516847775157 0.00000000099999999996 0.00006034356096229230 0.00000000099999999996 0.99907391727056005237 0.00000000099999999996 0.00000000099999999996 
0.99999999400000016969 0.00000000099999999987 0.00000000099999999987 0.00000000099999999987 0.00000000099999999987 0.00000000099999999987 0.00000000099999999987 
0.00000000099999999968 0.00000000099999999968 0.00000000099999999968 0.99999999399999994765 0.00000000099999999968 0.00000000099999999968 0.00000000099999999968 
0.00000000099999999996 0.00000000099999999996 0.00000000196173017073 0.00000000099999999996 0.99999999303826991870 0.00000000099999999996 0.00000000099999999996 
0.01056468091129973176 0.00000000099999999992 0.00000000099999999992 0.00000000099999999992 0.98943531408870022403 0.00000000099999999992 0.00000000099999999992 
0.00000000099999999994 0.00000000099999999994 0.05390093974741683863 0.00000000099999999994 0.94609905525258330972 0.00000000099999999994 0.00000000099999999994 
0.00000000099999999991 0.99999999400000016969 0.00000000099999999991 0.00000000099999999991 0.00000000099999999991 0.00000000099999999991 0.00000000099999999991 
0.00000000100000000000 0.83496466208230146755 0.00000000100000000000 0.00461561593874698292 0.08544136018871767435 0.07263416078092836681 0.00234419900930568073 
0.00000000099999999988 0.00000000099999999988 0.00000000099999999988 0.00000000099999999988 0.00000000099999999988 0.00000000099999999988 0.99999999399999994765 
0.00000000099999999997 0.00719665458514027676 0.00428221485060225043 0.00000000099999999997 0.00000000099999999997 0.50169825613256613384 0.48682287143169145072 
0.00000000099999999988 0.99999999400000016969 0.00000000099999999988 0.00000000099999999988 0.00000000099999999988 0.00000000099999999988 0.00000000099999999988 
0.00000000099999999998 0.00000000099999999998 0.00000000099999999998 0.00886574505927725451 0.97448535351659637538 0.00000000099999999998 0.01664889742412621262 
0.00000000099999999988 0.99999999400000005867 0.00000000099999999988 0.00000000099999999988 0.00000000099999999988 0.00000000099999999988 0.00000000099999999988 
0.00000000099999999991 0.99999999400000016969 0.00000000099999999991 0.00000000099999999991 0.00000000099999999991 0.00000000099999999991 0.00000000099999999991 
0.00000000099999999989 0.99999999400000005867 0.00000000099999999989 0.00000000099999999989 0.00000000099999999989 0.00000000099999999989 0.00000000099999999989 
0.00000000099999999998 0.11149352960989911132 0.00000000099999999998 0.02881857969160114483 0.00000000099999999998 0.85968788603491874678 0.00000000166358101928 
0.00000000099999999983 0.99999999400000016969 0.00000000099999999983 0.00000000099999999983 0.00000000099999999983 0.00000000099999999983 0.00000000099999999983 
0.00000000099999999988 0.99299064508117540484 0.00000000099999999988 0.00000000099999999988 0.00000000099999999988 0.00700934991882470881 0.00000000099999999988 
0.00000000099999999994 0.00000000099999999994 0.10673250656400370961 0.00000000099999999994 0.49728572421305933249 0.00000000099999999994 0.39598176522293709878 
0.00116325464237963935 0.16776709268995362856 0.03372159269750951011 0.00000000100000000000 0.00000000100000000000 0.79734766633264708702 0.00000039163751010199 
0.00000000099999999998 0.59228028410931676806 0.00000000099999999998 0.00305899233337020553 0.00000000099999999998 0.40466071955731314214 0.00000000099999999998 
0.00000000099999999994 0.99999989197692806808 0.00000000099999999994 0.00000000099999999994 0.00000000099999999994 0.00000009919458180082 0.00000000482849035954 
0.00000000099999999996 0.00000004795966334514 0.00000000099999999996 0.00954891148641263780 0.00000000099999999996 0.99045103655392396913 0.00000000099999999996 
0.00000000099999999991 0.99813388509249334479 0.00000000099999999991 0.00000000099999999991 0.00000000099999999991 0.00186610990750662510 0.00000000099999999991 
0.00000000099999999993 0.00000000099999999993 0.00000000099999999993 0.00000000099999999993 0.00000000099999999993 0.99999999400000005867 0.00000000099999999993 
0.00000000099999999994 0.02536726962287251183 0.00000000099999999994 0.00000000099999999994 0.00000000099999999994 0.97463272537712741794 0.00000000099999999994 
0.00000000099999999995 0.95924503017214812761 0.00000000099999999995 0.00000000099999999995 0.00000000099999999995 0.04075496482785193053 0.00000000099999999995 
0.00000000099999999989 0.99999999400000005867 0.00000000099999999989 0.00000000099999999989 0.00000000099999999989 0.00000000099999999989 0.00000000099999999989 
0.92718140868362386442 0.00000000099999999998 0.00000000099999999998 0.00000000099999999998 0.07281858631637617985 0.00000000099999999998 0.00000000099999999998 
0.00000000099999999994 0.02921422561420431233 0.00000000099999999994 0.00000000099999999994 0.00000000099999999994 0.97078576938579574929 0.00000000099999999994 
0.00002336674578234781 0.98002000492142715693 0.00000000099999999998 0.01992416705741130098 0.00000000099999999998 0.00003245827537925431 0.00000000099999999998 
0.99999999400000016969 0.00000000099999999988 0.00000000099999999988 0.00000000099999999988 0.00000000099999999988 0.00000000099999999988 0.00000000099999999988 
0.00004163096271902889 0.00000000099999999997 0.00000000099999999997 0.01057648655886167521 0.98786803465905581589 0.00000000099999999997 0.00151384481936354368 
0.00000000099999999996 0.00000000099999999996 0.00000000099999999996 0.00000000099999999996 0.00000000099999999996 0.99999999400000005867 0.00000000099999999996 
0.99999944646028293693 0.00000000099999999994 0.00000054853971709678 0.00000000099999999994 0.00000000099999999994 0.00000000099999999994 0.00000000099999999994 
0.98660294008075666294 0.00000000099999999991 0.00000000099999999991 0.00000000099999999991 0.00000000099999999991 0.00000000099999999991 0.01339705491924337612 
0.98156316863769466075 0.00000000099999999996 0.00000000099999999996 0.00000000099999999996 0.01843682636230535923 0.00000000099999999996 0.00000000099999999996 
0.00000000099999999987 0.00000000099999999987 0.00000000099999999987 0.00000000099999999987 0.00000000099999999987 0.00000000099999999987 0.99999999399999994765 
0.04080249013170210437 0.00000000099999999989 0.95919750486829802316 0.00000000099999999989 0.00000000099999999989 0.00000000099999999989 0.00000000099999999989 
0.15689469240931153138 0.13703755424422281450 0.50638280413283598413 0.01825985449298620986 0.00098472678615164964 0.00000002293351466261 0.18044034500097710927 
0.00000000099999999991 0.00000000099999999991 0.00000000099999999991 0.00000000099999999991 0.00000000099999999991 0.00000000099999999991 0.99999999399999994765 
0.00000000099999999992 0.00000000099999999992 0.00000000099999999992 0.00000000099999999992 0.99999999399999994765 0.00000000099999999992 0.00000000099999999992 
0.99999999400000005867 0.00000000099999999988 0.00000000099999999988 0.00000000099999999988 0.00000000099999999988 0.00000000099999999988 0.00000000099999999988 
0.00000000099999999980 0.00000000099999999980 0.99999999400000005867 0.00000000099999999980 0.00000000099999999980 0.00000000099999999980 0.00000000099999999980 
0.00000000099999999983 0.00000000099999999983 0.99999999400000005867 0.00000000099999999983 0.00000000099999999983 0.00000000099999999983 0.00000000099999999983 
0.84768152739208180169 0.00000000099999999999 0.00001165379990181662 0.03885166031387357610 0.06824654275845973284 0.00000000099999999999 0.04520861373568316882 
0.04637924015613920786 0.00000000100000000000 0.15157519201761060490 0.00295907914995991502 0.15744719798711032110 0.20138251257291303609 0.44025677711626698407 
0.06138159178732644633 0.00254693057403658930 0.02281563437840040259 0.00246843007392429656 0.77960957163608490816 0.13117784055022732592 0.00000000100000000000 
0.00000000099999999989 0.00000000099999999989 0.00000000099999999989 0.00000000099999999989 0.00000000099999999989 0.00000000099999999989 0.99999999400000005867 
0.94904088787218066070 0.00000000099999999996 0.04826968568956432892 0.00268942243825502853 0.00000000099999999996 0.00000000099999999996 0.00000000099999999996 
0.00000000099999999991 0.00000000099999999991 0.00000000099999999991 0.00000000099999999991 0.99999999399999994765 0.00000000099999999991 0.00000000099999999991 
0.02165454359034810553 0.00000000099999999997 0.05219740471518734271 0.00000000099999999997 0.92316277919078293390 0.00000000099999999997 0.00298526950368176690 
0.00000000099999999987 0.00000000099999999987 0.00000000099999999987 0.00000000099999999987 0.00000000099999999987 0.00000000099999999987 0.99999999399999994765 
0.00947077150377058537 0.00000000099999999995 0.00000000099999999995 0.00000000099999999995 0.95365455562419809699 0.00000000099999999995 0.03687466887203138394 
0.00000000099999999982 0.00000000099999999982 0.99999999399999994765 0.00000000099999999982 0.00000000099999999982 0.00000000099999999982 0.00000000099999999982 
0.00000000099999999995 0.00000000099999999995 0.00000000099999999995 0.00000000099999999995 0.00000000099999999995 0.00000000099999999995 0.99999999400000005867 
0.93491201773483978421 0.00000000099999999993 0.00000316481922987006 0.00000000099999999993 0.06508481344593036733 0.00000000099999999993 0.00000000099999999993 
0.00000000099999999994 0.00000000099999999994 0.00000000099999999994 0.00000000099999999994 0.00000000099999999994 0.00000000099999999994 0.99999999399999994765 
0.04113592871086239194 0.00000000099999999996 0.02508512968781359542 0.00000000099999999996 0.93158731050225274117 0.00000000099999999996 0.00219162809907144478 
0.00000000099999999989 0.99999999400000005867 0.00000000099999999989 0.00000000099999999989 0.00000000099999999989 0.00000000099999999989 0.00000000099999999989 
0.00000000099999999979 0.99999999400000005867 0.00000000099999999979 0.00000000099999999979 0.00000000099999999979 0.00000000099999999979 0.00000000099999999979 
0.00000000099999999995 0.01462397492584085155 0.00000000099999999995 0.03063094023076675179 0.00000000099999999995 0.95474508084339237968 0.00000000099999999995 
0.00000000099999999994 0.01821537278076078639 0.00000000099999999994 0.00000000307711146045 0.00000000099999999994 0.98178462014212763975 0.00000000099999999994 
0.90610976343401161692 0.03070141847019254577 0.00003974504011855169 0.05100383384608318110 0.00000000100000000000 0.00000007913588346350 0.01214515907371053680 
0.00000000099999999995 0.05707545267780938375 0.00000000099999999995 0.00000000099999999995 0.00000000099999999995 0.84594452783245266403 0.09698001548973805841 
0.00000000099999999996 0.00000002297434648495 0.00000000099999999996 0.00000021552277329713 0.00000000099999999996 0.99999975750288028209 0.00000000099999999996 
0.85487028617048821388 0.12187114691158802693 0.00000000099999999999 0.00763287005632999355 0.01562526804399828884 0.00000000099999999999 0.00000042681759554478 
0.00000000099999999999 0.09996888564633273078 0.00000000099999999999 0.02124516952294058791 0.10243190786657495328 0.74691970276416963515 0.02943433219998209394 
0.00000000099999999985 0.99999999400000016969 0.00000000099999999985 0.00000000099999999985 0.00000000099999999985 0.00000000099999999985 0.00000000099999999985 
0.82573532701502805331 0.12601654175515769607 0.00006500119745067722 0.00000000099999999999 0.00001290966195748371 0.04816971012051684403 0.00000050924988927563 
0.08368776378566548935 0.00000000099999999993 0.00865204804614551522 0.00000000099999999993 0.89196268066815187492 0.00000000099999999993 0.01569750450003716546 
0.99999999400000005867 0.00000000099999999987 0.00000000099999999987 0.00000000099999999987 0.00000000099999999987 0.00000000099999999987 0.00000000099999999987 
0.00000000099999999990 0.00000000099999999990 0.19349126188660273340 0.00000000099999999990 0.00000000099999999990 0.00000000099999999990 0.80650873311339732474 
0.00000000099999999996 0.00000000099999999996 0.00000000099999999996 0.00000000099999999996 0.99259984903631182096 0.00000000099999999996 0.00740014596368822070 
0.00000000099999999996 0.00000001010819746672 0.00000000099999999996 0.00000000099999999996 0.00000000099999999996 0.99999998489180252914 0.00000000099999999996 
0.16456493418138515294 0.03572726092753682886 0.01805495612286986407 0.00000047731569139555 0.00000000209040239678 0.78164616871837844236 0.00000620064373595630 
0.00000000099999999997 0.03396429485015681204 0.00798497148133513364 0.00000000099999999997 0.00000000099999999997 0.95805072966850801652 0.00000000099999999997 
0.00000000099999999996 0.06747977706218183380 0.00000000099999999996 0.00000000099999999996 0.00000000099999999996 0.93252021793781803005 0.00000000099999999996 
0.00000000099999999999 0.05576467579144597092 0.00000000099999999999 0.00000000099999999999 0.00000278955144375158 0.94423252639681221066 0.00000000526029805967 
0.00000000099999999990 0.08134804617928571846 0.00000000099999999990 0.00000000099999999990 0.00000000099999999990 0.91865194882071432581 0.00000000099999999990 
0.00000064338106916073 0.00000000099999999995 0.05762631690653418487 0.00000000099999999995 0.94237303571239661171 0.00000000099999999995 0.00000000099999999995 
0.00000000099999999993 0.00000000099999999993 0.00000000099999999993 0.00000000099999999993 0.00000000099999999993 0.00000000099999999993 0.99999999399999994765 
0.01460663008102261462 0.00000000099999999994 0.00000000099999999994 0.00000000099999999994 0.96489898099300819290 0.00000000099999999994 0.02049438492596923969 
0.00000000099999999997 0.00000000099999999997 0.00000000099999999997 0.00000000099999999997 0.99999999399999994765 0.00000000099999999997 0.00000000099999999997 
0.00000000099999999985 0.00000000099999999985 0.00000000099999999985 0.00000000099999999985 0.00000000099999999985 0.00000000099999999985 0.99999999399999994765 
0.99999999400000005867 0.00000000099999999982 0.00000000099999999982 0.00000000099999999982 0.00000000099999999982 0.00000000099999999982 0.00000000099999999982 
0.99999999400000016969 0.00000000099999999990 0.00000000099999999990 0.00000000099999999990 0.00000000099999999990 0.00000000099999999990 0.00000000099999999990 
0.00000000099999999990 0.00000000099999999990 0.00000000099999999990 0.00000000099999999990 0.99999999399999994765 0.00000000099999999990 0.00000000099999999990 
0.00000000099999999993 0.00000000099999999993 0.00000074957655462659 0.00000000099999999993 0.99999924542344542644 0.00000000099999999993 0.00000000099999999993 
0.00000001102377241686 0.00000000099999999992 0.00000000099999999992 0.00000000099999999992 0.99999998397622757995 0.00000000099999999992 0.00000000099999999992 
0.99999999400000016969 0.00000000099999999990 0.00000000099999999990 0.00000000099999999990 0.00000000099999999990 0.00000000099999999990 0.00000000099999999990 
0.96298580715275527986 0.00000000099999999997 0.00000000099999999997 0.00000000099999999997 0.03701416479591484315 0.00000000099999999997 0.00000002405133010916 
0.00000000099999999992 0.00000000099999999992 0.00000000099999999992 0.00000000099999999992 0.99999990559591389605 0.00000000099999999992 0.00000008940408609819 
0.00000000099999999987 0.00000000099999999987 0.00000000099999999987 0.00000000099999999987 0.00000000099999999987 0.00000000099999999987 0.99999999400000005867 
0.02830988175472272730 0.00000000099999999999 0.01269663351470788452 0.03274322465370220481 0.87251546695656934105 0.00000000099999999999 0.05373479112029797694 
0.99999999400000005867 0.00000000099999999985 0.00000000099999999985 0.00000000099999999985 0.00000000099999999985 0.00000000099999999985 0.00000000099999999985 
0.00000083623223810516 0.00000000099999999992 0.00000000389433698853 0.00000000099999999992 0.99999915587342502743 0.00000000099999999992 0.00000000099999999992 
0.00000000099999999999 0.09354480581637840408 0.00390300224916851962 0.01247247605844689806 0.00000000099999999999 0.86107063257484739438 0.02900908130115878100 
0.81314458776106690596 0.00000000099999999995 0.05726458513353660518 0.00000000099999999995 0.01158407443307663508 0.00000000099999999995 0.11800674967231974954 
0.00000000099999999997 0.00001098571476946179 0.00000000099999999997 0.01575520798318382626 0.07567161466504707112 0.90856218863699966803 0.00000000099999999997 
0.99999999400000016969 0.00000000099999999984 0.00000000099999999984 0.00000000099999999984 0.00000000099999999984 0.00000000099999999984 0.00000000099999999984 
0.00000000099999999995 0.00000000099999999995 0.00000000099999999995 0.00000000099999999995 0.99794378977230713268 0.00000000099999999995 0.00205620522769282008 
0.00000000099999999991 0.00000000099999999991 0.00000000099999999991 0.00000000099999999991 0.99999999400000005867 0.00000000099999999991 0.00000000099999999991 
0.99999999400000016969 0.00000000099999999988 0.00000000099999999988 0.00000000099999999988 0.00000000099999999988 0.00000000099999999988 0.00000000099999999988 
0.00000000099999999992 0.00000000099999999992 0.00000000099999999992 0.00000000099999999992 0.99999999399999994765 0.00000000099999999992 0.00000000099999999992 
0.01494473181366061040 0.03311573853577564480 0.00000191733128410728 0.07059945791889488120 0.63865107922664499096 0.19256971183190629837 0.05011736334183342773 
0.99999999400000005867 0.00000000099999999989 0.00000000099999999989 0.00000000099999999989 0.00000000099999999989 0.00000000099999999989 0.00000000099999999989 
0.00278452746815053241 0.00000000099999999998 0.00000000099999999998 0.00000000099999999998 0.99721546753184941991 0.00000000099999999998 0.00000000099999999998 
0.00000000099999999995 0.85770420475402242566 0.00000000099999999995 0.00491160721787493437 0.00000000099999999995 0.13738418402810262386 0.00000000099999999995 
0.00000000099999999964 0.00000000099999999964 0.00000000099999999964 0.99999999400000005867 0.00000000099999999964 0.00000000099999999964 0.00000000099999999964 
0.00000000099999999992 0.00000000099999999992 0.00000000099999999992 0.00000000099999999992 0.00000000099999999992 0.99999999399999994765 0.00000000099999999992 
0.00000000099999999995 0.01000038633456633817 0.00000000099999999995 0.00000000099999999995 0.00000000099999999995 0.98999960866543368354 0.00000000099999999995 
0.00000000099999999997 0.00000000099999999997 0.00000000099999999997 0.00000000099999999997 0.00000000099999999997 0.99999999400000005867 0.00000000099999999997 
0.00000000099999999997 0.00127577050431874114 0.00001618705286345231 0.00000000099999999997 0.00000000099999999997 0.99870803844281763606 0.00000000099999999997 
0.01513802217880816370 0.02518615373537329630 0.00000000099999999998 0.00000000099999999998 0.00000000099999999998 0.95967581932862966454 0.00000000175718885074 
0.01963120590044758682 0.17617964662673232801 0.00125293780530697885 0.00642138791852813785 0.08120842922406404374 0.71530639152492081489 0.00000000100000000000 
0.00000000099999999993 0.00000000099999999993 0.00000000099999999993 0.00000000099999999993 0.00000000099999999993 0.99999999145680540380 0.00000000354319471726 
0.99999999400000005867 0.00000000099999999984 0.00000000099999999984 0.00000000099999999984 0.00000000099999999984 0.00000000099999999984 0.00000000099999999984 
0.00000000099999999997 0.04187704760361651846 0.01171058455659398576 0.01258860591321022196 0.00000000099999999997 0.93382375892657920602 0.00000000099999999997 
0.00000000099999999965 0.00000000099999999965 0.00000000099999999965 0.99999999400000005867 0.00000000099999999965 0.00000000099999999965 0.00000000099999999965 
0.00000000099999999995 0.03671809702056825359 0.00000000099999999995 0.00000000099999999995 0.00000000099999999995 0.96328189797943175599 0.00000000099999999995 
0.00000000099999999988 0.99999999400000005867 0.00000000099999999988 0.00000000099999999988 0.00000000099999999988 0.00000000099999999988 0.00000000099999999988 
0.00000000099999999991 0.00000000099999999991 0.00000000099999999991 0.00000000099999999991 0.99999999399999994765 0.00000000099999999991 0.00000000099999999991 
0.00000000099999999984 0.99999999400000005867 0.00000000099999999984 0.00000000099999999984 0.00000000099999999984 0.00000000099999999984 0.00000000099999999984 
0.00000000099999999988 0.99999999400000016969 0.00000000099999999988 0.00000000099999999988 0.00000000099999999988 0.00000000099999999988 0.00000000099999999988 
0.00000000099999999999 0.05567984905271308738 0.00000000099999999999 0.00798053479299569608 0.00000631648107287372 0.90894942971872849657 0.02738386795448972261 
0.00000000099999999997 0.07306359963670733260 0.00000000099999999997 0.00000000099999999997 0.00000000099999999997 0.89616324121488910581 0.03077315514840362615 
0.00000000099999999992 0.99999999400000016969 0.00000000099999999992 0.00000000099999999992 0.00000000099999999992 0.00000000099999999992 0.00000000099999999992 
0.00000000099999999987 0.99999999400000016969 0.00000000099999999987 0.00000000099999999987 0.00000000099999999987 0.00000000099999999987 0.00000000099999999987 
0.00000000099999999998 0.08173116378310026076 0.00000000099999999998 0.00000013082986596000 0.00000000099999999998 0.91826870024039353169 0.00000000214664028682 
0.00000000099999999992 0.00000000099999999992 0.00000000099999999992 0.00000000099999999992 0.99999999393544458659 0.00000000099999999992 0.00000000106455549442 
0.00357647006695810963 0.08752465575369398898 0.01782506580054126280 0.01009571440236154902 0.00000000099999999999 0.88097809197644505463 0.00000000099999999999 
0.00000000099999999987 0.99999999400000016969 0.00000000099999999987 0.00000000099999999987 0.00000000099999999987 0.00000000099999999987 0.00000000099999999987 
0.00000000099999999998 0.03065659474463103620 0.00000000099999999998 0.00000205500788808859 0.00000000099999999998 0.93102529351477003594 0.03831605373271089465 
0.00000000099999999997 0.05712325412910135986 0.00000000099999999997 0.00000000099999999997 0.00000000099999999997 0.94287674087089856645 0.00000000099999999997 
0.00000000099999999989 0.99999999400000016969 0.00000000099999999989 0.00000000099999999989 0.00000000099999999989 0.00000000099999999989 0.00000000099999999989 
0.00000000099999999991 0.00000000099999999991 0.00000000099999999991 0.00000000099999999991 0.99999999399999994765 0.00000000099999999991 0.00000000099999999991 
0.00000000099999999994 0.99999999400000016969 0.00000000099999999994 0.00000000099999999994 0.00000000099999999994 0.00000000099999999994 0.00000000099999999994 
0.00201997248204509924 0.02406059599664173848 0.00000000099999999998 0.00000000099999999998 0.00000000099999999998 0.97391942752131299699 0.00000000099999999998 
0.00000000099999999998 0.02128118460822132213 0.05150294741975795787 0.00000000099999999998 0.00000000099999999998 0.92721586397202071517 0.00000000099999999998 
0.00000000099999999995 0.04487881500068341412 0.00000000099999999995 0.00000000099999999995 0.00000000099999999995 0.94112134681780057477 0.01399983418151604271 
0.00000000099999999990 0.00000000099999999990 0.00000000099999999990 0.00000000099999999990 0.99999999400000005867 0.00000000099999999990 0.00000000099999999990 
0.00000000099999999998 0.05791225936504552224 0.01363131381359123338 0.00000000099999999998 0.00000000099999999998 0.79585662216892105736 0.13259980165244225625 
0.00000000099999999997 0.07275756147475824498 0.00000000099999999997 0.00893218011261920700 0.00000000099999999997 0.91366822255382540430 0.00464203285879716699 
0.00000000099999999993 0.00000000099999999993 0.00000000099999999993 0.00000000099999999993 0.00000000099999999993 0.99999999400000005867 0.00000000099999999993 
0.00000000099999999999 0.00012300607220774547 0.00000000099999999999 0.02260752715625596876 0.00000000099999999999 0.97726943842963076570 0.00000002534190565951 
0.00000000099999999998 0.82421574655292817457 0.00000000208562659495 0.00000000099999999998 0.01991319668901364581 0.13430171077701463789 0.02156934189541708999 
0.00000000099999999998 0.13487775829400522332 0.00000000099999999998 0.00000000099999999998 0.86512223669813959059 0.00000000100785512015 0.00000000099999999998 
0.00000000099999999998 0.01481964029454601456 0.03106065867494280444 0.00000000099999999998 0.00000000099999999998 0.91427886851332751394 0.03984082951718353333 
0.00000000099999999980 0.99999999400000005867 0.00000000099999999980 0.00000000099999999980 0.00000000099999999980 0.00000000099999999980 0.00000000099999999980 
0.00000000099999999998 0.99934707021561930418 0.00000000099999999998 0.00000000099999999998 0.00000000099999999998 0.00065292478438083138 0.00000000099999999998 
0.05213364357525971521 0.62619534975560442458 0.00000000099999999999 0.00000000099999999999 0.00000000099999999999 0.32167098202248400884 0.00000002164665207152 
0.00000000099999999999 0.35367441473939487118 0.00000000099999999999 0.00000000099999999999 0.37810813206600940584 0.17289266222203969470 0.09532478797255612701 
0.00000000099999999991 0.00000000099999999991 0.00000000099999999991 0.00000000099999999991 0.00000000099999999991 0.99999999399999994765 0.00000000099999999991 
0.06049342561865028722 0.09217123289921091978 0.00000000100000000000 0.02667834085465887670 0.41038090839037594248 0.40722706491646404325 0.00304902632063997966 
0.00000000099999999997 0.01132142150977697055 0.00000000099999999997 0.00000000099999999997 0.00000000099999999997 0.76225656216483328453 0.22642201232538966549 
0.00000000099999999999 0.00000000099999999999 0.00019940970475122553 0.00000000099999999999 0.00000000099999999999 0.99980058240597236008 0.00000000388927656426 
0.00000000099999999999 0.00000000958834869966 0.00269319398800997546 0.00000000099999999999 0.35762524521859162530 0.63966619812332492501 0.00001535108172465516 
0.00000000099999999999 0.34544006165964730171 0.00000258094727973665 0.00000000099999999999 0.02140145641922399505 0.63315589797384885795 0.00000000099999999999 
0.78430523456487721834 0.00612952386283555691 0.03241960108963158615 0.00000000099999999998 0.00000000099999999998 0.17714563748265577114 0.00000000099999999998 
0.00000000099999999982 0.00000000099999999982 0.99999999400000005867 0.00000000099999999982 0.00000000099999999982 0.00000000099999999982 0.00000000099999999982 
0.00000000099999999996 0.06197241100669122899 0.00000000099999999996 0.00000000099999999996 0.00000000099999999996 0.92507359769510821845 0.01295398729820063793 
0.00000000099999999989 0.99999999400000016969 0.00000000099999999989 0.00000000099999999989 0.00000000099999999989 0.00000000099999999989 0.00000000099999999989 
0.00000000099999999992 0.99999999400000005867 0.00000000099999999992 0.00000000099999999992 0.00000000099999999992 0.00000000099999999992 0.00000000099999999992 
0.00000000099999999988 0.99999999400000005867 0.00000000099999999988 0.00000000099999999988 0.00000000099999999988 0.00000000099999999988 0.00000000099999999988 
0.00000000099999999986 0.00000000099999999986 0.00000000099999999986 0.99999999400000005867 0.00000000099999999986 0.00000000099999999986 0.00000000099999999986 
0.00000000099999999998 0.02669576198564475866 0.02489815096819475437 0.00000000099999999998 0.00000000099999999998 0.94840608304616047519 0.00000000099999999998 
0.00000000099999999993 0.00633272190122744459 0.00000000099999999993 0.00000000099999999993 0.00000000099999999993 0.99366727309877245222 0.00000000099999999993 
0.00000000099999999995 0.93393473574552676730 0.00000000099999999995 0.01594873199628245308 0.00000000099999999995 0.05011652825819094131 0.00000000099999999995 
0.00000000099999999998 0.08190024410435230162 0.00384562721379969356 0.00000523365061497502 0.00000000099999999998 0.90512361833330345906 0.00912527469792945474 
0.00000000099999999988 0.99999999400000016969 0.00000000099999999988 0.00000000099999999988 0.00000000099999999988 0.00000000099999999988 0.00000000099999999988 
0.00000000099999999963 0.00000000099999999963 0.00000000099999999963 0.99999999399999994765 0.00000000099999999963 0.00000000099999999963 0.00000000099999999963 
0.00000000099999999990 0.99999999400000005867 0.00000000099999999990 0.00000000099999999990 0.00000000099999999990 0.00000000099999999990 0.00000000099999999990 
0.00000000099999999993 0.99996414748168782616 0.00000000099999999993 0.00000000099999999993 0.00000000099999999993 0.00003584751831225221 0.00000000099999999993 
0.00000000099999999963 0.00000000099999999963 0.00000000099999999963 0.99999999399999994765 0.00000000099999999963 0.00000000099999999963 0.00000000099999999963 
0.00000000099999999980 0.00000000099999999980 0.00000000099999999980 0.99999999399999994765 0.00000000099999999980 0.00000000099999999980 0.00000000099999999980 
0.00000000099999999997 0.00000000099999999997 0.00989556933650862988 0.00972685595844378741 0.00000000099999999997 0.98037757070504749635 0.00000000099999999997 
0.00000000099999999982 0.99999999400000005867 0.00000000099999999982 0.00000000099999999982 0.00000000099999999982 0.00000000099999999982 0.00000000099999999982 
0.00000000099999999998 0.03671459742127188702 0.00000000099999999998 0.02470057357574927809 0.00000000099999999998 0.92224724211010267183 0.01633758389287612300 
0.00000000099999999986 0.99999999400000016969 0.00000000099999999986 0.00000000099999999986 0.00000000099999999986 0.00000000099999999986 0.00000000099999999986 
