0.00000000099999999999 0.00000000099999999999 0.08770918110909435572 0.00000000099999999999 0.15294114146017176448 0.32878568667193630581 0.00000000099999999999 0.00000000495917173301 0.43056398079962576730 0.00000000099999999999 
0.00000000099999999993 0.00000000099999999993 0.92527387472280042680 0.00000000099999999993 0.07472611727719967456 0.00000000099999999993 0.00000000099999999993 0.00000000099999999993 0.00000000099999999993 0.00000000099999999993 
0.00664201490349059735 0.01550194329348649272 0.57216138435000329920 0.00000000099999999998 0.08176337929031475549 0.00000000099999999998 0.00000000099999999998 0.00000000099999999998 0.06826887317721445914 0.25566240098549070092 
0.00000000099999999996 0.00000000099999999996 0.56497805633661579705 0.00000000099999999996 0.08415455010580953632 0.00000000099999999996 0.00859681196291526943 0.00000000099999999996 0.00000000099999999996 0.34227057559465939862 
0.00000000099999999994 0.00000000099999999994 0.66946448018766757659 0.00000000099999999994 0.05024259714327554416 0.00000000099999999994 0.00000000099999999994 0.00000000099999999994 0.07106241150205405699 0.20923050516700286705 
0.00000000099999999987 0.00000000099999999987 0.99999999100000003249 0.00000000099999999987 0.00000000099999999987 0.00000000099999999987 0.00000000099999999987 0.00000000099999999987 0.00000000099999999987 0.00000000099999999987 
0.00000000099999999984 0.96322840363707962208 0.00000000099999999984 0.03677158836292052091 0.00000000099999999984 0.00000000099999999984 0.00000000099999999984 0.00000000099999999984 0.00000000099999999984 0.00000000099999999984 
0.00000000099999999981 0.00000000099999999981 0.00000000099999999981 0.00000000099999999981 0.00000000099999999981 0.00000000099999999981 0.00000000099999999981 0.00000000099999999981 0.99999999099999992147 0.00000000099999999981 
0.00000000099999999989 0.00000000099999999989 0.51787346510198550842 0.00000000099999999989 0.00000000099999999989 0.00000000099999999989 0.00000000099999999989 0.01274786416437706342 0.05095288552771622820 0.41842577920592127771 
0.00000000099999999983 0.99999999100000025454 0.00000000099999999983 0.00000000099999999983 0.00000000099999999983 0.00000000099999999983 0.00000000099999999983 0.00000000099999999983 0.00000000099999999983 0.00000000099999999983 
0.00000000099999999989 0.99994187226657293976 0.00000000099999999989 0.00005665895737188605 0.00000000099999999989 0.00000146177605528381 0.00000000099999999989 0.00000000099999999989 0.00000000099999999989 0.00000000099999999989 
0.00000000099999999992 0.98291567261342471795 0.00000000099999999992 0.00000000099999999992 0.00000000099999999992 0.00000000099999999992 0.01708431938657539034 0.00000000099999999992 0.00000000099999999992 0.00000000099999999992 
0.00000000099999999977 0.00000000099999999977 0.00000000099999999977 0.99999999100000003249 0.00000000099999999977 0.00000000099999999977 0.00000000099999999977 0.00000000099999999977 0.00000000099999999977 0.00000000099999999977 
0.27079126303240513840 0.57519367541088062268 0.09678450322873068112 0.05723055232798384545 0.00000000099999999996 0.00000000099999999996 0.00000000099999999996 0.00000000099999999996 0.00000000099999999996 0.00000000099999999996 
0.99999999100000025454 0.00000000099999999985 0.00000000099999999985 0.00000000099999999985 0.00000000099999999985 0.00000000099999999985 0.00000000099999999985 0.00000000099999999985 0.00000000099999999985 0.00000000099999999985 
0.00000000099999999987 0.99999999100000025454 0.00000000099999999987 0.00000000099999999987 0.00000000099999999987 0.00000000099999999987 0.00000000099999999987 0.00000000099999999987 0.00000000099999999987 0.00000000099999999987 
0.34974497416984789977 0.45428900723647896998 0.00000000099999999990 0.05634013002295399503 0.13962588257071928410 0.00000000099999999990 0.00000000099999999990 0.00000000099999999990 0.00000000099999999990 0.00000000099999999990 
0.42677681048941995545 0.00000000099999999994 0.00000000099999999994 0.00000000099999999994 0.12862979067787863596 0.00000000099999999994 0.00000000099999999994 0.00000000099999999994 0.44459339183270135676 0.00000000099999999994 
0.99999999100000025454 0.00000000099999999904 0.00000000099999999904 0.00000000099999999904 0.00000000099999999904 0.00000000099999999904 0.00000000099999999904 0.00000000099999999904 0.00000000099999999904 0.00000000099999999904 
0.62663329818197155419 0.00000000099999999989 0.00000000099999999989 0.07639964988467567997 0.00000000099999999989 0.00000000099999999989 0.29696704493335296382 0.00000000099999999989 0.00000000099999999989 0.00000000099999999989 
0.16382676597688494713 0.00000000099999999967 0.00000000099999999967 0.83617322602311516810 0.00000000099999999967 0.00000000099999999967 0.00000000099999999967 0.00000000099999999967 0.00000000099999999967 0.00000000099999999967 
0.00000000099999999988 0.96334352622783625542 0.00000000099999999988 0.00000002290026791274 0.00000000099999999988 0.00000000099999999988 0.03665644387189585102 0.00000000099999999988 0.00000000099999999988 0.00000000099999999988 
0.00000000099999999971 0.00000000099999999971 0.00000000099999999971 0.00000000099999999971 0.00000000099999999971 0.99999999100000003249 0.00000000099999999971 0.00000000099999999971 0.00000000099999999971 0.00000000099999999971 
0.00000000099999999994 0.00000000099999999994 0.43245125059769262688 0.05159231703542430797 0.04731626557256881499 0.00000000099999999994 0.00000000099999999994 0.00000000099999999994 0.05857213572340203012 0.41006802607091236146 
0.00000000099999999988 0.96446401310866247680 0.00000000099999999988 0.02047292445017102197 0.00000000099999999988 0.00000000099999999988 0.01506305544116661073 0.00000000099999999988 0.00000000099999999988 0.00000000099999999988 
0.00000000099999999990 0.98630097365475555282 0.00000000099999999990 0.00000000099999999990 0.00000000099999999990 0.00000000099999999990 0.01369901834524463353 0.00000000099999999990 0.00000000099999999990 0.00000000099999999990 
0.00000000099999999985 0.00000000099999999985 0.00000000099999999985 0.99999999100000014352 0.00000000099999999985 0.00000000099999999985 0.00000000099999999985 0.00000000099999999985 0.00000000099999999985 0.00000000099999999985 
0.00000000099999999996 0.00000000099999999996 0.97555862482134969582 0.00000000099999999996 0.00000006010659108681 0.00000000099999999996 0.02444130807205936728 0.00000000099999999996 0.00000000099999999996 0.00000000099999999996 
0.00000000099999999992 0.00000000099999999992 0.62613641444572265549 0.00000000099999999992 0.00000210592516487823 0.00000000099999999992 0.00000000099999999992 0.00000000099999999992 0.05934901322431501702 0.31451246040479757804 
0.00000000099999999997 0.98031204578448583042 0.00000000099999999997 0.00000000099999999997 0.00000000099999999997 0.00000000099999999997 0.01968794621551434032 0.00000000099999999997 0.00000000099999999997 0.00000000099999999997 
0.06506197400067637027 0.86019573616384814585 0.00000000099999999997 0.00000000099999999997 0.07474228283547557083 0.00000000099999999997 0.00000000099999999997 0.00000000099999999997 0.00000000099999999997 0.00000000099999999997 
0.00000000099999999993 0.92332321475084866425 0.00000000099999999993 0.02428373371786532453 0.00000000099999999993 0.01914227860493413966 0.01720981813912700678 0.01604094978722499579 0.00000000099999999993 0.00000000099999999993 
0.00000000099999999996 0.00000000099999999996 0.38921229357664627324 0.06894101266943247763 0.00000000099999999996 0.00000000099999999996 0.00000000099999999996 0.00000000099999999996 0.00987911679357669770 0.53196757096034441581 
0.00000000099999999969 0.00000000099999999969 0.00000000099999999969 0.00000000099999999969 0.00000000099999999969 0.00000000099999999969 0.00000000099999999969 0.99999999100000003249 0.00000000099999999969 0.00000000099999999969 
0.00000000099999999998 0.00000000099999999998 0.45576464863768795244 0.01004692747980961455 0.00000000099999999998 0.00000000099999999998 0.00000000099999999998 0.03898081609236840606 0.10270749651453549289 0.39250010627559839271 
0.00000000099999999991 0.99031598016773803028 0.00000000099999999991 0.00000000099999999991 0.00000000099999999991 0.00968401183226215607 0.00000000099999999991 0.00000000099999999991 0.00000000099999999991 0.00000000099999999991 
0.00000000099999999977 0.00000000099999999977 0.00000000099999999977 0.00000000099999999977 0.00000000099999999977 0.99999999100000003249 0.00000000099999999977 0.00000000099999999977 0.00000000099999999977 0.00000000099999999977 
0.00000000099999999949 0.00000000099999999949 0.00000000099999999949 0.00000000099999999949 0.00000000099999999949 0.00000000099999999949 0.00000000099999999949 0.99999999100000003249 0.00000000099999999949 0.00000000099999999949 
0.02769146027215448405 0.97230853172784581506 0.00000000099999999992 0.00000000099999999992 0.00000000099999999992 0.00000000099999999992 0.00000000099999999992 0.00000000099999999992 0.00000000099999999992 0.00000000099999999992 
0.00000000099999999987 0.98029484246223919097 0.00000000099999999987 0.00000000099999999987 0.00000000099999999987 0.01970514953776108039 0.00000000099999999987 0.00000000099999999987 0.00000000099999999987 0.00000000099999999987 
0.00000000099999999989 0.95033664455040756103 0.00000000099999999989 0.00000000334579659092 0.00000000099999999989 0.00000000099999999989 0.04966334510379590700 0.00000000099999999989 0.00000000099999999989 0.00000000099999999989 
0.00000000099999999986 0.00000000099999999986 0.00000000099999999986 0.00000000099999999986 0.00000000099999999986 0.00000000099999999986 0.00000000099999999986 0.00000000099999999986 0.99999999100000003249 0.00000000099999999986 
0.00000000099999999999 0.08163999103548538749 0.00000000099999999999 0.00013976092516008055 0.13101981768704165643 0.00000000099999999999 0.00000000099999999999 0.00221583167765383683 0.70169016064104394736 0.08329443403361502796 
0.00000000099999999982 0.00000000099999999982 0.00000000099999999982 0.99999999100000014352 0.00000000099999999982 0.00000000099999999982 0.00000000099999999982 0.00000000099999999982 0.00000000099999999982 0.00000000099999999982 
0.00000000099999999996 0.00000000099999999996 0.51060567240852172688 0.48912480013341774754 0.00000000099999999996 0.00000000099999999996 0.00000000099999999996 0.00000000099999999996 0.00026952045806041944 0.00000000099999999996 
0.00000000099999999985 0.00000000099999999985 0.00000000099999999985 0.00000000099999999985 0.09486575249536723098 0.00000000099999999985 0.00000000099999999985 0.00000000099999999985 0.90513423950463278711 0.00000000099999999985 
0.00000000099999999995 0.97365774486482459249 0.00000000099999999995 0.01556664587546662155 0.00000000099999999995 0.00000000099999999995 0.00000000099999999995 0.01077560225970887117 0.00000000099999999995 0.00000000099999999995 
0.00000000099999999983 0.00000000099999999983 0.00000000099999999983 0.00000000099999999983 0.00000000099999999983 0.00000000099999999983 0.00000000099999999983 0.00000000099999999983 0.99999999099999992147 0.00000000099999999983 
0.00000000099999999987 0.00000000099999999987 0.00000000099999999987 0.00000000099999999987 0.00000000099999999987 0.00000000099999999987 0.00000000099999999987 0.00000000099999999987 0.99999999100000003249 0.00000000099999999987 
0.00000000099999999983 0.00000000099999999983 0.00000000099999999983 0.00000000099999999983 0.19050344921683645683 0.00000000099999999983 0.00000000099999999983 0.00000000099999999983 0.80949654278316351963 0.00000000099999999983 
0.00000000099999999995 0.00000000099999999995 0.52988636259127308570 0.00000000099999999995 0.10006534974633206347 0.00000000099999999995 0.00000000099999999995 0.02577540410574118840 0.03099097249607980775 0.31328190606057393364 
0.00000000099999999974 0.00000000099999999974 0.00000000099999999974 0.00000000099999999974 0.20155556702873167474 0.00000000099999999974 0.00000000099999999974 0.00000000099999999974 0.79844442497126832947 0.00000000099999999974 
0.00000000099999999984 0.00000000099999999984 0.00000000099999999984 0.00000000099999999984 0.00000000099999999984 0.00000000099999999984 0.00000000099999999984 0.00000000099999999984 0.98426817499855556726 0.01573181700144450981 
0.00000000099999999989 0.49809966405565497816 0.00000000099999999989 0.42666333987759375024 0.00000000099999999989 0.00000000099999999989 0.07523698906675128917 0.00000000099999999989 0.00000000099999999989 0.00000000099999999989 
0.00000000099999999998 0.00000000099999999998 0.42924796224968631009 0.00000000099999999998 0.13126833150365516123 0.00000000099999999998 0.03036233866056855385 0.00000000099999999998 0.06730747291118986675 0.34181388967490011765 
0.00000000099999999994 0.00000000099999999994 0.00000000099999999994 0.00000000099999999994 0.00000073955736980792 0.00000000099999999994 0.00000000099999999994 0.00000000099999999994 0.50751072393608942512 0.49248852950654087302 
0.00000000099999999987 0.00000000099999999987 0.00000000099999999987 0.00000000099999999987 0.00000000099999999987 0.00000000099999999987 0.00000000099999999987 0.00000000099999999987 0.99999999099999992147 0.00000000099999999987 
0.00000000099999999993 0.00000000099999999993 0.47241409803662909317 0.00000000099999999993 0.00000000099999999993 0.00000000099999999993 0.00000000099999999993 0.00620283923971516691 0.00000000099999999993 0.52138305572365550855 
0.00000000099999999988 0.00000000099999999988 0.00000000099999999988 0.00000000099999999988 0.00000000099999999988 0.00000000099999999988 0.00000000099999999988 0.00000000099999999988 0.95472646527867199850 0.04527352672132815836 
0.00000000099999999990 0.00000000099999999990 0.47410607336652499377 0.00000000099999999990 0.01777527928965315709 0.00000000099999999990 0.00000000099999999990 0.00000000099999999990 0.00000000099999999990 0.50811864034382170363 
0.00000000099999999978 0.00000000099999999978 0.00000000099999999978 0.00000000099999999978 0.00000000099999999978 0.00000000099999999978 0.00000000099999999978 0.00000000099999999978 0.00000000099999999978 0.99999999100000003249 
0.00000000099999999985 0.00000000099999999985 0.00000000099999999985 0.00000000099999999985 0.28494054544290259301 0.00000000099999999985 0.00000000099999999985 0.00000000099999999985 0.71505944655709718916 0.00000000099999999985 
0.00000000099999999987 0.00000000099999999987 0.00000000099999999987 0.00000000099999999987 0.00000000099999999987 0.00000000099999999987 0.00000000099999999987 0.00000000099999999987 0.99999999100000003249 0.00000000099999999987 
0.00000000099999999996 0.06938993528592865556 0.00000000099999999996 0.00000000099999999996 0.00000000099999999996 0.93061005671407148743 0.00000000099999999996 0.00000000099999999996 0.00000000099999999996 0.00000000099999999996 
0.00000000099999999989 0.00000000099999999989 0.96563981183785163598 0.00000000099999999989 0.00000000099999999989 0.00000000099999999989 0.00000000099999999989 0.00000000099999999989 0.03436017736771280334 0.00000000379443558338 
0.00000000099999999991 0.00000000099999999991 0.00000000099999999991 0.00000000099999999991 0.29026013184522048149 0.00000000099999999991 0.00000000099999999991 0.00000000099999999991 0.70973986015477941169 0.00000000099999999991 
0.00000000099999999979 0.00000000099999999979 0.00000000099999999979 0.00000000099999999979 0.00000000099999999979 0.99999999100000003249 0.00000000099999999979 0.00000000099999999979 0.00000000099999999979 0.00000000099999999979 
0.00000000099999999994 0.98182040836692963115 0.00000000099999999994 0.00000002182167492466 0.00000000099999999994 0.00775420514224799823 0.00000000099999999994 0.01042535866914768954 0.00000000099999999994 0.00000000099999999994 
0.00000000099999999994 0.00000000099999999994 0.66908771367489949800 0.00000000099999999994 0.00000023247005711886 0.00000000099999999994 0.00000000099999999994 0.00000000099999999994 0.00000000099999999994 0.33091204685504366223 
0.05356592890064237195 0.00000000099999999987 0.00000000099999999987 0.00000000099999999987 0.00000000099999999987 0.88873569151118980702 0.05769837258816785247 0.00000000099999999987 0.00000000099999999987 0.00000000099999999987 
0.00000000099999999983 0.00000000099999999983 0.00000000099999999983 0.00000000099999999983 0.00000000099999999983 0.99999999100000003249 0.00000000099999999983 0.00000000099999999983 0.00000000099999999983 0.00000000099999999983 
0.00000000099999999992 0.00000000099999999992 0.00000000099999999992 0.00000000099999999992 0.00000000099999999992 0.99999999100000014352 0.00000000099999999992 0.00000000099999999992 0.00000000099999999992 0.00000000099999999992 
0.00000000099999999982 0.00000000099999999982 0.00000000099999999982 0.99999999100000014352 0.00000000099999999982 0.00000000099999999982 0.00000000099999999982 0.00000000099999999982 0.00000000099999999982 0.00000000099999999982 
0.00000000099999999965 0.00000000099999999965 0.00000000099999999965 0.00000000099999999965 0.00000000099999999965 0.00000000099999999965 0.99999999099999992147 0.00000000099999999965 0.00000000099999999965 0.00000000099999999965 
0.00000000099999999995 0.00000000099999999995 0.00000000099999999995 0.00000000099999999995 0.00000000099999999995 0.00000000099999999995 0.88123946875645109422 0.00000000099999999995 0.11876052324354884060 0.00000000099999999995 
0.00000000099999999986 0.00000000099999999986 0.00000000099999999986 0.99999999100000014352 0.00000000099999999986 0.00000000099999999986 0.00000000099999999986 0.00000000099999999986 0.00000000099999999986 0.00000000099999999986 
0.00000000099999999988 0.99999999100000025454 0.00000000099999999988 0.00000000099999999988 0.00000000099999999988 0.00000000099999999988 0.00000000099999999988 0.00000000099999999988 0.00000000099999999988 0.00000000099999999988 
0.00000000099999999979 0.00000000099999999979 0.00000000099999999979 0.00000000099999999979 0.00000000099999999979 0.99999999100000014352 0.00000000099999999979 0.00000000099999999979 0.00000000099999999979 0.00000000099999999979 
0.00000000099999999946 0.00000000099999999946 0.00000000099999999946 0.00000000099999999946 0.00000000099999999946 0.00000000099999999946 0.99999999100000003249 0.00000000099999999946 0.00000000099999999946 0.00000000099999999946 
0.00000000099999999953 0.00000000099999999953 0.00000000099999999953 0.00000000099999999953 0.00000000099999999953 0.00000000099999999953 0.99999999099999992147 0.00000000099999999953 0.00000000099999999953 0.00000000099999999953 
0.00000000099999999998 0.07253517654271907089 0.00000000099999999998 0.00771735101369847281 0.00000000099999999998 0.85820834191916195444 0.01532595859508476509 0.03350217381008579326 0.00000000099999999998 0.01271099411924997771 
0.06389294373101597757 0.16220791965703879045 0.19107593468876876708 0.46600923654064152490 0.00537518773881101759 0.00000000099999999999 0.10594763196310492959 0.00549114268061897878 0.00000000099999999999 0.00000000099999999999 
0.00000000099999999999 0.75953814842558875498 0.00000000099999999999 0.00000000099999999999 0.06417482471895960550 0.04857378580032289950 0.05210412587013564523 0.00282222024992459910 0.00000000099999999999 0.07278689093506855723 
0.00000000099999999984 0.00000000099999999984 0.00000000099999999984 0.99999999100000003249 0.00000000099999999984 0.00000000099999999984 0.00000000099999999984 0.00000000099999999984 0.00000000099999999984 0.00000000099999999984 
0.00000000099999999991 0.00000000099999999991 0.00000000099999999991 0.00000000099999999991 0.00000000099999999991 0.90895691584971693988 0.09104307615028324474 0.00000000099999999991 0.00000000099999999991 0.00000000099999999991 
0.00000000099999999987 0.99999999100000025454 0.00000000099999999987 0.00000000099999999987 0.00000000099999999987 0.00000000099999999987 0.00000000099999999987 0.00000000099999999987 0.00000000099999999987 0.00000000099999999987 
0.00000000099999999995 0.92335837150873589785 0.00000000099999999995 0.00002728588379846060 0.00000000099999999995 0.01043812100777776961 0.06617621559968790701 0.00000000099999999995 0.00000000099999999995 0.00000000099999999995 
0.00000000099999999981 0.00000000099999999981 0.00000000099999999981 0.99999999100000014352 0.00000000099999999981 0.00000000099999999981 0.00000000099999999981 0.00000000099999999981 0.00000000099999999981 0.00000000099999999981 
0.00000000099999999991 0.95182233339939192884 0.00000000099999999991 0.02833959156025660925 0.00000000099999999991 0.01983806804035171192 0.00000000099999999991 0.00000000099999999991 0.00000000099999999991 0.00000000099999999991 
0.00000000099999999952 0.00000000099999999952 0.00000000099999999952 0.00000000099999999952 0.00000000099999999952 0.00000000099999999952 0.99999999100000003249 0.00000000099999999952 0.00000000099999999952 0.00000000099999999952 
0.00000000099999999996 0.00000000099999999996 0.00000000099999999996 0.99815923458144906188 0.00000000099999999996 0.00000000099999999996 0.00183370811798552009 0.00000000099999999996 0.00000705030056542627 0.00000000099999999996 
0.00000000099999999987 0.04861533183715023576 0.00000000099999999987 0.00000000099999999987 0.00000000099999999987 0.95138466016284972682 0.00000000099999999987 0.00000000099999999987 0.00000000099999999987 0.00000000099999999987 
0.00000000099999999991 0.00000000099999999991 0.00000000099999999991 0.99999999100000003249 0.00000000099999999991 0.00000000099999999991 0.00000000099999999991 0.00000000099999999991 0.00000000099999999991 0.00000000099999999991 
0.00000000099999999992 0.92799562309380823066 0.00000000099999999992 0.00000000197759986677 0.00000000099999999992 0.04302121608341846065 0.02898315284517362367 0.00000000099999999992 0.00000000099999999992 0.00000000099999999992 
0.00000000099999999984 0.00000000099999999984 0.00000000099999999984 0.00000000099999999984 0.00000000099999999984 0.00000000099999999984 0.00000000099999999984 0.00000000099999999984 0.99999999100000003249 0.00000000099999999984 
0.00000000099999999972 0.00000000099999999972 0.00000000099999999972 0.00000000099999999972 0.00000000099999999972 0.00000000099999999972 0.00000000099999999972 0.00000000099999999972 0.99999999099999992147 0.00000000099999999972 
0.00000000099999999989 0.00000000099999999989 0.99503355303063922843 0.00000000099999999989 0.00000000099999999989 0.00000000099999999989 0.00000000099999999989 0.00496643896936078879 0.00000000099999999989 0.00000000099999999989 
0.00000000099999999982 0.00000000099999999982 0.00000000099999999982 0.00000000099999999982 0.00000000099999999982 0.00000000099999999982 0.00000000099999999982 0.00000000099999999982 0.00000000099999999982 0.99999999100000003249 
0.04812950806627239869 0.00000000099999999998 0.01254158824047305054 0.00000000099999999998 0.00000000099999999998 0.87253725322010189380 0.00000000099999999998 0.04509233656969020843 0.02169930890346252056 0.00000000099999999998 
0.00000000099999999993 0.00000000099999999993 0.46864466958160128085 0.08610243971357268988 0.00000000099999999993 0.00000000099999999993 0.00000000099999999993 0.00000000099999999993 0.06528237766552637267 0.37997050703929974302 
0.00000000099999999988 0.00000000099999999988 0.99999999100000003249 0.00000000099999999988 0.00000000099999999988 0.00000000099999999988 0.00000000099999999988 0.00000000099999999988 0.00000000099999999988 0.00000000099999999988 
0.00000000099999999992 0.00000000099999999992 0.00000000099999999992 0.00000000099999999992 0.15695540365176943731 0.84304458834823070568 0.00000000099999999992 0.00000000099999999992 0.00000000099999999992 0.00000000099999999992 
0.00000000099999999998 0.09681132112328662276 0.28566592699024773161 0.02340739931722925216 0.16295228033687425562 0.00000000099999999998 0.00000000099999999998 0.02046051778374689128 0.00000000099999999998 0.41070255044861536664 
0.00000000099999999916 0.00000000099999999916 0.00000000099999999916 0.00000000099999999916 0.99999999100000003249 0.00000000099999999916 0.00000000099999999916 0.00000000099999999916 0.00000000099999999916 0.00000000099999999916 
0.00000000099999999993 0.00000000099999999993 0.00000000099999999993 0.00000000099999999993 0.20149023561684181738 0.79850975638315824234 0.00000000099999999993 0.00000000099999999993 0.00000000099999999993 0.00000000099999999993 
0.12491321980405589720 0.87508677219594421803 0.00000000099999999983 0.00000000099999999983 0.00000000099999999983 0.00000000099999999983 0.00000000099999999983 0.00000000099999999983 0.00000000099999999983 0.00000000099999999983 
0.00000000099999999978 0.00000000099999999978 0.00000000099999999978 0.00000000099999999978 0.00000000099999999978 0.99999999100000014352 0.00000000099999999978 0.00000000099999999978 0.00000000099999999978 0.00000000099999999978 
0.00000000099999999982 0.00000000099999999982 0.00000000099999999982 0.99999999100000014352 0.00000000099999999982 0.00000000099999999982 0.00000000099999999982 0.00000000099999999982 0.00000000099999999982 0.00000000099999999982 
0.00000000099999999993 0.99608297978018944807 0.00000000099999999993 0.00391701221981057522 0.00000000099999999993 0.00000000099999999993 0.00000000099999999993 0.00000000099999999993 0.00000000099999999993 0.00000000099999999993 
0.00000000099999999988 0.00000000099999999988 0.95297397999722321948 0.00000000099999999988 0.04702601200277671534 0.00000000099999999988 0.00000000099999999988 0.00000000099999999988 0.00000000099999999988 0.00000000099999999988 
0.01506354377623049350 0.00000000100000000000 0.78772735595373544193 0.00000001626913054184 0.02658789526881459933 0.15810090608570323556 0.00355321647984002068 0.00000000100000000000 0.00896706266322756622 0.00000000150331793903 
0.00000000099999999996 0.00000000099999999996 0.68987003048033912478 0.00000000099999999996 0.05561930409272838188 0.00000000099999999996 0.00000000099999999996 0.00000000099999999996 0.00000000099999999996 0.25451065842693249008 
0.00000000099999999994 0.00000000099999999994 0.52302948606570998091 0.00000000099999999994 0.00000000099999999994 0.00000000099999999994 0.00000000099999999994 0.00000000099999999994 0.06582718273520737906 0.41114332419908261596 
0.00000000099999999997 0.00000000099999999997 0.58469028696370173304 0.00000000099999999997 0.09428758565898638644 0.00000000099999999997 0.00000000099999999997 0.00000000099999999997 0.00000000099999999997 0.32102212037731192584 
0.00000000099999999986 0.00000000099999999986 0.66637940862001276976 0.00000000099999999986 0.02723079987402957439 0.00000000099999999986 0.00000000099999999986 0.00000000099999999986 0.06737223452925221456 0.23901755097670546180 
0.00651304543312976846 0.93420075148195413917 0.00000000099999999991 0.00000000099999999991 0.00000000099999999991 0.00000000099999999991 0.05928619608491625392 0.00000000099999999991 0.00000000099999999991 0.00000000099999999991 
0.00000000099999999991 0.00000000099999999991 0.00000000099999999991 0.95943569441633302919 0.00000000099999999991 0.00000000099999999991 0.04056429758366714849 0.00000000099999999991 0.00000000099999999991 0.00000000099999999991 
0.01731259758080040678 0.97777765340350530909 0.00000000099999999991 0.00490755463989226391 0.00000000099999999991 0.00000218837580216470 0.00000000099999999991 0.00000000099999999991 0.00000000099999999991 0.00000000099999999991 
0.00000000099999999994 0.99999899812392412102 0.00000000099999999994 0.00000000099999999994 0.00000000099999999994 0.00000099387607616199 0.00000000099999999994 0.00000000099999999994 0.00000000099999999994 0.00000000099999999994 
0.00000000099999999977 0.00000000099999999977 0.00000000099999999977 0.99999999100000003249 0.00000000099999999977 0.00000000099999999977 0.00000000099999999977 0.00000000099999999977 0.00000000099999999977 0.00000000099999999977 
0.00000000099999999969 0.00000000099999999969 0.00000000099999999969 0.00000000099999999969 0.00000000099999999969 0.99999999100000014352 0.00000000099999999969 0.00000000099999999969 0.00000000099999999969 0.00000000099999999969 
0.00000000099999999980 0.00000000099999999980 0.00000000099999999980 0.00000000099999999980 0.00000000099999999980 0.99999999100000003249 0.00000000099999999980 0.00000000099999999980 0.00000000099999999980 0.00000000099999999980 
0.00000000099999999983 0.99999999100000025454 0.00000000099999999983 0.00000000099999999983 0.00000000099999999983 0.00000000099999999983 0.00000000099999999983 0.00000000099999999983 0.00000000099999999983 0.00000000099999999983 
0.00000000099999999988 0.99999999100000025454 0.00000000099999999988 0.00000000099999999988 0.00000000099999999988 0.00000000099999999988 0.00000000099999999988 0.00000000099999999988 0.00000000099999999988 0.00000000099999999988 
0.00000000099999999986 0.99997120856703025638 0.00000000099999999986 0.00000000099999999986 0.00000000099999999986 0.00002878343296995901 0.00000000099999999986 0.00000000099999999986 0.00000000099999999986 0.00000000099999999986 
0.00000000099999999980 0.00000000099999999980 0.00000000099999999980 0.00000000099999999980 0.00000000099999999980 0.99999999100000003249 0.00000000099999999980 0.00000000099999999980 0.00000000099999999980 0.00000000099999999980 
0.00000000099999999991 0.01444274062857582759 0.00000000099999999991 0.00000000099999999991 0.00000000099999999991 0.98555725137142435877 0.00000000099999999991 0.00000000099999999991 0.00000000099999999991 0.00000000099999999991 
0.00000000099999999986 0.99999999100000014352 0.00000000099999999986 0.00000000099999999986 0.00000000099999999986 0.00000000099999999986 0.00000000099999999986 0.00000000099999999986 0.00000000099999999986 0.00000000099999999986 
0.00000000099999999980 0.00000000099999999980 0.00000000099999999980 0.99999999100000003249 0.00000000099999999980 0.00000000099999999980 0.00000000099999999980 0.00000000099999999980 0.00000000099999999980 0.00000000099999999980 
0.00000000099999999997 0.87384894791565126404 0.00000000099999999997 0.04689179657840333859 0.00000000099999999997 0.02928310359470075522 0.01715039126258412552 0.03282575564866054701 0.00000000099999999997 0.00000000099999999997 
0.00000000099999999972 0.00000000099999999972 0.00000000099999999972 0.00000000099999999972 0.00000000099999999972 0.99999999100000003249 0.00000000099999999972 0.00000000099999999972 0.00000000099999999972 0.00000000099999999972 
0.00000000099999999985 0.99305756593238503349 0.00000000099999999985 0.00000000099999999985 0.00000000099999999985 0.00047031218249867608 0.00647211488511654099 0.00000000099999999985 0.00000000099999999985 0.00000000099999999985 
0.00000000099999999998 0.00000000099999999998 0.49463014333103610953 0.02872021258124769771 0.00000000099999999998 0.00000000099999999998 0.00000000099999999998 0.01312154090644673463 0.09487487165077909679 0.36865322653049048540 
0.00000000099999999990 0.00092768886829494113 0.00000000099999999990 0.09507259213054355951 0.00000000099999999990 0.79862803811303295642 0.10537167488812869409 0.00000000099999999990 0.00000000099999999990 0.00000000099999999990 
0.00000000099999999997 0.07209740660207467067 0.45110809583675898216 0.00000000099999999997 0.01379486227821093841 0.00000000099999999997 0.00000000099999999997 0.01217841402155071806 0.00000000099999999997 0.45082121626140481130 
0.00000000099999999971 0.00000000099999999971 0.00000000099999999971 0.00000000099999999971 0.00000000099999999971 0.99999999100000014352 0.00000000099999999971 0.00000000099999999971 0.00000000099999999971 0.00000000099999999971 
0.00000000099999999990 0.99724746970085187403 0.00000000099999999990 0.00001511387550743888 0.00000000099999999990 0.00002340243340792387 0.00271400799023296165 0.00000000099999999990 0.00000000099999999990 0.00000000099999999990 
0.00000000099999999985 0.99999999100000025454 0.00000000099999999985 0.00000000099999999985 0.00000000099999999985 0.00000000099999999985 0.00000000099999999985 0.00000000099999999985 0.00000000099999999985 0.00000000099999999985 
0.00000000099999999979 0.00000000099999999979 0.00000000099999999979 0.00000000099999999979 0.00000000099999999979 0.99999999100000014352 0.00000000099999999979 0.00000000099999999979 0.00000000099999999979 0.00000000099999999979 
0.00000000099999999986 0.99999962670421871369 0.00000000099999999986 0.00000000099999999986 0.00000000099999999986 0.00000000099999999986 0.00000036529578140672 0.00000000099999999986 0.00000000099999999986 0.00000000099999999986 
0.02109231372567826543 0.62951768631178994795 0.00000000100000000000 0.04586915037662726846 0.07234286312008993136 0.00522869906282646610 0.00000000100000000000 0.06945712205316992294 0.00000000100000000000 0.15649216234981833118 
0.01845277867317419648 0.00000000099999999983 0.00000000099999999983 0.00000000099999999983 0.00000000099999999983 0.98154721332682592916 0.00000000099999999983 0.00000000099999999983 0.00000000099999999983 0.00000000099999999983 
0.00000000099999999998 0.98586799624722076807 0.00000000099999999998 0.00000000099999999998 0.00000000099999999998 0.01413199575277952237 0.00000000099999999998 0.00000000099999999998 0.00000000099999999998 0.00000000099999999998 
0.00000000099999999990 0.00000000099999999990 0.00000000099999999990 0.00000000099999999990 0.13583964628074646219 0.00000000099999999990 0.00000000099999999990 0.00000000099999999990 0.72006187688129563718 0.14409846983795804309 
0.00000000099999999943 0.00000000099999999943 0.00000000099999999943 0.00000000099999999943 0.00000000099999999943 0.00000000099999999943 0.00000000099999999943 0.99999999099999992147 0.00000000099999999943 0.00000000099999999943 
0.00000000099999999989 0.00000000099999999989 0.65160748834077741876 0.00000000099999999989 0.03377878185279711148 0.00000000099999999989 0.00000000099999999989 0.00000000099999999989 0.00000000099999999989 0.31461372280642557753 
0.00000000099999999993 0.00000000099999999993 0.68410479534391910317 0.00000000099999999993 0.01212036057221763108 0.00000000099999999993 0.00000000099999999993 0.00000000099999999993 0.00008215180172987927 0.30369268628213336170 
0.00000000099999999983 0.00000000099999999983 0.00000000099999999983 0.00000000099999999983 0.00000000099999999983 0.00000000099999999983 0.00000000099999999983 0.00000000099999999983 0.00000000099999999983 0.99999999100000003249 
0.00000000099999999994 0.00000000099999999994 0.68774898462696065771 0.00000000099999999994 0.04066964446907489483 0.00000000099999999994 0.00000000099999999994 0.00000000099999999994 0.00000000099999999994 0.27158136390396453441 
0.00000000099999999981 0.00000000099999999981 0.00000000099999999981 0.00000000099999999981 0.00000000099999999981 0.00000000099999999981 0.00000000099999999981 0.00000000099999999981 0.00000000099999999981 0.99999999099999992147 
0.02314873903643984571 0.07717632169727185742 0.29888968056804743334 0.00000000099999999999 0.02522957279306174000 0.00000000099999999999 0.00033822814768460634 0.00105832863618495962 0.14431616487903223267 0.42984296224227730443 
0.00000000099999999975 0.00000000099999999975 0.00000000099999999975 0.00000000099999999975 0.00000000099999999975 0.00000000099999999975 0.00000000099999999975 0.00000000099999999975 0.00000000099999999975 0.99999999099999992147 
0.00000000099999999972 0.00000000099999999972 0.00000000099999999972 0.00000000099999999972 0.00000000099999999972 0.99999999100000014352 0.00000000099999999972 0.00000000099999999972 0.00000000099999999972 0.00000000099999999972 
0.00000000099999999993 0.00000000099999999993 0.92039863991250936426 0.00000000099999999993 0.07959783285559141053 0.00000000099999999993 0.00000000099999999993 0.00000000166650984505 0.00000351956538946643 0.00000000099999999993 
0.00000000099999999946 0.00000000099999999946 0.00000000099999999946 0.00000000099999999946 0.00000000099999999946 0.00000000099999999946 0.00000000099999999946 0.99999999100000003249 0.00000000099999999946 0.00000000099999999946 
0.00000000099999999988 0.00000000099999999988 0.97505309333374567959 0.00000000099999999988 0.02494689866625430033 0.00000000099999999988 0.00000000099999999988 0.00000000099999999988 0.00000000099999999988 0.00000000099999999988 
0.00000000099999999983 0.00000000099999999983 0.00000000099999999983 0.00000000099999999983 0.00000000099999999983 0.00000000099999999983 0.00000000099999999983 0.00000000099999999983 0.99999999099999992147 0.00000000099999999983 
0.00000000099999999985 0.99999999100000014352 0.00000000099999999985 0.00000000099999999985 0.00000000099999999985 0.00000000099999999985 0.00000000099999999985 0.00000000099999999985 0.00000000099999999985 0.00000000099999999985 
0.00000000099999999977 0.00000000099999999977 0.00000000099999999977 0.00000000099999999977 0.21915445567491409484 0.00000000099999999977 0.00000000099999999977 0.00000000099999999977 0.78084553632508590937 0.00000000099999999977 
0.00000000099999999981 0.00000000099999999981 0.00000000099999999981 0.00000000099999999981 0.19119773479166718433 0.00000000099999999981 0.00000000099999999981 0.00000000099999999981 0.80880225720833287539 0.00000000099999999981 
0.00000000099999999997 0.00000040024843006978 0.49052615703157037563 0.01600946485414622006 0.08951640163964082186 0.00388496955700120498 0.00000000099999999997 0.00203442460581595508 0.00000000099999999997 0.39802817906339527099 
0.00000000099999999995 0.00000000099999999995 0.60140583627735988426 0.01409052244151197224 0.00002110358428446445 0.00000000099999999995 0.01286358473218357154 0.00000000099999999995 0.08134343999696513894 0.29027550896769482858 
0.00000000099999999986 0.00000000099999999986 0.00000000099999999986 0.00000000099999999986 0.00000000099999999986 0.00000000099999999986 0.00000000099999999986 0.00000000099999999986 0.99999999099999992147 0.00000000099999999986 
0.00000000099999999977 0.00000000099999999977 0.00000000099999999977 0.00000000099999999977 0.29226640092970135321 0.00000000099999999977 0.00000000099999999977 0.00000000099999999977 0.70773359107029853998 0.00000000099999999977 
0.00000000099999999982 0.00000000099999999982 0.00000000099999999982 0.00000000099999999982 0.00000000099999999982 0.00000000099999999982 0.00000000099999999982 0.00000000099999999982 0.00000000099999999982 0.99999999099999992147 
0.00000000099999999985 0.99999999100000014352 0.00000000099999999985 0.00000000099999999985 0.00000000099999999985 0.00000000099999999985 0.00000000099999999985 0.00000000099999999985 0.00000000099999999985 0.00000000099999999985 
0.00000000099999999997 0.00000000099999999997 0.41808695688908475985 0.00000000099999999997 0.11455732760071117571 0.00000000099999999997 0.01385718162929432638 0.00550574197311338304 0.00000000099999999997 0.44799278690779642531 
0.00000000099999999980 0.00000000099999999980 0.00000000099999999980 0.00000000099999999980 0.00000000099999999980 0.00000000099999999980 0.00000000099999999980 0.00000000099999999980 0.99999999099999992147 0.00000000099999999980 
0.00000000099999999987 0.00000000099999999987 0.00000000099999999987 0.00000000099999999987 0.00000000099999999987 0.00000000099999999987 0.00000000099999999987 0.00000000099999999987 0.00000000099999999987 0.99999999100000003249 
0.00000000099999999982 0.00000000099999999982 0.00000000099999999982 0.00000000099999999982 0.00000000099999999982 0.00000000099999999982 0.00000000099999999982 0.00000000099999999982 0.00000000099999999982 0.99999999100000003249 
0.00000000099999999986 0.00000000099999999986 0.00000000099999999986 0.00000000099999999986 0.10781323065804980510 0.00000000099999999986 0.00000000099999999986 0.00000000099999999986 0.89218676134195018523 0.00000000099999999986 
0.00000000099999999986 0.99999999100000025454 0.00000000099999999986 0.00000000099999999986 0.00000000099999999986 0.00000000099999999986 0.00000000099999999986 0.00000000099999999986 0.00000000099999999986 0.00000000099999999986 
0.00000000099999999988 0.00000000099999999988 0.00000000099999999988 0.00000000099999999988 0.17708661783526646882 0.00000000099999999988 0.00000000099999999988 0.00000000099999999988 0.82291337416473342437 0.00000000099999999988 
