0.00012091371812400187 0.00000004523957494917 0.33526379771103215210 0.66461524233126878514 0.00000000100000000000 
0.00232534053609827077 0.00108118839334374762 0.00000000099999999999 0.87635994123850768922 0.12023352883205039310 
0.00000000099999999999 0.01602080922302709376 0.01189610391509795563 0.89618393019332054372 0.07589915566855448548 
0.00000000099999999998 0.00000000099999999998 0.00000000099999999998 0.89620918735207921735 0.10379080964792070096 
0.00000000099999999998 0.00000000099999999998 0.00000000099999999998 0.91687544219769434584 0.08312455480230558635 
0.00000000099999999997 0.00000000099999999997 0.00000000099999999997 0.90637623362511665626 0.09362376337488330369 
0.00000000099999999994 0.98090161185918811615 0.00000000099999999994 0.00000000099999999994 0.01909838514081194094 
0.00000000099999999995 0.00000000099999999995 0.00000000099999999995 0.99999999599999989108 0.00000000099999999995 
0.02040208985859116517 0.00000000099999999997 0.00000000099999999997 0.92702477921076220646 0.05257312893064664677 
0.00000000099999999994 0.99999999600000011313 0.00000000099999999994 0.00000000099999999994 0.00000000099999999994 
0.00000000099999999997 0.99993927018330974743 0.00001150606615673541 0.00000000099999999997 0.00004922175053361155 
0.00000001073323135449 0.99999998626676867008 0.00000000099999999997 0.00000000099999999997 0.00000000099999999997 
0.00000000099999999992 0.00000000099999999992 0.00000000099999999992 0.00000000099999999992 0.99999999599999989108 
0.00000000099999999999 0.54912872655999644955 0.17082539563919024728 0.11549060449028483721 0.16455527231052857751 
0.00000000539451270232 0.00001614666403090797 0.42064325806714886191 0.16320452541952248926 0.41613606445478507068 
0.00000000099999999994 0.99991064636981730196 0.00000000099999999994 0.00000000099999999994 0.00008935063018279534 
0.00000000099999999999 0.45421722208370984841 0.24082311987156079791 0.10473297701147719907 0.20022668003325211350 
0.00000000100000000000 0.00014260578006977838 0.24329762539789970277 0.56620570318963026057 0.19035406463240042707 
0.00000000099999999983 0.00000000099999999983 0.99999999600000000211 0.00000000099999999983 0.00000000099999999983 
0.00000000099999999999 0.00898038978908636057 0.49895197900097648658 0.00000000099999999999 0.49206762920993718513 
0.00000000099999999985 0.00000000099999999985 0.00000000099999999985 0.00000000099999999985 0.99999999599999989108 
0.00000000099999999997 0.98294998674625788659 0.00000000099999999997 0.00000000099999999997 0.01705001025374220519 
0.00000000099999999989 0.00000000099999999989 0.99999999599999989108 0.00000000099999999989 0.00000000099999999989 
0.00000000099999999998 0.00000000099999999998 0.00000000099999999998 0.86553116559642484518 0.13446883140357512865 
0.00000000099999999996 0.97559335560171867030 0.00000000099999999996 0.00000000099999999996 0.02440664139828135210 
0.00000000099999999997 0.99901543920717816860 0.00000000099999999997 0.00000000099999999997 0.00098455779282200125 
0.00000000099999999996 0.00000000099999999996 0.00000000099999999996 0.00000000099999999996 0.99999999600000000211 
0.00000014563566254500 0.00000000099999999999 0.00000000114217612383 0.87424308945930784276 0.12575676276285355226 
0.00000000099999999997 0.00000000099999999997 0.00000000099999999997 0.91745439352778301867 0.08254560347221702454 
0.00000000099999999999 0.99983626220094989900 0.00000000099999999999 0.00000000676525690567 0.00016372903379331948 
0.00168602618521614426 0.88469454481542131319 0.03439548573077392396 0.07921935657102899264 0.00000458669755955562 
0.01527828011770558485 0.93351622502867526165 0.01724957791456729200 0.00000000099999999998 0.03395591593905198519 
0.00165519604770451075 0.00000009597748702248 0.00000000099999999999 0.84380316036263336432 0.15454154661217514577 
0.99999999600000011313 0.00000000099999999987 0.00000000099999999987 0.00000000099999999987 0.00000000099999999987 
0.04500819399786477881 0.00000000099999999999 0.00000000099999999999 0.86679032514654841268 0.08820147885558675405 
0.00000000099999999997 0.99779777294101335006 0.00220222405898663331 0.00000000099999999997 0.00000000099999999997 
0.00000000099999999992 0.00000000099999999992 0.99999999599999989108 0.00000000099999999992 0.00000000099999999992 
0.99999999600000000211 0.00000000099999999979 0.00000000099999999979 0.00000000099999999979 0.00000000099999999979 
0.00000000099999999998 0.99999996754383135844 0.00000002945616859991 0.00000000099999999998 0.00000000099999999998 
0.00000000099999999995 0.99168642953755703484 0.00831356746244287827 0.00000000099999999995 0.00000000099999999995 
0.00000000099999999997 0.95638753526428155194 0.00011683761201812974 0.00000000099999999997 0.04349562512370031692 
0.00000000099999999996 0.00000000099999999996 0.00000000099999999996 0.99999999599999989108 0.00000000099999999996 
0.00141279796282352764 0.09569076202065772419 0.00000000573522695490 0.90287630339832980475 0.00002013088296199724 
0.00000000099999999995 0.00000000099999999995 0.00000000099999999995 0.00000000099999999995 0.99999999599999989108 
0.00000093458954934448 0.00000000099999999998 0.00000000099999999998 0.46229335521321468505 0.53770570819723595424 
0.00000000099999999993 0.00000000099999999993 0.00000000099999999993 0.99999999600000000211 0.00000000099999999993 
0.00889647562466616172 0.98121306651725659354 0.00000000099999999999 0.00000000099999999999 0.00989045585807737243 
0.00000000099999999993 0.00000000099999999993 0.00000000099999999993 0.99999999599999989108 0.00000000099999999993 
0.00000000299548837204 0.00000000099999999998 0.00000000099999999998 0.99999999400451156095 0.00000000099999999998 
0.00000000099999999996 0.00000000099999999996 0.00000000099999999996 0.99999999599999989108 0.00000000099999999996 
0.02879543998476169486 0.00000000099999999998 0.00000000099999999998 0.89116483186719197551 0.08003972614804640007 
0.00000000099999999989 0.00000000099999999989 0.00000000099999999989 0.99999999600000000211 0.00000000099999999989 
0.00000000099999999990 0.00000000099999999990 0.00000000099999999990 0.99999999600000000211 0.00000000099999999990 
0.00033743579550803496 0.52255899463143362649 0.00658331560256367101 0.00000000099999999997 0.47052025297049460129 
0.00333533633264574770 0.00012983835832706766 0.01083049397974582620 0.88180382100705934079 0.10390051032222208383 
0.01287879821687666453 0.00000000099999999999 0.00000000099999999999 0.97625913707690215038 0.01086206270622126248 
0.00000000099999999995 0.00000000099999999995 0.00000000099999999995 0.99999999599999989108 0.00000000099999999995 
0.02465927452119474547 0.00000000099999999998 0.00000000099999999998 0.88416131935123676300 0.09117940412756858626 
0.00000000099999999995 0.00000000099999999995 0.00000000099999999995 0.99999999599999989108 0.00000000099999999995 
0.00000000099999999998 0.00000000099999999998 0.00000000099999999998 0.91697618413081061206 0.08302381286918932013 
0.00000000099999999997 0.00000000099999999997 0.00000000099999999997 0.90783624832126519344 0.09216374867873478038 
0.00661216756492005904 0.00000000099999999996 0.00000000099999999996 0.99338782943507997203 0.00000000099999999996 
0.00000000099999999993 0.00000000099999999993 0.00000000099999999993 0.99999999600000000211 0.00000000099999999993 
0.00000000099999999999 0.07556202973406019041 0.92441942844561519887 0.00001853982032453032 0.00000000099999999999 
0.00000000099999999998 0.00000000099999999998 0.00000000099999999998 0.91619519216317957255 0.08380480483682042903 
0.01957604238446255390 0.00000000099999999999 0.01111894519441104096 0.96930501042112637844 0.00000000099999999999 
0.00000000099999999993 0.00000000099999999993 0.99999999599999989108 0.00000000099999999993 0.00000000099999999993 
0.00966063057902932787 0.99006898266289045107 0.00024673040298623370 0.00000000099999999999 0.00002365535509411262 
0.00071233313124517358 0.00000000099999999998 0.00000000099999999998 0.91242525092079962423 0.08686241394795531090 
0.00000000099999999996 0.00000000099999999996 0.99999999599999989108 0.00000000099999999996 0.00000000099999999996 
0.00000000099999999995 0.00000000099999999995 0.99861378293946689855 0.00000000099999999995 0.00138621406053307094 
0.00000000099999999998 0.02145330237206993437 0.97854662662636004988 0.00000000099999999998 0.00000006900157023222 
0.00000000099999999994 0.00000000099999999994 0.00000000099999999994 0.00000000099999999994 0.99999999600000000211 
0.00799940714684211143 0.00000000099999999997 0.38031542583273947322 0.00000000099999999997 0.61168516502041836436 
0.02284882495858969395 0.03604927343275955015 0.28212916449264985319 0.14552563690535844088 0.51344710021064254857 
0.00000000099999999996 0.00000000099999999996 0.00000000099999999996 0.00000000099999999996 0.99999999600000000211 
0.00000000099999999995 0.99999999600000000211 0.00000000099999999995 0.00000000099999999995 0.00000000099999999995 
0.00000000099999999992 0.00000000099999999992 0.99999999599999989108 0.00000000099999999992 0.00000000099999999992 
0.01938889231768470278 0.00000000099999999996 0.34604965177477398086 0.00000000099999999996 0.63456145390754137292 
0.02355016277372347713 0.00000000099999999997 0.37833919800306514691 0.00000000099999999997 0.59811063722321133884 
0.03669179826690752849 0.07095636218652584537 0.85072404096835030352 0.00000000100000000000 0.04162779757821637172 
0.01152189588211157203 0.16382425848803724988 0.07411687170839000027 0.18143180984932719135 0.56910516407213396217 
0.00617558149672528013 0.78635224834992312193 0.06998626371796878853 0.12174893975254055811 0.01573696668284221487 
0.00000000099999999995 0.00000000099999999995 0.00000000099999999995 0.00000000099999999995 0.99999999600000000211 
0.00821676594126155742 0.00000489533754623677 0.99177617521742045259 0.00000000099999999999 0.00000216250377189414 
0.00000000099999999995 0.99999999600000000211 0.00000000099999999995 0.00000000099999999995 0.00000000099999999995 
0.00000000099999999998 0.93756013239083124677 0.03831849493198771078 0.00000000099999999998 0.02412137067718108860 
0.00000000099999999994 0.00776555815727556723 0.00000000099999999994 0.00000000099999999994 0.99223443884272444215 
0.00000000103033170879 0.98665745187056974608 0.01182435579670594247 0.00000000099999999998 0.00151819030239255717 
0.01218378694510740233 0.00000000099999999997 0.37253254662814722087 0.00000000099999999997 0.61528366442674531367 
0.00000000100000000000 0.00593056698555683402 0.00040714490609540668 0.03397068261596557226 0.95969160449238233301 
0.00000000099999999996 0.06743033803731716957 0.93256965810525205285 0.00000000099999999996 0.00000000185743070042 
0.00000357720041033221 0.03876688148007915308 0.00000000099999999998 0.00000000099999999998 0.96122953931951060635 
0.00000000099999999998 0.93314525639957168757 0.04908729365896315200 0.00000000099999999998 0.01776744794146521353 
0.00000000099999999993 0.00000000099999999993 0.00000000099999999993 0.99999999600000000211 0.00000000099999999993 
0.00000000099999999989 0.00000000099999999989 0.00000000099999999989 0.99999999600000000211 0.00000000099999999989 
0.04109860755667393839 0.00000000099999999997 0.00000000099999999997 0.88502154112689879195 0.07387984931642728459 
0.00479672147437119022 0.00000000099999999997 0.00000000099999999997 0.92098431573136441131 0.07421896079426432147 
0.04891532822298890609 0.00052522480495619190 0.90951364244472998610 0.03165812646862348895 0.00938767805870155576 
0.00000000099999999997 0.00000000099999999997 0.00000000099999999997 0.83529958176801011316 0.16470041523198983291 
0.00603790834296659504 0.00000000099999999998 0.00000000099999999998 0.89038580009226964140 0.10357628956476375159 
0.00770237557345381831 0.02605820809473326574 0.84964630908117455554 0.11659305916101991851 0.00000004808961829322 
0.02313126560670787299 0.08933667054470441349 0.00000000099999999999 0.77279232474520398455 0.11473973810338376766 
0.00000000099999999993 0.00000000099999999993 0.00000000099999999993 0.99999999599999989108 0.00000000099999999993 
0.00000000100000000000 0.00155773369070070860 0.82775630812164735506 0.17040309136966683146 0.00028286581798510254 
0.00000000099999999995 0.88907910373672782711 0.08445296884646315283 0.00000000099999999995 0.02646792541680892397 
0.00000000099999999992 0.00000000099999999992 0.99999999599999989108 0.00000000099999999992 0.00000000099999999992 
0.00000000099999999993 0.00000000099999999993 0.00000000099999999993 0.00000000099999999993 0.99999999599999989108 
0.00000000099999999997 0.99656731583832569576 0.00000000099999999997 0.00000000099999999997 0.00343268116167442811 
0.00012564970409168340 0.00000000099999999999 0.01293909922400653806 0.90743984086012108303 0.07949540921178070707 
0.00915757262697844236 0.00005883707179151363 0.16165253100024803978 0.72700690244010413021 0.10212415686087780720 
0.00000000099999999998 0.00000000099999999998 0.00000000099999999998 0.89665394906866358049 0.10334604793133636558 
0.00000000099999999999 0.00346725736407398327 0.00000009601087883806 0.91928639306647486062 0.07724625255857249517 
0.00001010034753158990 0.00368051977541694391 0.00000000099999999999 0.89093185818988918090 0.10537752068716220444 
0.00000047943623863281 0.00000000099999999997 0.00000000099999999997 0.93056081299033210907 0.06943870557342919636 
0.00000000099999999997 0.96339881787922743150 0.02542059073883364689 0.00000000099999999997 0.01118058938193892092 
0.00000000099999999997 0.00014363396940912979 0.00000000099999999997 0.00000000099999999997 0.99985636303059099994 
0.00000000099999999997 0.98360885123692065601 0.01503713866900312050 0.00000000099999999997 0.00135400809407625251 
0.00000000099999999998 0.99995606837105344145 0.00004392862894655295 0.00000000099999999998 0.00000000099999999998 
0.00000000099999999993 0.00000000099999999993 0.00000000099999999993 0.00000000099999999993 0.99999999600000000211 
0.00000000099999999989 0.00000000099999999989 0.99999999600000000211 0.00000000099999999989 0.00000000099999999989 
0.00000000099999999993 0.00000000099999999993 0.99999999599999989108 0.00000000099999999993 0.00000000099999999993 
0.00000000099999999994 0.99999999600000011313 0.00000000099999999994 0.00000000099999999994 0.00000000099999999994 
0.00000000099999999995 0.99999999600000011313 0.00000000099999999995 0.00000000099999999995 0.00000000099999999995 
0.00000000099999999995 0.99998646892356934934 0.00001352807643066559 0.00000000099999999995 0.00000000099999999995 
0.00000000099999999994 0.00000000810167277114 0.99999998889832719673 0.00000000099999999994 0.00000000099999999994 
0.00000073596183007865 0.03758748689083422911 0.96241106535604614702 0.00000000099999999999 0.00000071079128969940 
0.00000000099999999995 0.99999999600000000211 0.00000000099999999995 0.00000000099999999995 0.00000000099999999995 
0.00000000099999999995 0.00000000099999999995 0.00000000099999999995 0.00000000099999999995 0.99999999600000000211 
0.03313669488838043298 0.87696416089850959263 0.03116877638255684604 0.00000000099999999999 0.05873036683055304907 
0.00000000099999999991 0.00000000099999999991 0.99999999600000000211 0.00000000099999999991 0.00000000099999999991 
0.00000000099999999995 0.99961615611462328879 0.00038384088537679335 0.00000000099999999995 0.00000000099999999995 
0.01164376421802595582 0.00004445848189659393 0.00000000100000000000 0.87207146989240102997 0.11624030640767654687 
0.00004811512166842683 0.01224206301053212646 0.83475849287251779884 0.00000000099999999998 0.15295132799528168843 
0.02992894474181947290 0.10227209639691559051 0.00000000099999999999 0.85313628365818294785 0.01466267420308202049 
0.00000000099999999990 0.00000000099999999990 0.99999999599999989108 0.00000000099999999990 0.00000000099999999990 
0.00000000099999999997 0.99954014139402480588 0.00001884734825794477 0.00000000099999999997 0.00044100925771741340 
0.00000000099999999994 0.99999999600000000211 0.00000000099999999994 0.00000000099999999994 0.00000000099999999994 
0.00000000099999999992 0.00000000099999999992 0.99999999599999989108 0.00000000099999999992 0.00000000099999999992 
0.00000000099999999994 0.99999999600000000211 0.00000000099999999994 0.00000000099999999994 0.00000000099999999994 
0.07367060350489409992 0.64267730768628106297 0.01255811144788874026 0.21122531703567923311 0.05986866032525672149 
0.00000000099999999993 0.00000000099999999993 0.99999999600000000211 0.00000000099999999993 0.00000000099999999993 
0.00000000099999999999 0.99838278072978237088 0.00161721627021765065 0.00000000099999999999 0.00000000099999999999 
0.00688428215684067004 0.00000000099999999998 0.00000000099999999998 0.99311571484315941394 0.00000000099999999998 
0.99999999600000011313 0.00000000099999999976 0.00000000099999999976 0.00000000099999999976 0.00000000099999999976 
0.00130193920503797380 0.00000000099999999998 0.00000000099999999998 0.92677249073495249210 0.07192556806000946490 
0.00999727218525447471 0.00000000099999999998 0.00000000099999999998 0.91609996325295428576 0.07390276256179115211 
0.00000043775236479526 0.00000000099999999999 0.01333882707797282539 0.90028923569254759585 0.08637149847711479700 
0.00000000099999999997 0.00000000099999999997 0.00000000099999999997 0.89473477819988578297 0.10526521880011420473 
0.00000000099999999999 0.00000000099999999999 0.01813497435535758526 0.88585653448793466591 0.09600848915670785744 
0.01209382418113507697 0.08260134308798448843 0.02205261627347283523 0.83153918351211697502 0.05171303294529064343 
0.00084630147039147776 0.00000000099999999997 0.00000000099999999997 0.89924803783836559923 0.09990565869124294618 
0.00000000099999999989 0.00000000099999999989 0.99999999599999989108 0.00000000099999999989 0.00000000099999999989 
0.01386822712275506859 0.00000000099999999998 0.00000000099999999998 0.89559812106577008084 0.09053364981147467294 
0.99999999600000011313 0.00000000099999999977 0.00000000099999999977 0.00000000099999999977 0.00000000099999999977 
0.01035795242809776917 0.00000000099999999999 0.00000002348676734195 0.91339751367032484541 0.07624450941481018817 
0.00000000099999999992 0.00000000099999999992 0.00000000099999999992 0.99999999599999989108 0.00000000099999999992 
0.00000000099999999994 0.99999999600000000211 0.00000000099999999994 0.00000000099999999994 0.00000000099999999994 
0.00000000099999999990 0.00000000099999999990 0.00000000099999999990 0.99999999600000000211 0.00000000099999999990 
0.00000000099999999991 0.00000000099999999991 0.00000000099999999991 0.99999999599999989108 0.00000000099999999991 
0.00586659663837338623 0.01216839466550820488 0.00629177525342582492 0.86994929734873605032 0.10572393609395648595 
0.00318503017407563383 0.00000000099999999999 0.00132301442372689034 0.89667762533709538531 0.09881432906510204117 
0.00000000099999999996 0.00000000099999999996 0.00000000099999999996 0.99999999600000000211 0.00000000099999999996 
0.00000000099999999992 0.00000000099999999992 0.00000000099999999992 0.99999999600000000211 0.00000000099999999992 
0.00369828680843588102 0.00000000099999999998 0.00000000099999999998 0.89677763972938162595 0.09952407146218253398 
0.00000000099999999995 0.99999999600000011313 0.00000000099999999995 0.00000000099999999995 0.00000000099999999995 
0.01668674234160819753 0.00000000100000000000 0.01053613762249121233 0.88577096543729849643 0.08700615359860210118 
0.00000000099999999993 0.00000000099999999993 0.00000000099999999993 0.99999999600000000211 0.00000000099999999993 
0.01855873862336707494 0.00000000100000000000 0.00000653572198949840 0.86761940298140927119 0.11381532167323417382 
0.00304085102106319179 0.00000000437397273772 0.00000000099999999999 0.91014949425584745768 0.08680964934911657160 
0.00000000099999999997 0.01419283731633991415 0.00000000099999999997 0.98580715968365995039 0.00000000099999999997 
0.00000000099999999994 0.99999999600000011313 0.00000000099999999994 0.00000000099999999994 0.00000000099999999994 
0.00000000099999999998 0.00000217956033549080 0.00000000099999999998 0.99999781743966453806 0.00000000099999999998 
0.00000000100000000000 0.00272791746588711692 0.01246509541525070777 0.90715989351969705812 0.07764709259916506567 
0.00379316855943422244 0.00000000100000000000 0.00009444964796284441 0.84848312797770819582 0.14762925281489475138 
0.00000000099999999997 0.00000000099999999997 0.00000000099999999997 0.89853968240886561425 0.10146031459113424855 
0.00000000099999999994 0.99999999600000000211 0.00000000099999999994 0.00000000099999999994 0.00000000099999999994 
0.00000000099999999998 0.00000000099999999998 0.00000000099999999998 0.77390474605884995718 0.22609525094115009991 
0.01071104693697285705 0.00000000099999999997 0.00000000099999999997 0.88448760205122989309 0.10480134901179737061 
0.00792520086174246241 0.00000000099999999997 0.00000000099999999997 0.89032473004781920167 0.10175006709043828146 
0.03597163995770544243 0.00000000099999999999 0.00000006769597931185 0.88221676789892011783 0.08181152344739527071 
0.00000000099999999998 0.02833917089703496400 0.00000000099999999998 0.94640943463857019058 0.02525139246439494362 
0.00019151982345978069 0.86854357533010195791 0.00000000099999999999 0.13126490284643835271 0.00000000099999999999 
0.00003017787014471571 0.00000000099999999999 0.00000000099999999999 0.84082184507327706324 0.15914797505657837795 
0.00000000099999999990 0.00000000099999999990 0.00000000099999999990 0.99999999600000000211 0.00000000099999999990 
0.01625594081655453577 0.00000569361401148956 0.00000062934253387649 0.98373737980938269487 0.00000035641751733610 
0.00000000099999999999 0.00000000099999999999 0.05295236417786432920 0.92181520973721575718 0.02523242408491994590 
0.00011445712145993637 0.40525436625298172366 0.00000000099999999999 0.51940842986733182229 0.07522274575822658627 
0.00000236631504791019 0.00000000099999999996 0.00000000099999999996 0.90693278724272008429 0.09306484444223205033 
0.03151740965579355458 0.41198867989546916757 0.06508109539846800018 0.46282241510801502837 0.02859039994225423195 
0.00000024152296408887 0.00000000099999999998 0.00000000099999999998 0.72836210990094785167 0.27163764657608790998 
0.00005984771271954326 0.00227995522873238651 0.00290361774502181577 0.89294918154878899497 0.10180739776473728131 
0.00000000138675772148 0.34095096191769252991 0.00000000099999999999 0.57925964340575331057 0.07978939228979657627 
0.00000014044445876173 0.02671888719740327794 0.00000000115337098646 0.93745950589955961973 0.03582146530520746719 
0.00000000099999999999 0.00000000099999999999 0.81802559037781918949 0.18197423428241690790 0.00000017333976379381 
0.00000000099999999991 0.00000000099999999991 0.00000000099999999991 0.00000000099999999991 0.99999999599999989108 
0.00000023161450845047 0.00000000099999999998 0.00000000099999999998 0.89812280523906662388 0.10187696114642484646 
0.00000000099999999995 0.00000000099999999995 0.00000000099999999995 0.99999999600000000211 0.00000000099999999995 
0.00000000099999999997 0.00000000099999999997 0.00000000099999999997 0.99999999600000000211 0.00000000099999999997 
0.00000000099999999992 0.00000000099999999992 0.00000000099999999992 0.99999999599999989108 0.00000000099999999992 
0.99999999600000011313 0.00000000099999999991 0.00000000099999999991 0.00000000099999999991 0.00000000099999999991 
0.00000000100000000000 0.00317220114222088777 0.00003141856919098103 0.89989873741008519215 0.09689764187850304078 
0.00617272939548756117 0.00000000099999999999 0.00000000099999999999 0.92178027015610630723 0.07204699844840603551 
0.01173117525575123957 0.00000000099999999997 0.00000000099999999997 0.98826882174424879324 0.00000000099999999997 
0.00730859708176646253 0.00000000099999999998 0.00000000099999999998 0.89336816389655371307 0.09932323702167976387 
0.00000000099999999992 0.00000000099999999992 0.00000000099999999992 0.99999999600000000211 0.00000000099999999992 
0.99999999600000000211 0.00000000099999999976 0.00000000099999999976 0.00000000099999999976 0.00000000099999999976 
0.00000000099999999995 0.00000000099999999995 0.00000000099999999995 0.99999999600000000211 0.00000000099999999995 
0.00000000099999999996 0.00000000099999999996 0.00000000099999999996 0.99999999600000000211 0.00000000099999999996 
0.99999999600000000211 0.00000000099999999975 0.00000000099999999975 0.00000000099999999975 0.00000000099999999975 
0.99999999600000000211 0.00000000099999999986 0.00000000099999999986 0.00000000099999999986 0.00000000099999999986 
0.00702329875740855068 0.00000000099999999999 0.00000000099999999999 0.86890899134126042824 0.12406770790133089810 
0.00000000099999999988 0.00000000099999999988 0.00000000099999999988 0.99999999600000000211 0.00000000099999999988 
0.02934388036074349337 0.00000000099999999998 0.00000000099999999998 0.88052691396788718148 0.09012920367136932620 
0.00560299938869326334 0.00000000099999999994 0.00000000099999999994 0.99439699761130673217 0.00000000099999999994 
