0.00000000099999999999 0.47461558866549902191 0.00000000099999999999 0.00000000099999999999 0.13667943485962963379 0.06112878791353845015 0.32757618356133283433 0.00000000099999999999 0.00000000099999999999 
0.00000000099999999997 0.00000000099999999997 0.00000000099999999997 0.00000000099999999997 0.23128731735278273973 0.01949219899831747260 0.00000000099999999997 0.72221428176107382857 0.02700619688782606581 
0.01151692897641405297 0.15479088812258690044 0.00000000099999999998 0.00000000099999999998 0.41613007041583094381 0.00000000099999999998 0.00000000099999999998 0.40830423072520372063 0.00925787775996440680 
0.00000000099999999996 0.09723550386662929701 0.00000000099999999996 0.01124648824071463986 0.17922815142911624475 0.00000000099999999996 0.00000000099999999996 0.71228985146353973601 0.00000000099999999996 
0.00000000099999999995 0.00000000099999999995 0.00000000099999999995 0.00000000099999999995 0.36051107345534055826 0.11884849599844991841 0.00000000099999999995 0.52064042454620951261 0.00000000099999999995 
0.00000000099999999983 0.00000000099999999983 0.00000000099999999983 0.00000000099999999983 0.99999999200000000421 0.00000000099999999983 0.00000000099999999983 0.00000000099999999983 0.00000000099999999983 
0.95902813937306508052 0.00000000099999999984 0.00000000099999999984 0.00000000099999999984 0.00000000099999999984 0.00000000099999999984 0.00000000099999999984 0.00000000099999999984 0.04097185362693515215 
0.00000000099999999976 0.00000000099999999976 0.00000000099999999976 0.00000000099999999976 0.00000000099999999976 0.99999999200000011523 0.00000000099999999976 0.00000000099999999976 0.00000000099999999976 
0.00000000099999999992 0.08695881918766606988 0.01503186349179455074 0.00000000099999999992 0.36828450999953715739 0.00000000099999999992 0.00000000099999999992 0.52972480232100205289 0.00000000099999999992 
0.99999999200000011523 0.00000000099999999985 0.00000000099999999985 0.00000000099999999985 0.00000000099999999985 0.00000000099999999985 0.00000000099999999985 0.00000000099999999985 0.00000000099999999985 
0.99725554207494759851 0.00000000099999999990 0.00000000099999999990 0.00000000099999999990 0.00000000099999999990 0.00000000099999999990 0.00000000099999999990 0.00000000099999999990 0.00274445092505255436 
0.99167592056702302816 0.00000000099999999992 0.00000000099999999992 0.00832407243297708134 0.00000000099999999992 0.00000000099999999992 0.00000000099999999992 0.00000000099999999992 0.00000000099999999992 
0.00000000099999999977 0.00000000099999999977 0.00000000099999999977 0.00000000099999999977 0.00000000099999999977 0.00000000099999999977 0.00000000099999999977 0.00000000099999999977 0.99999999200000000421 
0.55691445434555730820 0.00000000099999999998 0.00000000099999999998 0.18880190957329934243 0.00000000099999999998 0.00000000099999999998 0.12551731995298331945 0.12876631112816000480 0.00000000099999999998 
0.00000000099999999997 0.15132398000648833447 0.00000000099999999997 0.60689381494042715648 0.00000000099999999997 0.00000516948350294660 0.24177703056958169126 0.00000000099999999997 0.00000000099999999997 
0.99999852890830798202 0.00000000099999999988 0.00000000099999999988 0.00000146409169221734 0.00000000099999999988 0.00000000099999999988 0.00000000099999999988 0.00000000099999999988 0.00000000099999999988 
0.43857141192358817250 0.00000000099999999996 0.00000000099999999996 0.28218125071117639013 0.00000000099999999996 0.11429654461543244104 0.16495078774980312386 0.00000000099999999996 0.00000000099999999996 
0.00000000099999999998 0.30736615292055829984 0.00000000099999999998 0.27906579278918025588 0.02354281036581469880 0.23166743575865111904 0.15835780416579545160 0.00000000099999999998 0.00000000099999999998 
0.00000000099999999964 0.00000000099999999964 0.00000000099999999964 0.00000000099999999964 0.00000000099999999964 0.00000000099999999964 0.99999999199999989319 0.00000000099999999964 0.00000000099999999964 
0.00000000099999999991 0.00000000099999999991 0.00000000099999999991 0.68436838633359131645 0.00000000099999999991 0.00000000099999999991 0.31563160666640877050 0.00000000099999999991 0.00000000099999999991 
0.00000000099999999960 0.00000000099999999960 0.00000000099999999960 0.99999999200000011523 0.00000000099999999960 0.00000000099999999960 0.00000000099999999960 0.00000000099999999960 0.00000000099999999960 
0.97164641601507872881 0.00000000099999999990 0.00000000099999999990 0.00000001440359180135 0.00000000099999999990 0.00000000099999999990 0.00000000099999999990 0.00000000099999999990 0.02835356358132963897 
0.00000000099999999973 0.00000000099999999973 0.00000000099999999973 0.00000000099999999973 0.00000000099999999973 0.00000000099999999973 0.99999999199999989319 0.00000000099999999973 0.00000000099999999973 
0.00000000099999999996 0.11031306082324944529 0.00000000099999999996 0.00000000099999999996 0.22484270811780918131 0.00000000099999999996 0.00000000099999999996 0.60740508296556872114 0.05743914309337264795 
0.96487830634219085013 0.00000000099999999990 0.00000000099999999990 0.00000000099999999990 0.00000000099999999990 0.00000000099999999990 0.00000000099999999990 0.00000000099999999990 0.03512168665780936172 
0.97675034005233551948 0.00000000099999999990 0.00000000099999999990 0.02324965294766466462 0.00000000099999999990 0.00000000099999999990 0.00000000099999999990 0.00000000099999999990 0.00000000099999999990 
0.00000000099999999985 0.00000000099999999985 0.00000000099999999985 0.00000000099999999985 0.00000000099999999985 0.00000000099999999985 0.00000000099999999985 0.00000000099999999985 0.99999999199999989319 
0.00000000099999999998 0.00000000099999999998 0.00000000099999999998 0.03306633092716173422 0.40167650705555191237 0.04256427931241542340 0.00000000099999999998 0.52269287770487071754 0.00000000099999999998 
0.00000000099999999985 0.00000000099999999985 0.00000000099999999985 0.00000000099999999985 0.99999999200000000421 0.00000000099999999985 0.00000000099999999985 0.00000000099999999985 0.00000000099999999985 
0.99702089943843541509 0.00000000099999999998 0.00000000099999999998 0.00297909356156462546 0.00000000099999999998 0.00000000099999999998 0.00000000099999999998 0.00000000099999999998 0.00000000099999999998 
0.88406820199643532110 0.03182371511104684081 0.00000000277588193378 0.00000000099999999999 0.00000000099999999999 0.05132884222929521428 0.03277923388734082372 0.00000000099999999999 0.00000000099999999999 
0.92577284206098886532 0.00000000099999999993 0.01229283066434451975 0.06193432127466683146 0.00000000099999999993 0.00000000099999999993 0.00000000099999999993 0.00000000099999999993 0.00000000099999999993 
0.00000000099999999993 0.00000000099999999993 0.00000000099999999993 0.00000000099999999993 0.99556089907633782410 0.00000000099999999993 0.00000000099999999993 0.00000000099999999993 0.00443909392366224637 
0.00000000099999999973 0.00000000099999999973 0.99999999200000000421 0.00000000099999999973 0.00000000099999999973 0.00000000099999999973 0.00000000099999999973 0.00000000099999999973 0.00000000099999999973 
0.00000000099999999999 0.07672553416062632969 0.03743774272081851900 0.00000000099999999999 0.00000000099999999999 0.00111999411054920328 0.00000000099999999999 0.88471672400800605018 0.00000000099999999999 
0.99999996975244309638 0.00000000099999999993 0.00000000099999999993 0.00000000099999999993 0.00000000099999999993 0.00000000099999999993 0.00000002324755694891 0.00000000099999999993 0.00000000099999999993 
0.00000000099999999980 0.00000000099999999980 0.00000000099999999980 0.00000000099999999980 0.00000000099999999980 0.00000000099999999980 0.99999999200000000421 0.00000000099999999980 0.00000000099999999980 
0.00000000099999999955 0.00000000099999999955 0.99999999200000011523 0.00000000099999999955 0.00000000099999999955 0.00000000099999999955 0.00000000099999999955 0.00000000099999999955 0.00000000099999999955 
0.99999999200000022626 0.00000000099999999993 0.00000000099999999993 0.00000000099999999993 0.00000000099999999993 0.00000000099999999993 0.00000000099999999993 0.00000000099999999993 0.00000000099999999993 
0.98960985207071683334 0.00000000099999999988 0.00000000099999999988 0.00000000099999999988 0.00000000099999999988 0.00000000099999999988 0.01039014092928328310 0.00000000099999999988 0.00000000099999999988 
0.94609054370314649152 0.00000000099999999990 0.00000000099999999990 0.05390944929685378278 0.00000000099999999990 0.00000000099999999990 0.00000000099999999990 0.00000000099999999990 0.00000000099999999990 
0.00000000099999999989 0.56674555768104684095 0.00000000099999999989 0.00000000099999999989 0.00000000099999999989 0.43325443531895324600 0.00000000099999999989 0.00000000099999999989 0.00000000099999999989 
0.08829864575075511979 0.52013137780086582396 0.00218929108884445729 0.00000000099999999999 0.00000000099999999999 0.32287053459083292495 0.00000000099999999999 0.06629927272270166871 0.00021087504600003604 
0.00000000099999999982 0.00000000099999999982 0.00000000099999999982 0.00000000099999999982 0.00000000099999999982 0.00000000099999999982 0.00000000099999999982 0.00000000099999999982 0.99999999199999989319 
0.00000000099999999997 0.02642602666543185722 0.00000000099999999997 0.00000000099999999997 0.00000000099999999997 0.00000000099999999997 0.00000000099999999997 0.48152495782026394355 0.49204900951430408096 
0.00000000099999999987 0.31209735558243062448 0.00000000099999999987 0.00000000099999999987 0.00000000099999999987 0.68790263741756918492 0.00000000099999999987 0.00000000099999999987 0.00000000099999999987 
0.97324811789461196376 0.00000000099999999996 0.00886407335963786298 0.00000000099999999996 0.00000000099999999996 0.00000000099999999996 0.00000000099999999996 0.00000000099999999996 0.01788780274575035509 
0.00000000099999999977 0.99999999200000011523 0.00000000099999999977 0.00000000099999999977 0.00000000099999999977 0.00000000099999999977 0.00000000099999999977 0.00000000099999999977 0.00000000099999999977 
0.00000000099999999980 0.00000000099999999980 0.00000000099999999980 0.00000000099999999980 0.00000000099999999980 0.99999999200000000421 0.00000000099999999980 0.00000000099999999980 0.00000000099999999980 
0.00000000099999999980 0.99999999200000011523 0.00000000099999999980 0.00000000099999999980 0.00000000099999999980 0.00000000099999999980 0.00000000099999999980 0.00000000099999999980 0.00000000099999999980 
0.00000000099999999994 0.00000000099999999994 0.01623691778268198174 0.00000000099999999994 0.00000000099999999994 0.12241901125590294586 0.00000000099999999994 0.86134406496141502352 0.00000000099999999994 
0.00000000099999999982 0.37319817337969801718 0.00000000099999999982 0.00000000099999999982 0.00000000099999999982 0.62680181962030179221 0.00000000099999999982 0.00000000099999999982 0.00000000099999999982 
0.00000000099999999987 0.62003439034151375253 0.00000000099999999987 0.00000000099999999987 0.00000000099999999987 0.35572981440233264472 0.00000000099999999987 0.02423578925615356774 0.00000000099999999987 
0.49674317080343560749 0.00000000099999999989 0.00000000099999999989 0.10664602435981984652 0.00000000099999999989 0.00000000099999999989 0.00000000099999999989 0.00000000099999999989 0.39661079883674460467 
0.00000000099999999999 0.00000000099999999999 0.00000000099999999999 0.03026637115407083273 0.27086843988195746791 0.18120718415838352189 0.00021221464103272585 0.51744578616455549902 0.00000000099999999999 
0.00000000099999999996 0.22020291705077110755 0.00000000099999999996 0.00000000099999999996 0.42070430178873080562 0.35909277516049814549 0.00000000099999999996 0.00000000099999999996 0.00000000099999999996 
0.00000000099999999981 0.00000000099999999981 0.00000000099999999981 0.00000000099999999981 0.00000000099999999981 0.99999999200000000421 0.00000000099999999981 0.00000000099999999981 0.00000000099999999981 
0.00000000099999999995 0.00000000099999999995 0.00478426768420502600 0.00000000099999999995 0.44355187900069209528 0.00000000099999999995 0.00000000099999999995 0.55166384731510276218 0.00000000099999999995 
0.00000000099999999982 0.99999999200000011523 0.00000000099999999982 0.00000000099999999982 0.00000000099999999982 0.00000000099999999982 0.00000000099999999982 0.00000000099999999982 0.00000000099999999982 
0.00000000099999999992 0.00000000099999999992 0.00000000099999999992 0.00000000099999999992 0.32335742051592275548 0.00000000099999999992 0.00000000099999999992 0.67664257248407710943 0.00000000099999999992 
0.00000000099999999991 0.06478922461013300604 0.00000000099999999991 0.00000000099999999991 0.00180896859637895446 0.00000000099999999991 0.00000000099999999991 0.93340180079348800124 0.00000000099999999991 
0.00000000099999999992 0.28163559630245604826 0.00000000099999999992 0.00000000099999999992 0.00000000099999999992 0.69490174320543873776 0.00000000099999999992 0.02346265449210519285 0.00000000099999999992 
0.00000000099999999980 0.99999999200000022626 0.00000000099999999980 0.00000000099999999980 0.00000000099999999980 0.00000000099999999980 0.00000000099999999980 0.00000000099999999980 0.00000000099999999980 
0.07344162605262510857 0.00000010052494800370 0.00000000099999999997 0.00000000099999999997 0.00000000099999999997 0.00000000099999999997 0.92655826742242697325 0.00000000099999999997 0.00000000099999999997 
0.00000000099999999990 0.01504389357757279951 0.00000000099999999990 0.00000000099999999990 0.00000000099999999990 0.00000000099999999990 0.00000000099999999990 0.98495609942242723367 0.00000000099999999990 
0.00000000099999999998 0.49342332196735599892 0.01681833286461576621 0.00000000099999999998 0.00000000099999999998 0.48711947710711861470 0.00263649987605269528 0.00000236418485693323 0.00000000099999999998 
0.00000000099999999980 0.00000000099999999980 0.00000000099999999980 0.00000000099999999980 0.00000000099999999980 0.00000000099999999980 0.99999999199999989319 0.00000000099999999980 0.00000000099999999980 
0.98910471156440615825 0.00000000099999999994 0.01078125927245657430 0.00000000099999999994 0.00000000099999999994 0.00000000099999999994 0.00000000099999999994 0.00000000099999999994 0.00011402316313735836 
0.00000000099999999991 0.00000000099999999991 0.00000000099999999991 0.00000000099999999991 0.00000000099999999991 0.00000000099999999991 0.00000000099999999991 0.99999999200000000421 0.00000000099999999991 
0.00000000099999999990 0.00000000099999999990 0.00000000099999999990 0.00000000099999999990 0.00000000099999999990 0.00000000099999999990 0.99999999199999989319 0.00000000099999999990 0.00000000099999999990 
0.00000000099999999984 0.00000000099999999984 0.00000000099999999984 0.00000000099999999984 0.00000000099999999984 0.00000000099999999984 0.98759958352874332999 0.00000000099999999984 0.01240040947125666329 
0.01810770394710618444 0.00000000099999999993 0.00000000099999999993 0.00000000099999999993 0.00000000099999999993 0.00000000099999999993 0.98189228905289394067 0.00000000099999999993 0.00000000099999999993 
0.00000000099999999982 0.00000000099999999982 0.00000000099999999982 0.00000000099999999982 0.00000000099999999982 0.00000000099999999982 0.00000000099999999982 0.00000000099999999982 0.99999999199999989319 
0.00000000099999999981 0.00000000099999999981 0.00000000099999999981 0.97510713487878275529 0.00000000099999999981 0.00000000099999999981 0.02489285812121719982 0.00000000099999999981 0.00000000099999999981 
0.00000477884753156775 0.14732217296153055086 0.01480950960329710346 0.49703117649174144432 0.00000000099999999999 0.00000000099999999999 0.15515184081692967588 0.00000000099999999999 0.18568051827896969730 
0.00000000099999999985 0.00000000099999999985 0.00000000099999999985 0.00000000099999999985 0.00000000099999999985 0.00000000099999999985 0.00000000099999999985 0.00000000099999999985 0.99999999199999989319 
0.99999999200000022626 0.00000000099999999988 0.00000000099999999988 0.00000000099999999988 0.00000000099999999988 0.00000000099999999988 0.00000000099999999988 0.00000000099999999988 0.00000000099999999988 
0.00000000099999999980 0.00000000099999999980 0.00000000099999999980 0.00000000099999999980 0.00000000099999999980 0.00000000099999999980 0.99999999199999989319 0.00000000099999999980 0.00000000099999999980 
0.00000000099999999969 0.00000000099999999969 0.00000000099999999969 0.99999999200000000421 0.00000000099999999969 0.00000000099999999969 0.00000000099999999969 0.00000000099999999969 0.00000000099999999969 
0.00000000099999999973 0.00000000099999999973 0.00000000099999999973 0.99999999200000000421 0.00000000099999999973 0.00000000099999999973 0.00000000099999999973 0.00000000099999999973 0.00000000099999999973 
0.06800228885413722724 0.00000000099999999998 0.03885182344722612480 0.00000000099999999998 0.00000000099999999998 0.00000000099999999998 0.84774968920028725972 0.00000000099999999998 0.04539619349834921047 
0.15561128081460690042 0.00000000100000000000 0.00354218573350982384 0.15545252488800331836 0.20116335274524119181 0.00000000100000000000 0.04430291441204186470 0.00019760166441434943 0.43973013774218283611 
0.77976400433194859030 0.00000000100000000000 0.00274891266627584055 0.01820234037245858916 0.00000000100000000000 0.00306583372265856191 0.06313807239444188535 0.13308083351221675072 0.00000000100000000000 
0.00000000099999999985 0.00000000099999999985 0.00000000099999999985 0.00000000099999999985 0.00000000099999999985 0.00000000099999999985 0.00000000099999999985 0.00000000099999999985 0.99999999200000000421 
0.00000000099999999994 0.00000000099999999994 0.00243701966737318223 0.04949466250454251370 0.00000000099999999994 0.00000000099999999994 0.94806831182808437575 0.00000000099999999994 0.00000000099999999994 
0.99999999200000011523 0.00000000099999999986 0.00000000099999999986 0.00000000099999999986 0.00000000099999999986 0.00000000099999999986 0.00000000099999999986 0.00000000099999999986 0.00000000099999999986 
0.92462712051999718099 0.00000000099999999995 0.00000000099999999995 0.05353246050568864767 0.00000000099999999995 0.00000000099999999995 0.02184040972241525769 0.00000000099999999995 0.00000000425189894505 
0.00000000099999999980 0.00000000099999999980 0.00000000099999999980 0.00000000099999999980 0.00000000099999999980 0.00000000099999999980 0.00000000099999999980 0.00000000099999999980 0.99999999199999989319 
0.95273208200193493234 0.00000000099999999991 0.00000000099999999991 0.00000000099999999991 0.00000000099999999991 0.00000000099999999991 0.00994638700403060669 0.00000000099999999991 0.03732152499403467577 
0.00000000099999999972 0.00000000099999999972 0.00000000099999999972 0.99999999200000011523 0.00000000099999999972 0.00000000099999999972 0.00000000099999999972 0.00000000099999999972 0.00000000099999999972 
0.00000000099999999993 0.00000000099999999993 0.00000000099999999993 0.00000000099999999993 0.00000000099999999993 0.00000000099999999993 0.00000000099999999993 0.00000000099999999993 0.99999999199999989319 
0.06500799292026931964 0.00000000099999999989 0.00000000099999999989 0.00000000099999999989 0.00000000099999999989 0.00000000099999999989 0.93499200007973060078 0.00000000099999999989 0.00000000099999999989 
0.00000000099999999990 0.00000000099999999990 0.00000000099999999990 0.00000000099999999990 0.00000000099999999990 0.00000000099999999990 0.00000000099999999990 0.00000000099999999990 0.99999999200000000421 
0.93235791538646450860 0.00000000099999999992 0.00000000099999999992 0.02735620447092860716 0.00000000099999999992 0.00000000099999999992 0.04028298249456662566 0.00000000099999999992 0.00000289264804048951 
0.00000000099999999987 0.26760880891647498281 0.00000000099999999987 0.00000000099999999987 0.00000000099999999987 0.73239118408352488210 0.00000000099999999987 0.00000000099999999987 0.00000000099999999987 
0.00000000099999999977 0.57387066926948870904 0.00000000099999999977 0.00000000099999999977 0.00000000099999999977 0.42612932373051137791 0.00000000099999999977 0.00000000099999999977 0.00000000099999999977 
0.00000000099999999994 0.00000000099999999994 0.02691156838998547129 0.00000000099999999994 0.21129566928134999038 0.03556404971435686568 0.00000000099999999994 0.72622870761430746711 0.00000000099999999994 
0.00000000099999999992 0.00000000099999999992 0.00000000099999999992 0.00000000099999999992 0.44462872986921270213 0.03889166598155872900 0.00000000099999999992 0.51647959814922850263 0.00000000099999999992 
0.00000000099999999999 0.00000000113263044461 0.04633590826708105376 0.00001284841094156810 0.00000000099999999999 0.00000084566172963872 0.90567168323663094220 0.04331500947761820347 0.00466370181336807788 
0.00000000099999999995 0.06738820452812328832 0.00000000099999999995 0.00000000099999999995 0.48491087101074509258 0.00000000099999999995 0.00000000099999999995 0.35942766698460226760 0.08827325247652959006 
0.00000000099999999991 0.00000000099999999991 0.00000000099999999991 0.00000000099999999991 0.00000000099999999991 0.00000000099999999991 0.00000000099999999991 0.99999999199999989319 0.00000000099999999991 
0.00698710804537454669 0.00000000099999999998 0.00163064994598878174 0.00000000099999999998 0.00000000099999999998 0.12947085377192646405 0.86191138323671023791 0.00000000099999999998 0.00000000099999999998 
0.10023169404380120884 0.03611836296073987762 0.02028525694109433938 0.00000000099999999999 0.42697286390526245636 0.06084572704412993804 0.00000000099999999999 0.33124202313132883324 0.02430406997364355920 
0.00000000099999999972 0.00000000099999999972 0.00000000099999999972 0.00000000099999999972 0.00000000099999999972 0.99999999200000000421 0.00000000099999999972 0.00000000099999999972 0.00000000099999999972 
0.00000000099999999998 0.00000000099999999998 0.00000000099999999998 0.00000000099999999998 0.02604028999356896440 0.15415911728792516810 0.81980058671850597474 0.00000000099999999998 0.00000000099999999998 
0.89078236075252348325 0.00000000099999999988 0.00000000099999999988 0.00697560744103002586 0.00000000099999999988 0.00000000099999999988 0.08394894105466414735 0.00000000099999999988 0.01829308575178255000 
0.00000000099999999981 0.00000000099999999981 0.00000000099999999981 0.00000000099999999981 0.00000000099999999981 0.00000000099999999981 0.99999999200000000421 0.00000000099999999981 0.00000000099999999981 
0.00000000099999999985 0.00000000099999999985 0.00000000099999999985 0.19060193734969427259 0.00000000099999999985 0.00000000099999999985 0.00000000099999999985 0.00000000099999999985 0.80939805565030564782 
0.99206056196608061182 0.00000000099999999994 0.00000000099999999994 0.00000000099999999994 0.00000000099999999994 0.00000000099999999994 0.00000000099999999994 0.00000000099999999994 0.00793943103391961218 
0.00000000099999999995 0.00000003871373994307 0.00000000099999999995 0.00000000099999999995 0.31486082188961156403 0.00000000099999999995 0.00000000099999999995 0.68513913339664833657 0.00000000099999999995 
0.00000000100000000000 0.02307798134206897125 0.00000000100000000000 0.01091040631217147019 0.36406163149173287330 0.01735158482801453170 0.16427238437020635908 0.42032600865580577176 0.00000000100000000000 
0.00000000099999999992 0.00000000099999999992 0.00000000099999999992 0.00000000099999999992 0.00000000099999999992 0.00000000099999999992 0.00000000099999999992 0.99999999199999989319 0.00000000099999999992 
0.00000000099999999985 0.00000000099999999985 0.00000000099999999985 0.00000000099999999985 0.99999999200000000421 0.00000000099999999985 0.00000000099999999985 0.00000000099999999985 0.00000000099999999985 
0.00000000099999999995 0.00000031670850880889 0.00000000099999999995 0.00000000099999999995 0.00000000099999999995 0.01975172536959401981 0.00000000099999999995 0.98024795192189717596 0.00000000099999999995 
0.00000000099999999989 0.00000000099999999989 0.00000000099999999989 0.00000000099999999989 0.32103080840910047655 0.10382498433145002925 0.00000000099999999989 0.57514420125944942797 0.00000000099999999989 
0.94236750109909916961 0.00000000099999999992 0.00000000099999999992 0.05763249190090097285 0.00000000099999999992 0.00000000099999999992 0.00000000099999999992 0.00000000099999999992 0.00000000099999999992 
0.00000000099999999988 0.00000000099999999988 0.00000000099999999988 0.00000000099999999988 0.00000000099999999988 0.00000000099999999988 0.00000000099999999988 0.00000000099999999988 0.99999999200000000421 
0.96448320505979046047 0.00000000099999999991 0.00000000099999999991 0.00000000099999999991 0.00000000099999999991 0.00000000099999999991 0.01454728763171518093 0.00000000099999999991 0.02096950130849454044 
0.99999999200000011523 0.00000000099999999995 0.00000000099999999995 0.00000000099999999995 0.00000000099999999995 0.00000000099999999995 0.00000000099999999995 0.00000000099999999995 0.00000000099999999995 
0.00000000099999999978 0.00000000099999999978 0.00000000099999999978 0.00000000099999999978 0.00000000099999999978 0.00000000099999999978 0.00000000099999999978 0.00000000099999999978 0.99999999200000000421 
0.00000000099999999973 0.00000000099999999973 0.00000000099999999973 0.00000000099999999973 0.00000000099999999973 0.00000000099999999973 0.99999999199999989319 0.00000000099999999973 0.00000000099999999973 
0.00000000099999999983 0.00000000099999999983 0.00000000099999999983 0.00000000099999999983 0.00000000099999999983 0.00000000099999999983 0.99999999199999989319 0.00000000099999999983 0.00000000099999999983 
0.99999999200000022626 0.00000000099999999984 0.00000000099999999984 0.00000000099999999984 0.00000000099999999984 0.00000000099999999984 0.00000000099999999984 0.00000000099999999984 0.00000000099999999984 
0.99999999200000022626 0.00000000099999999989 0.00000000099999999989 0.00000000099999999989 0.00000000099999999989 0.00000000099999999989 0.00000000099999999989 0.00000000099999999989 0.00000000099999999989 
0.99999999200000022626 0.00000000099999999986 0.00000000099999999986 0.00000000099999999986 0.00000000099999999986 0.00000000099999999986 0.00000000099999999986 0.00000000099999999986 0.00000000099999999986 
0.00000000099999999983 0.00000000099999999983 0.00000000099999999983 0.00000000099999999983 0.00000000099999999983 0.00000000099999999983 0.99999999200000000421 0.00000000099999999983 0.00000000099999999983 
0.03694286690270266738 0.00000000099999999995 0.00000000099999999995 0.00000000099999999995 0.00000000099999999995 0.00000000099999999995 0.96305712609729732243 0.00000000099999999995 0.00000000099999999995 
0.99999999200000022626 0.00000000099999999987 0.00000000099999999987 0.00000000099999999987 0.00000000099999999987 0.00000000099999999987 0.00000000099999999987 0.00000000099999999987 0.00000000099999999987 
0.00000000099999999980 0.00000000099999999980 0.00000000099999999980 0.00000000099999999980 0.00000000099999999980 0.00000000099999999980 0.00000000099999999980 0.00000000099999999980 0.99999999199999989319 
0.87228270029267018781 0.00000000099999999997 0.03289781109013124177 0.01210055894208344855 0.00000000099999999997 0.00000000099999999997 0.02842224417151568983 0.00000000099999999997 0.05429668150359948792 
0.00000000099999999976 0.00000000099999999976 0.00000000099999999976 0.00000000099999999976 0.00000000099999999976 0.00000000099999999976 0.99999999199999989319 0.00000000099999999976 0.00000000099999999976 
0.99999999149778329155 0.00000000099999999986 0.00000000099999999986 0.00000000150221689916 0.00000000099999999986 0.00000000099999999986 0.00000000099999999986 0.00000000099999999986 0.00000000099999999986 
0.00000000099999999999 0.00119942136930122588 0.01284163223479593656 0.00001699303752647164 0.70610984686608568861 0.08789549226359488765 0.00000000099999999999 0.19193652315881989945 0.00000008906987601580 
0.01168458501118595748 0.00000000099999999991 0.00000000099999999991 0.05875319998015132023 0.00000000099999999991 0.00000000099999999991 0.81261866277768057820 0.00000000099999999991 0.11694354723098214499 
0.07363963821580099545 0.00000000099999999997 0.01449805370277703481 0.00000000099999999997 0.30717370414445965832 0.00923111422758317139 0.00000000099999999997 0.59545748570937906408 0.00000000099999999997 
0.00000000099999999976 0.00000000099999999976 0.00000000099999999976 0.00000000099999999976 0.00000000099999999976 0.00000000099999999976 0.99999999199999989319 0.00000000099999999976 0.00000000099999999976 
0.99896942454927262212 0.00000000099999999991 0.00000000099999999991 0.00000000099999999991 0.00000000099999999991 0.00000000099999999991 0.00000000099999999991 0.00000000099999999991 0.00103056845072744077 
0.99999999200000022626 0.00000000099999999986 0.00000000099999999986 0.00000000099999999986 0.00000000099999999986 0.00000000099999999986 0.00000000099999999986 0.00000000099999999986 0.00000000099999999986 
0.00000000099999999981 0.00000000099999999981 0.00000000099999999981 0.00000000099999999981 0.00000000099999999981 0.00000000099999999981 0.99999999200000000421 0.00000000099999999981 0.00000000099999999981 
0.99999999200000011523 0.00000000099999999986 0.00000000099999999986 0.00000000099999999986 0.00000000099999999986 0.00000000099999999986 0.00000000099999999986 0.00000000099999999986 0.00000000099999999986 
0.64153846814626369621 0.03680869898959819586 0.07014074248577677195 0.00000000100000000000 0.00000000100000000000 0.00146911910403965977 0.01336357689131604902 0.18588363059468893113 0.05079576178831674005 
0.00000000099999999984 0.00000000099999999984 0.00000000099999999984 0.00000000099999999984 0.00000000099999999984 0.00000000099999999984 0.99999999200000000421 0.00000000099999999984 0.00000000099999999984 
0.99041776666818337471 0.00000000099999999997 0.00000000099999999997 0.00000000099999999997 0.00000000099999999997 0.00933065380997945802 0.00025157352183725440 0.00000000099999999997 0.00000000099999999997 
0.00000000099999999994 0.53763823287148326813 0.00000053755000621663 0.00000000099999999994 0.15550993143720914791 0.30685071663609764236 0.00000000099999999994 0.00000057750520385566 0.00000000099999999994 
0.00000000099999999950 0.00000000099999999950 0.99999999200000000421 0.00000000099999999950 0.00000000099999999950 0.00000000099999999950 0.00000000099999999950 0.00000000099999999950 0.00000000099999999950 
0.00000000099999999989 0.01617330828473905607 0.00000000099999999989 0.00000000099999999989 0.00000000099999999989 0.00000000099999999989 0.00000000099999999989 0.98382668471526102394 0.00000000099999999989 
0.00000000099999999990 0.00000000099999999990 0.00000000099999999990 0.00000000099999999990 0.00000000099999999990 0.02165491366633214704 0.00000000099999999990 0.97834507933366787746 0.00000000099999999990 
0.00000000099999999986 0.00000000099999999986 0.00000000099999999986 0.00000000099999999986 0.99999999200000000421 0.00000000099999999986 0.00000000099999999986 0.00000000099999999986 0.00000000099999999986 
0.00000000099999999995 0.01472549225713820284 0.00000000099999999995 0.00000000099999999995 0.29841095676506562695 0.00000000099999999995 0.00000000099999999995 0.68686354497779600337 0.00000000099999999995 
0.00000000099999999995 0.00000000099999999995 0.00000000099999999995 0.00000000099999999995 0.72966428007689843049 0.00000000099999999995 0.00000000099999999995 0.27033571292310160095 0.00000000099999999995 
0.07873099089878052292 0.00000000099999999999 0.00101938654116517642 0.00000000099999999999 0.17876531369035258967 0.20430942351572051185 0.02107077254295321514 0.51610410981102783357 0.00000000099999999999 
0.00000000099999999987 0.00000000099999999987 0.00000000099999999987 0.00000000099999999987 0.00000000099999999987 0.00000000099999999987 0.00000000099999999987 0.99999999200000000421 0.00000000099999999987 
0.00000000099999999975 0.00000000099999999975 0.00000000099999999975 0.00000000099999999975 0.00000000099999999975 0.00000000099999999975 0.99999999199999989319 0.00000000099999999975 0.00000000099999999975 
0.00000000099999999995 0.00000000099999999995 0.00477027994017053397 0.00000000099999999995 0.00000000099999999995 0.01190948773958949887 0.00000000099999999995 0.98332022632023996511 0.00000000099999999995 
0.00000000099999999952 0.00000000099999999952 0.99999999200000011523 0.00000000099999999952 0.00000000099999999952 0.00000000099999999952 0.00000000099999999952 0.00000000099999999952 0.00000000099999999952 
0.00000000099999999993 0.00000000099999999993 0.00000000099999999993 0.00000000099999999993 0.49453706442082701056 0.04462352732140911771 0.00000000099999999993 0.46083940225776376387 0.00000000099999999993 
0.00000000099999999986 0.38409367854648696072 0.00000000099999999986 0.00000000099999999986 0.00000000099999999986 0.61590631445351295969 0.00000000099999999986 0.00000000099999999986 0.00000000099999999986 
0.99999999200000022626 0.00000000099999999986 0.00000000099999999986 0.00000000099999999986 0.00000000099999999986 0.00000000099999999986 0.00000000099999999986 0.00000000099999999986 0.00000000099999999986 
0.00000000099999999983 0.37990995832611113014 0.00000000099999999983 0.00000000099999999983 0.00000000099999999983 0.62009003467388879027 0.00000000099999999983 0.00000000099999999983 0.00000000099999999983 
0.00000000099999999988 0.51389722049389774394 0.00000000099999999988 0.00000000099999999988 0.00000000099999999988 0.48610277250610239852 0.00000000099999999988 0.00000000099999999988 0.00000000099999999988 
0.00000000099999999999 0.00000210707119844833 0.00000122679517018439 0.00000000099999999999 0.51832921297834666507 0.05575125639585298137 0.00000000099999999999 0.40450474287964305331 0.02141145087978883060 
0.00000000099999999995 0.00000000099999999995 0.00000000099999999995 0.00000000099999999995 0.00000420917007200618 0.09760291640416655923 0.00000000099999999995 0.87675557723505193053 0.02563729219070941256 
0.00000000099999999979 0.00000000099999999979 0.00000000099999999979 0.00000000099999999979 0.00000000099999999979 0.99999999200000000421 0.00000000099999999979 0.00000000099999999979 0.00000000099999999979 
0.00000000099999999980 0.99999999200000022626 0.00000000099999999980 0.00000000099999999980 0.00000000099999999980 0.00000000099999999980 0.00000000099999999980 0.00000000099999999980 0.00000000099999999980 
0.00000000099999999994 0.00000000099999999994 0.00000000099999999994 0.00000000099999999994 0.00000000099999999994 0.08303473053355965583 0.00000000099999999994 0.91696526246644027847 0.00000000099999999994 
0.99999999200000022626 0.00000000099999999986 0.00000000099999999986 0.00000000099999999986 0.00000000099999999986 0.00000000099999999986 0.00000000099999999986 0.00000000099999999986 0.00000000099999999986 
0.00000000099999999999 0.10650329830469783265 0.00637574870006813333 0.01914861384541155856 0.23057793429353659609 0.00000000099999999999 0.00065892036605540584 0.63673548149023051490 0.00000000099999999999 
0.00000000099999999978 0.00000000099999999978 0.00000000099999999978 0.00000000099999999978 0.00000000099999999978 0.99999999200000011523 0.00000000099999999978 0.00000000099999999978 0.00000000099999999978 
0.00000000099999999998 0.00000000099999999998 0.00000000099999999998 0.00000000099999999998 0.46724916956873252527 0.05506949476846242919 0.00000000099999999998 0.45547359853277863406 0.02220773213002651125 
0.00000000099999999994 0.02975406011050676577 0.00000000099999999994 0.00000000099999999994 0.00000000099999999994 0.00000000099999999994 0.00000000099999999994 0.97024593288949312342 0.00000000099999999994 
0.00000000099999999980 0.00000000099999999980 0.00000000099999999980 0.00000000099999999980 0.00000000099999999980 0.99999999200000011523 0.00000000099999999980 0.00000000099999999980 0.00000000099999999980 
0.99999999200000011523 0.00000000099999999987 0.00000000099999999987 0.00000000099999999987 0.00000000099999999987 0.00000000099999999987 0.00000000099999999987 0.00000000099999999987 0.00000000099999999987 
0.00000000099999999993 0.57345916661158724548 0.00000000099999999993 0.00000000099999999993 0.00000000099999999993 0.42654082638841278596 0.00000000099999999993 0.00000000099999999993 0.00000000099999999993 
0.00000000099999999996 0.00000000099999999996 0.00000000099999999996 0.00000000099999999996 0.57935912671678391206 0.01680426440680044681 0.00000000099999999996 0.40383660287641559572 0.00000000099999999996 
0.00000000099999999993 0.00000000099999999993 0.00000000099999999993 0.00000000099999999993 0.99999999200000011523 0.00000000099999999993 0.00000000099999999993 0.00000000099999999993 0.00000000099999999993 
0.00000000099999999984 0.00000000099999999984 0.00000000099999999984 0.00000000099999999984 0.99999999200000011523 0.00000000099999999984 0.00000000099999999984 0.00000000099999999984 0.00000000099999999984 
0.99999999200000022626 0.00000000099999999985 0.00000000099999999985 0.00000000099999999985 0.00000000099999999985 0.00000000099999999985 0.00000000099999999985 0.00000000099999999985 0.00000000099999999985 
0.00000000099999999997 0.00000000099999999997 0.00000000099999999997 0.01057241197727063972 0.44471553579787725941 0.08060967885208515649 0.00000000099999999997 0.33922672337031362089 0.12487564600245351643 
0.00000000099999999994 0.00000000099999999994 0.00000000099999999994 0.00000000099999999994 0.00000000099999999994 0.06817320191444194155 0.00000000099999999994 0.93182679108555799274 0.00000000099999999994 
0.00000000099999999981 0.00000000099999999981 0.00000000099999999981 0.00000000099999999981 0.99999999200000011523 0.00000000099999999981 0.00000000099999999981 0.00000000099999999981 0.00000000099999999981 
0.00000000099999999998 0.00000000099999999998 0.01638931833823321221 0.00000000099999999998 0.27411931825947299934 0.00380545571024337032 0.00000000099999999998 0.70568590269205022647 0.00000000099999999998 
0.00137062774452986432 0.31490137506539067624 0.00000000099999999998 0.00000000099999999998 0.13626313186215346929 0.52870935860478984747 0.00000000099999999998 0.00000000099999999998 0.01875550272313611030 
0.86811514733377481701 0.12616596700190405023 0.00000000099999999998 0.00000000099999999998 0.00000000099999999998 0.00571887966432128685 0.00000000099999999998 0.00000000099999999998 0.00000000099999999998 
0.00000000099999999998 0.00000000099999999998 0.00000000099999999998 0.03635494224340042602 0.47972716380668806169 0.03146062932501074438 0.00000000099999999998 0.43331686721382944860 0.01914039341107123468 
0.00000000099999999971 0.99999999200000022626 0.00000000099999999971 0.00000000099999999971 0.00000000099999999971 0.00000000099999999971 0.00000000099999999971 0.00000000099999999971 0.00000000099999999971 
0.00000000099999999993 0.00000000099999999993 0.00000000099999999993 0.00000000099999999993 0.00000000099999999993 0.99999999200000000421 0.00000000099999999993 0.00000000099999999993 0.00000000099999999993 
0.00000000099999999997 0.60805716950534061116 0.00000000099999999997 0.00000000099999999997 0.35016247014577650543 0.00000152864227271663 0.04177882670661030307 0.00000000099999999997 0.00000000099999999997 
0.37977391239102509246 0.41419420699099168681 0.00000000099999999998 0.00000000099999999998 0.00000167009165264318 0.00000000099999999998 0.00000000099999999998 0.11149277790156422729 0.09453742862476639808 
0.00000000099999999986 0.00000000099999999986 0.00000000099999999986 0.00000000099999999986 0.00000000099999999986 0.00000000099999999986 0.00000000099999999986 0.99999999200000000421 0.00000000099999999986 
0.40314377316436811327 0.00000000100000000000 0.02510745154007718374 0.00000000100000000000 0.38995574813323691243 0.12352194734007983234 0.05824874301255212466 0.00002198353460114811 0.00000035127508439746 
0.00000000099999999997 0.00000000099999999997 0.00000000099999999997 0.00000000099999999997 0.35567839252862587518 0.02666809572965029088 0.00000000099999999997 0.40292984298532813492 0.21472366375639564962 
0.00000000099999999995 0.00000000099999999995 0.00000000099999999995 0.00000000099999999995 0.00000000099999999995 0.00000000099999999995 0.00000000099999999995 0.99999999199999989319 0.00000000099999999995 
