0.10185905992477722881 0.00000000100000000000 0.56289931433210904643 0.33524162474311364202 
0.99789549849663217174 0.00210446824035913013 0.00000003226300867722 0.00000000099999999999 
0.83166795159933848414 0.02475827120418466407 0.14357377619647679334 0.00000000100000000000 
0.93342133889361589283 0.00000000099999999999 0.06657865910638409435 0.00000000099999999999 
0.89220219721584281825 0.00000000099999999998 0.10779780078415712730 0.00000000099999999998 
0.99999999285819207717 0.00000000099999999998 0.00000000514180799368 0.00000000099999999998 
0.00000000099999999992 0.99999999700000008485 0.00000000099999999992 0.00000000099999999992 
0.00000000099999999994 0.00000000099999999994 0.99999999699999986280 0.00000000099999999994 
0.92808137800121093264 0.00000000099999999996 0.07191861999878904066 0.00000000099999999996 
0.00000000099999999993 0.99999999699999997382 0.00000000099999999993 0.00000000099999999993 
0.00000000099999999994 0.99999999700000008485 0.00000000099999999994 0.00000000099999999994 
0.00000000099999999996 0.99999999699999997382 0.00000000099999999996 0.00000000099999999996 
0.15918127407601387335 0.68451383153765121836 0.00000000100000000000 0.15630489338633493657 
0.14070996189415385658 0.66841095654558568828 0.00000084094826324299 0.19087824061199723524 
0.00001510712459329389 0.28079595678912439016 0.20539337685316330639 0.51379555923311903687 
0.00000000099999999993 0.99999999700000008485 0.00000000099999999993 0.00000000099999999993 
0.02523113255005888025 0.60589905970156465731 0.10253328574077044677 0.26633652200760588036 
0.07274234419399636109 0.11206423028048849433 0.52927683281396042947 0.28591659271155467348 
0.00000000099999999986 0.00000000099999999986 0.00000000099999999986 0.99999999700000008485 
0.05429949707360779559 0.32830506137891390939 0.00000000100000000000 0.61739544054747830248 
0.13337518550766244707 0.68362875056489336156 0.00000000099999999999 0.18299606292744435843 
0.00000000099999999994 0.99999999699999997382 0.00000000099999999994 0.00000000099999999994 
0.00000000099999999990 0.00000000099999999990 0.00000000099999999990 0.99999999700000008485 
0.86430198569646687901 0.02413117306345180513 0.11156684024008134415 0.00000000099999999999 
0.00000000099999999995 0.99999999700000008485 0.00000000099999999995 0.00000000099999999995 
0.00000000099999999996 0.99999999700000008485 0.00000000099999999996 0.00000000099999999996 
0.16737666681113552714 0.67067694704531533034 0.00000000100000000000 0.16194638514354930958 
0.95206170608168050329 0.00000000100000000000 0.02819332053799782078 0.01974497238032158278 
0.92722801886523043002 0.00000000099999999997 0.07277197913476951552 0.00000000099999999997 
0.00000000099999999999 0.99925186744035299213 0.00074813055964702746 0.00000000099999999999 
0.00000000100000000000 0.89041545074286243544 0.08037532226573126937 0.02920922599140620551 
0.00000000099999999997 0.96806737564588085654 0.00000000099999999997 0.03193262235411913758 
0.92442605620433671021 0.05350789828669513110 0.02206604450896820085 0.00000000099999999999 
0.00000001703786936473 0.00000000100000000000 0.28689754621172108839 0.71310243575040965780 
0.86091032539643919108 0.00000009203706357090 0.12144156858254992470 0.01764801398394746229 
0.00000000099999999996 0.99999999699999997382 0.00000000099999999996 0.00000000099999999996 
0.00000000099999999991 0.00000000099999999991 0.00000000099999999991 0.99999999699999997382 
0.00471848544948234253 0.01747899043765244187 0.25937699113327306044 0.71842553297959221847 
0.00000000099999999997 0.99999999699999997382 0.00000000099999999997 0.00000000099999999997 
0.00000000099999999995 0.99367123051747219264 0.00000000099999999995 0.00632876748252778586 
0.00000000099999999995 0.99999999531800298769 0.00000000099999999995 0.00000000268199708116 
0.00000000099999999996 0.00000000099999999996 0.99999999699999986280 0.00000000099999999996 
0.06394863696595949609 0.09238436989791229403 0.84366699213612816877 0.00000000100000000000 
0.15726825059627655423 0.68679687497910735239 0.00000002503423421511 0.15593484939038193549 
0.63099661012857710674 0.30477499479765934876 0.00410884891643328431 0.06011954615733029056 
0.00000000099999999994 0.00000000099999999994 0.99999999699999997382 0.00000000099999999994 
0.00000000099999999998 0.99999999699999997382 0.00000000099999999998 0.00000000099999999998 
0.00000000099999999994 0.00000000099999999994 0.99999999699999997382 0.00000000099999999994 
0.00000000099999999995 0.00000000099999999995 0.99999999699999997382 0.00000000099999999995 
0.00000000099999999994 0.00000000099999999994 0.99999999699999986280 0.00000000099999999994 
0.86995028351988157311 0.00000000099999999999 0.13004971448011837243 0.00000000099999999999 
0.00000000099999999992 0.00000000099999999992 0.99999999699999986280 0.00000000099999999992 
0.00110805877065016552 0.00000000099999999994 0.99889193922934993441 0.00000000099999999994 
0.01773403354416927188 0.87049879371867833200 0.00000000099999999999 0.11176717173715228215 
0.81429362871260158041 0.00026829519511576886 0.16844166941679294958 0.01699640667548972875 
0.39488921045605562821 0.00000000099999999999 0.60511078754394431733 0.00000000099999999999 
0.00001321266997944268 0.00000000099999999996 0.99998678533002050006 0.00000000099999999996 
0.99999277764928851120 0.00000000099999999997 0.00000722035071151813 0.00000000099999999997 
0.00023955475936496439 0.00000000099999999996 0.99976044324063495505 0.00000000099999999996 
0.99999999699999997382 0.00000000099999999996 0.00000000099999999996 0.00000000099999999996 
0.96650338657305590040 0.00000000099999999996 0.03349661142694411453 0.00000000099999999996 
0.03986369248441956614 0.00000000099999999997 0.96013630551558049042 0.00000000099999999997 
0.00000000099999999995 0.00000000099999999995 0.99999999699999997382 0.00000000099999999995 
0.00000000100000000000 0.06766214501044245933 0.00000058879443544827 0.93233726519512205577 
0.96972913128569027119 0.00000000099999999996 0.03027086671430971251 0.00000000099999999996 
0.00009583231540335723 0.00000000099999999999 0.98605874956562766798 0.01384541711896900527 
0.00000000099999999992 0.00000000099999999992 0.00000000099999999992 0.99999999699999997382 
0.00000000099999999997 0.99056035389751972975 0.00000000099999999997 0.00943964410248021059 
0.99999999699999997382 0.00000000099999999997 0.00000000099999999997 0.00000000099999999997 
0.00000000099999999995 0.00000000099999999995 0.00000000099999999995 0.99999999700000008485 
0.00000000099999999994 0.00005343949020233165 0.00000000099999999994 0.99994655850979763390 
0.00000000099999999996 0.03845566617047522368 0.00000000099999999996 0.96154433182952470105 
0.15431006941919950259 0.67892534373594026764 0.00000000099999999999 0.16676458584486028580 
0.05628292034941162481 0.35711891512249804848 0.00000000100000000000 0.58659816352809035500 
0.09513716558652725308 0.32196209046438389878 0.13709471171820253321 0.44580603223088627329 
0.15205890280107653423 0.63752913457260973473 0.00246717251057672988 0.20794479011573702154 
0.00000000099999999995 0.99999999699999997382 0.00000000099999999995 0.00000000099999999995 
0.00000000099999999991 0.00000000099999999991 0.00000000099999999991 0.99999999699999997382 
0.03061238393164790114 0.39228570039204885278 0.00000000099999999999 0.57710191467630322926 
0.05228702265778543273 0.34781730359331952673 0.00000000100000000000 0.59989567274889499249 
0.00000000099999999999 0.10113229147492255877 0.00000000099999999999 0.89886770652507741453 
0.30528567278967200238 0.49506553441209927291 0.00039944001895376703 0.19924935277927502408 
0.11465923099926898787 0.79574588084327568804 0.01318677424391676012 0.07640811391353857784 
0.17913482707279820838 0.69718317357845971394 0.00000000100000000000 0.12368199834874209209 
0.00000000099999999997 0.00325984036966495746 0.00000000099999999997 0.99674015763033496640 
0.00000000099999999994 0.99999999700000008485 0.00000000099999999994 0.00000000099999999994 
0.00000000099999999998 0.96819065713186425182 0.00000000099999999998 0.03180934086813586720 
0.13012227752670332825 0.72330823737788740857 0.00000000099999999999 0.14656948409540918044 
0.00000000099999999996 0.99368563598631454159 0.00000000099999999996 0.00631436201368540222 
0.04916575869700084284 0.37439229606298196629 0.00000000099999999999 0.57644194424001715671 
0.17147095719464322539 0.63438009333192546535 0.03861020612596712670 0.15553874334746423114 
0.00000000099999999995 0.07195592471855499772 0.00000000099999999995 0.92804407328144500333 
0.17003092045402143362 0.68187337264438740991 0.00603131257985060291 0.14206439432174061688 
0.00000000099999999996 0.95373898556316316633 0.00000000099999999996 0.04626101243683677228 
0.00000000099999999994 0.00000000099999999994 0.99999999699999986280 0.00000000099999999994 
0.00000000099999999989 0.00000000099999999989 0.99999999699999986280 0.00000000099999999989 
0.97686138164315439170 0.00000000099999999998 0.02313861635684568221 0.00000000099999999998 
0.97033446411256274455 0.00000000099999999996 0.02966553388743718711 0.00000000099999999996 
0.00000002399867135136 0.01163743702297635567 0.04320581080213867914 0.94515672817621365631 
0.92565030339363973955 0.01897782638390079282 0.05186909564791984673 0.00350277457453965994 
0.99956374437342188077 0.00000000099999999997 0.00043625362657816327 0.00000000099999999997 
0.00000000099999999999 0.01970864677828103317 0.11594575093958685297 0.86434560128213200336 
0.75593288753323550910 0.13030125422982608008 0.11376585723693831420 0.00000000100000000000 
0.00000000099999999992 0.00000000099999999992 0.99999999699999986280 0.00000000099999999992 
0.05124950372973376134 0.01465096777320239706 0.11565336660885691678 0.81844616188820695779 
0.00000000099999999995 0.92645084036102498537 0.00000000099999999995 0.07354915763897494629 
0.00000000099999999992 0.00000000099999999992 0.00000000099999999992 0.99999999700000008485 
0.14510500458649933098 0.66086045638024337734 0.00000000100000000000 0.19403453803325737548 
0.00000000099999999997 0.99999999699999997382 0.00000000099999999997 0.00000000099999999997 
0.99996851054852531338 0.00000000099999999998 0.00003148745147471473 0.00000000099999999998 
0.78109354305424349985 0.00013505858503351601 0.04462223541694211593 0.17414916294378096628 
0.95857188402830217910 0.00000000099999999999 0.04142811397169795379 0.00000000099999999999 
0.92319528603163425462 0.00000000099999999998 0.07680471196836580194 0.00000000099999999998 
0.93418743072644039316 0.00000000667025635824 0.06581256160330321847 0.00000000099999999999 
0.91563982667536925053 0.00000000099999999995 0.08436017132463076440 0.00000000099999999995 
0.00000000099999999996 0.98435576025431958946 0.00000000099999999996 0.01564423774568036302 
0.15131992103548128070 0.66383358247705481769 0.00112445359126849670 0.18372204289619548101 
0.00000000099999999996 0.98979486338608579921 0.00000000099999999996 0.01020513461391434062 
0.00000000099999999998 0.99999999700000008485 0.00000000099999999998 0.00000000099999999998 
0.12001787930721002917 0.71735257115076456191 0.00000000100000000000 0.16262954854202546495 
0.00000000099999999988 0.00000000099999999988 0.00000000099999999988 0.99999999699999997382 
0.00000000099999999992 0.00000000099999999992 0.00000000099999999992 0.99999999700000008485 
0.00000000099999999992 0.99999999699999997382 0.00000000099999999992 0.00000000099999999992 
0.00000000099999999994 0.99999999699999997382 0.00000000099999999994 0.00000000099999999994 
0.00000000099999999994 0.99999999700000008485 0.00000000099999999994 0.00000000099999999994 
0.00000000099999999993 0.00000000099999999993 0.00000000099999999993 0.99999999700000008485 
0.00000000099999999998 0.03709079807222313840 0.00000000099999999998 0.96290919992777679326 
0.00000000099999999993 0.99999999700000008485 0.00000000099999999993 0.00000000099999999993 
0.13688122280608711057 0.70724062673928622669 0.00000000100000000000 0.15587814945462671878 
0.00000000100000000000 0.93506758446130466833 0.00000000100000000000 0.06493241353869545762 
0.00000000099999999988 0.00000000099999999988 0.00000000099999999988 0.99999999699999997382 
0.00000000099999999994 0.99999999699999997382 0.00000000099999999994 0.00000000099999999994 
0.88614626732929824282 0.01226253155362513544 0.10143346727773916438 0.00015773383933751850 
0.00000000099999999996 0.11862938419027158066 0.00000000099999999996 0.88137061380972847591 
0.91757982825673356508 0.07607415936237209297 0.00634601138089433640 0.00000000099999999999 
0.00000000099999999990 0.00000000099999999990 0.00000000099999999990 0.99999999700000008485 
0.00000000099999999995 0.99999999700000008485 0.00000000099999999995 0.00000000099999999995 
0.00000000099999999994 0.99999999700000008485 0.00000000099999999994 0.00000000099999999994 
0.00000000099999999991 0.00000000099999999991 0.00000000099999999991 0.99999999699999997382 
0.00000000099999999993 0.99999999700000008485 0.00000000099999999993 0.00000000099999999993 
0.19675092936567387114 0.68060683268068977725 0.05790707454152182326 0.06473516341211457692 
0.00000000099999999993 0.00000000099999999993 0.00000000099999999993 0.99999999700000008485 
0.00000000099999999999 0.99999680385337219590 0.00000000099999999999 0.00000319414662787770 
0.13831077858761714472 0.00000000099999999998 0.86168921941238274531 0.00000000099999999998 
0.08592379876100161851 0.00000000099999999999 0.19206706840665868641 0.72200913183233961234 
0.99917550377317487786 0.00000000099999999996 0.00082449422682514737 0.00000000099999999996 
0.98040568928259508308 0.00000000099999999997 0.01959430871740495267 0.00000000099999999997 
0.99996194438569807605 0.00000000099999999998 0.00003805361430193119 0.00000000099999999998 
0.99435461802310620705 0.00000000099999999997 0.00564537997689376798 0.00000000099999999997 
0.97297959617993656778 0.00000000099999999999 0.02562355350508498109 0.00139684931497853449 
0.71240301774396286305 0.07932186885992913161 0.18399771699160863414 0.02427739640449938854 
0.99999999699999997382 0.00000000099999999995 0.00000000099999999995 0.00000000099999999995 
0.00000000099999999990 0.00000000099999999990 0.00000000099999999990 0.99999999699999997382 
0.94411309574136836886 0.00000000099999999999 0.05588690225863155586 0.00000000099999999999 
0.00263278104490947181 0.00000000099999999999 0.25632111968566856364 0.74104609826942202666 
0.94954272180404419856 0.00000000099999999998 0.05045727619595569147 0.00000000099999999998 
0.00000000099999999994 0.00000000099999999994 0.99999999699999997382 0.00000000099999999994 
0.00000000099999999993 0.99999999700000008485 0.00000000099999999993 0.00000000099999999993 
0.00000000099999999993 0.00000000099999999993 0.99999999699999986280 0.00000000099999999993 
0.00000000099999999994 0.00000000099999999994 0.99999999699999997382 0.00000000099999999994 
0.91122230511335955416 0.02014063987307681755 0.06861181774126454136 0.00002523727229905343 
0.91678970924389813213 0.00000000099999999999 0.08321028875610182729 0.00000000099999999999 
0.00000000099999999996 0.00000000099999999996 0.99999999699999986280 0.00000000099999999996 
0.00000000099999999994 0.00000000099999999994 0.99999999699999986280 0.00000000099999999994 
0.91327747592932662091 0.00000000099999999998 0.08672252207067338015 0.00000000099999999998 
0.00000000099999999993 0.99999999699999997382 0.00000000099999999993 0.00000000099999999993 
0.88378655258731131372 0.00000000099999999999 0.09710271142773552189 0.01911073498495313022 
0.00000000099999999994 0.00000000099999999994 0.99999999699999986280 0.00000000099999999994 
0.97688795340733713957 0.00023895465768123813 0.02287309093498167412 0.00000000100000000000 
0.93361384452553686231 0.00000000099999999998 0.06638615347446318038 0.00000000099999999998 
0.00000000099999999995 0.00000000099999999995 0.99999999699999986280 0.00000000099999999995 
0.00000000099999999995 0.99999999699999997382 0.00000000099999999995 0.00000000099999999995 
0.00000000099999999997 0.00000000099999999997 0.99999999699999997382 0.00000000099999999997 
0.96062421504026251906 0.00000000099999999999 0.03937578295973757914 0.00000000099999999999 
0.94180534238800883706 0.01632875132197682613 0.03555967583233800994 0.00630623045767640666 
0.95362593715341825718 0.00000000099999999997 0.04637406084658182714 0.00000000099999999997 
0.00000000099999999993 0.99999999699999997382 0.00000000099999999993 0.00000000099999999993 
0.85972161032081106935 0.06985411720505936561 0.05365929627320084605 0.01676497620092867735 
0.91930134559806486738 0.00000000099999999998 0.08069865240193505040 0.00000000099999999998 
0.99999999699999997382 0.00000000099999999996 0.00000000099999999996 0.00000000099999999996 
0.99066335493908874721 0.00000000099999999999 0.00933664069857257153 0.00000000336233881251 
0.14345006175887423105 0.03444147380137617398 0.82210846343974963712 0.00000000099999999999 
0.00000000099999999999 0.86749507812500603610 0.13250491987499385393 0.00000000099999999999 
0.94829247815307649017 0.03212049841138520101 0.01958681225683027091 0.00000021117870803154 
0.00000000099999999990 0.00000000099999999990 0.99999999699999986280 0.00000000099999999990 
0.00192449491506391603 0.00000000099999999999 0.99807550308493608870 0.00000000099999999999 
0.32465225575258893631 0.00000000100000000000 0.62541999815315463263 0.04992774509425636914 
0.18229905549439048840 0.45758236933505019861 0.36011857417055914699 0.00000000100000000000 
0.99999982303289580710 0.00000000099999999995 0.00000017496710427375 0.00000000099999999995 
0.38482146445487436237 0.41947537128591178002 0.11716595125030215829 0.07853721300891157442 
0.85328291484415030865 0.09387621819990868421 0.02549522798268587589 0.02734563897325513471 
0.99999999700000008485 0.00000000099999999999 0.00000000099999999999 0.00000000099999999999 
0.63390089766208890243 0.36609466373164473163 0.00000443760626622379 0.00000000099999999999 
0.62910062409143985285 0.02129825857955908175 0.34960111632900109369 0.00000000099999999999 
0.16293302580126350909 0.00000047875338498207 0.01891782209926851782 0.81814867334608298854 
0.15398143365709970887 0.67262846169352630277 0.00000000100000000000 0.17339010364937407216 
0.92981414447754506813 0.00000000099999999998 0.07018585352245493292 0.00000000099999999998 
0.00000000099999999995 0.00000000099999999995 0.99999999699999997382 0.00000000099999999995 
0.00000000099999999997 0.00000000099999999997 0.99999999699999986280 0.00000000099999999997 
0.00000000099999999994 0.00000000099999999994 0.99999999699999997382 0.00000000099999999994 
0.05262582856311304874 0.00000000099999999999 0.26664832946893574084 0.68072584096795119013 
0.97084734513641890441 0.00000000100000000000 0.02915265286358111052 0.00000000100000000000 
0.98839392135249559690 0.00000000099999999996 0.01160607664750434864 0.00000000099999999996 
0.05516055099664327749 0.00000000099999999998 0.94483944700335675826 0.00000000099999999998 
0.91114878326988180124 0.00000046859368243063 0.08885074713643578703 0.00000000099999999999 
0.00000000099999999994 0.00000000099999999994 0.99999999699999997382 0.00000000099999999994 
0.02279439196597863801 0.00000000099999999999 0.24109932673792111579 0.73610628029610014611 
0.00000000099999999995 0.00000000099999999995 0.99999999699999997382 0.00000000099999999995 
0.00000062209682134603 0.00000000099999999997 0.99999937590317855562 0.00000000099999999997 
0.02071476609054486578 0.00000000099999999999 0.26816216291081818035 0.71112306999863694745 
0.02786567580113893591 0.00000000099999999999 0.29752798089656562475 0.67460634230229554742 
0.99999999699999997382 0.00000000099999999998 0.00000000099999999998 0.00000000099999999998 
0.00000000099999999991 0.00000000099999999991 0.99999999699999986280 0.00000000099999999991 
0.95726302606218816038 0.00000000099999999999 0.04273690794528834519 0.00000006499252357190 
0.00000000099999999993 0.00000000099999999993 0.99999999699999997382 0.00000000099999999993 
