0.00064629839574559494 0.33089602942091228543 0.00000000099999999999 0.55477690039267202327 0.11368076979067023857 0.00000000099999999999 
0.00000000099999999998 0.00000000099999999998 0.00000000099999999998 0.00000087691820311080 0.97276116843602644657 0.02723795164577043001 
0.00000000099999999999 0.00393128117563344877 0.02381703373119227821 0.13820901454182843437 0.83388727625961689416 0.00015539329172901284 
0.00000000099999999998 0.00000000099999999998 0.00000000099999999998 0.06521594567289457078 0.92486830866865488154 0.00991574265845043996 
0.00000000099999999997 0.00000000099999999997 0.00000000099999999997 0.10449364878807954060 0.89550634721192046150 0.00000000099999999997 
0.00000000099999999996 0.00000000099999999996 0.00000000099999999996 0.00000006431004874470 0.99999993168995116033 0.00000000099999999996 
0.00000000099999999991 0.00000000099999999991 0.97184049606524847142 0.00000000099999999991 0.00000000099999999991 0.02815949993475150293 
0.00000000099999999990 0.00000000099999999990 0.00000000099999999990 0.99999999499999991937 0.00000000099999999990 0.00000000099999999990 
0.01667096616198762357 0.00000000099999999994 0.00000000099999999994 0.05662377750491891931 0.92670525333309350380 0.00000000099999999994 
0.00000000099999999991 0.00000000099999999991 0.99999999500000003039 0.00000000099999999991 0.00000000099999999991 0.00000000099999999991 
0.00000000099999999995 0.00000014812807703766 0.99999980944372468539 0.00000000099999999995 0.00000000099999999995 0.00000003942819838554 
0.00000000099999999995 0.00000000099999999995 0.99999999500000003039 0.00000000099999999995 0.00000000099999999995 0.00000000099999999995 
0.00000000099999999989 0.00000000099999999989 0.00000000099999999989 0.00000000099999999989 0.00000000099999999989 0.99999999500000003039 
0.00000000099999999999 0.16977314154470996010 0.55077195508225496035 0.00000380480645707628 0.12486210440130302013 0.15458899316527485723 
0.00000000099999999999 0.41156033009447362536 0.00000000302407180483 0.16588863828266200984 0.00000000099999999999 0.42255102659879245630 
0.00000000099999999992 0.00000000099999999992 0.99998630037065217024 0.00000000099999999992 0.00000000099999999992 0.00001369562934785591 
0.00000000099999999999 0.24027181597355742881 0.44843232302942287459 0.10377412872061807236 0.00254124136886975209 0.20498048990753175991 
0.00000000099999999999 0.23989542170496072626 0.00000000099999999999 0.52781397451749767491 0.04250178033409594130 0.18978882144344574878 
0.00000000099999999977 0.99999999500000014141 0.00000000099999999977 0.00000000099999999977 0.00000000099999999977 0.00000000099999999977 
0.00000000099999999998 0.49518462510571692459 0.00000873087481676585 0.00000000099999999998 0.00000000099999999998 0.50480664101946615130 
0.00000000099999999980 0.00000000099999999980 0.00000000099999999980 0.00000000099999999980 0.00000000099999999980 0.99999999499999991937 
0.00000000099999999994 0.00000000099999999994 0.97843662739471282119 0.00000000099999999994 0.00000000099999999994 0.02156336860528711152 
0.00000000099999999984 0.99999999500000003039 0.00000000099999999984 0.00000000099999999984 0.00000000099999999984 0.00000000099999999984 
0.00000000099999999998 0.00000000099999999998 0.00000000099999999998 0.10596114169708241437 0.84289256078774177361 0.05114629451517595238 
0.00000000099999999994 0.00000000099999999994 0.97419584569084149983 0.00000000099999999994 0.00000000099999999994 0.02580415030915844676 
0.00000000099999999995 0.00000000099999999995 0.99983063331568011733 0.00000000099999999995 0.00000000099999999995 0.00016936268431990881 
0.00000000099999999994 0.00000000099999999994 0.00000000099999999994 0.00000000099999999994 0.00000000099999999994 0.99999999500000003039 
0.00710476425607406599 0.00258836733426011335 0.00000000099999999999 0.01909380450563466156 0.94316025427883298793 0.02805280862519808974 
0.00000000099999999996 0.00000000099999999996 0.00000000099999999996 0.06477252353044996025 0.93522747246955006961 0.00000000099999999996 
0.00000000099999999999 0.00000000099999999999 0.99996340422681284643 0.00000022284101724562 0.00000000099999999999 0.00003636993216989696 
0.00007680495527508175 0.03369833794501805174 0.88285622673193542287 0.08336845301851962542 0.00000000299246900655 0.00000017435678284530 
0.01483813249329684995 0.01668196724671312803 0.93369432300527410717 0.00000000099999999997 0.00000000099999999997 0.03478557525471589335 
0.00000007892097840542 0.00000000099999999999 0.00073652128524486654 0.01692491499069168417 0.91226673312374906288 0.07007175067933611723 
0.99999999500000003039 0.00000000099999999983 0.00000000099999999983 0.00000000099999999983 0.00000000099999999983 0.00000000099999999983 
0.04269539033721209131 0.00000000099999999999 0.00000000099999999999 0.10587074018852631052 0.84536876113094683305 0.00606510634331493357 
0.00000000099999999996 0.00151329444888823007 0.99848670155111174385 0.00000000099999999996 0.00000000099999999996 0.00000000099999999996 
0.00000000099999999989 0.99999999500000003039 0.00000000099999999989 0.00000000099999999989 0.00000000099999999989 0.00000000099999999989 
0.99999999500000003039 0.00000000099999999973 0.00000000099999999973 0.00000000099999999973 0.00000000099999999973 0.00000000099999999973 
0.00000000099999999996 0.00000000099999999996 0.99999999499999991937 0.00000000099999999996 0.00000000099999999996 0.00000000099999999996 
0.00000000099999999993 0.00808387646669113738 0.99191611953330882656 0.00000000099999999993 0.00000000099999999993 0.00000000099999999993 
0.00000000099999999995 0.00001544494473436907 0.95881296403223092994 0.00000000099999999995 0.00000000099999999995 0.04117158802303481913 
0.00000000099999999992 0.00000000099999999992 0.00000000099999999992 0.99999999500000003039 0.00000000099999999992 0.00000000099999999992 
0.00489300053375969334 0.00000000100000000000 0.08584754265390430461 0.83514027362020137879 0.07286326266067436053 0.00125591953146004837 
0.00000000099999999993 0.00000000099999999993 0.00000000099999999993 0.00000000099999999993 0.00000000099999999993 0.99999999499999991937 
0.00000000099999999998 0.00000000099999999998 0.00000000099999999998 0.00838122269456931940 0.50734954513133945220 0.48426922917409132019 
0.00000000099999999991 0.00000000099999999991 0.00000000099999999991 0.99999999348332702098 0.00000000251667281818 0.00000000099999999991 
0.00851394559094144875 0.00000000099999999998 0.98116675799420693949 0.00000000099999999998 0.00000000099999999998 0.01031929341485164284 
0.00000000099999999990 0.00000000099999999990 0.00000000099999999990 0.99999999500000003039 0.00000000099999999990 0.00000000099999999990 
0.00000000099999999993 0.00000000099999999993 0.00000000099999999993 0.99999999499999991937 0.00000000099999999993 0.00000000099999999993 
0.00000000099999999991 0.00000000099999999991 0.00000000099999999991 0.99999999500000003039 0.00000000099999999991 0.00000000099999999991 
0.02736720549546081335 0.00000000099999999998 0.00000000099999999998 0.11383317040109758311 0.85879767893101277565 0.00000194317242881639 
0.00000000099999999986 0.00000000099999999986 0.00000000099999999986 0.99999999500000003039 0.00000000099999999986 0.00000000099999999986 
0.00000000099999999990 0.00000000099999999990 0.00000000099999999990 0.99353403945530693875 0.00646595654469307030 0.00000000099999999990 
0.00053084550397804946 0.00182227599399784035 0.51755811202171464469 0.00000000099999999995 0.00000000099999999995 0.48008876448030968209 
0.00000013994725397866 0.01205340329552056361 0.00000001625211479915 0.16646320202668804522 0.80252397160017174826 0.01895926687825067250 
0.00299096174901904328 0.00000000099999999998 0.00000000099999999998 0.59299863709371480880 0.40401039815726602633 0.00000000099999999998 
0.00000000099999999994 0.00000000099999999994 0.00000000099999999994 0.99993469998229367324 0.00006529601770622445 0.00000000099999999994 
0.00829890022601962631 0.00000000099999999997 0.00000000099999999997 0.00003542993442298977 0.99166566683955736927 0.00000000099999999997 
0.00000000099999999993 0.00000000099999999993 0.00000000099999999993 0.99759010898768440967 0.00240988701231545279 0.00000000099999999993 
0.00000000099999999994 0.00000000099999999994 0.00000000099999999994 0.00000000099999999994 0.99999999500000003039 0.00000000099999999994 
0.00000000099999999995 0.00000000099999999995 0.00000000099999999995 0.02748885767519958570 0.97251113832480029497 0.00000000099999999995 
0.00000000099999999996 0.00000000099999999996 0.00000000099999999996 0.95933915573659866993 0.04066084026340130442 0.00000000099999999996 
0.00000000099999999991 0.00000000099999999991 0.00000000099999999991 0.99999999499999991937 0.00000000099999999991 0.00000000099999999991 
0.00000000099999999999 0.92419741884130535148 0.07580148205643748305 0.00000109303119163783 0.00000000407106548444 0.00000000099999999999 
0.00000000099999999995 0.00000000099999999995 0.00000000099999999995 0.03168740865933893786 0.96831258734066116833 0.00000000099999999995 
0.01922512713940089865 0.00063296336180569148 0.00000000099999999998 0.97967533993917754742 0.00046656755961588031 0.00000000099999999998 
0.00000000099999999990 0.99999999500000014141 0.00000000099999999990 0.00000000099999999990 0.00000000099999999990 0.00000000099999999990 
0.00932619079886649362 0.00009155459761522723 0.99058202124261651722 0.00000000099999999997 0.00000000099999999997 0.00000023136090194886 
0.00000000099999999996 0.00000000099999999996 0.00000000099999999996 0.00000000524340046902 0.99999999075659951053 0.00000000099999999996 
0.00000000099999999994 0.99999999500000014141 0.00000000099999999994 0.00000000099999999994 0.00000000099999999994 0.00000000099999999994 
0.00000000099999999992 0.99866592988845770407 0.00000000099999999992 0.00000000099999999992 0.00000000099999999992 0.00133406611154243703 
0.00000000099999999996 0.97828919904304167954 0.02171079695695833645 0.00000000099999999996 0.00000000099999999996 0.00000000099999999996 
0.00000000099999999992 0.00000000099999999992 0.00000000099999999992 0.00000000099999999992 0.00000000099999999992 0.99999999500000003039 
0.00286432242901376232 0.37736414292014097693 0.00000000099999999995 0.00000000099999999995 0.00000000099999999995 0.61977153165084519770 
0.02539800705746078635 0.27476620637045734430 0.02306868541561379188 0.14034721113103307277 0.00019037998476758748 0.53622951004066732317 
0.00000000099999999993 0.00000000099999999993 0.00000000099999999993 0.00000000099999999993 0.00000000099999999993 0.99999999499999991937 
0.00000000099999999993 0.00000000099999999993 0.99999999500000003039 0.00000000099999999993 0.00000000099999999993 0.00000000099999999993 
0.00000000099999999989 0.99999999500000014141 0.00000000099999999989 0.00000000099999999989 0.00000000099999999989 0.00000000099999999989 
0.01760784161363243561 0.34104026581544605312 0.00000000099999999993 0.00000000099999999993 0.00000000099999999993 0.64135188957092137407 
0.02393348189392401071 0.37450703684481029265 0.00000000099999999994 0.00000000099999999994 0.00000000099999999994 0.60155947826126576761 
0.03716190796320965883 0.85262509182532664198 0.07278230377303294973 0.00000000099999999999 0.00000000099999999999 0.03743069443843080601 
0.00915927804122019379 0.07585151378424527524 0.16039501335329039988 0.00026864621462201855 0.20226447841387643067 0.55206107019274575087 
0.00263006245612349603 0.07074562568872991286 0.78988052045616430341 0.00311158276183018216 0.13362518095595166123 0.00000702768120049123 
0.00000000099999999993 0.00000000099999999993 0.00000000099999999993 0.00000000099999999993 0.00000000099999999993 0.99999999499999991937 
0.00930021314835587261 0.99069429696267152785 0.00000540350529300980 0.00000000099999999998 0.00000000099999999998 0.00000008438367963994 
0.00000000099999999992 0.00000000099999999992 0.99999999500000003039 0.00000000099999999992 0.00000000099999999992 0.00000000099999999992 
0.00000000099999999997 0.03534220978387732359 0.93059587476193228461 0.00000000099999999997 0.00000000099999999997 0.03406191245419042807 
0.00000000099999999992 0.00000000099999999992 0.00000000580296483238 0.00000000099999999992 0.00000000099999999992 0.99999999019703511571 
0.00000000099999999996 0.01219325593044663647 0.98452726914954402648 0.00000000099999999996 0.00000000099999999996 0.00327947192000943447 
0.00996630439970349127 0.36815926049424013700 0.00000000099999999995 0.00000000099999999995 0.00000000099999999995 0.62187443210605619637 
0.00000000099999999998 0.00000000099999999998 0.00000000099999999998 0.03922897357664532902 0.00000000099999999998 0.96077102242335465920 
0.00000000099999999993 0.93191600448155298420 0.06808399151844696240 0.00000000099999999993 0.00000000099999999993 0.00000000099999999993 
0.00000000099999999997 0.00000000099999999997 0.01249967967720665325 0.00000000099999999997 0.00000000099999999997 0.98750031632279333671 
0.00000000099999999996 0.04875928201765979131 0.93253169306890515422 0.00000000099999999996 0.00000000099999999996 0.01870902191343507340 
0.00000000099999999991 0.00000000099999999991 0.00000000099999999991 0.99999999500000003039 0.00000000099999999991 0.00000000099999999991 
0.00000000099999999982 0.00000000099999999982 0.00000000099999999982 0.99999999499999991937 0.00000000099999999982 0.00000000099999999982 
0.02953012541679892258 0.00000000099999999996 0.00000000099999999996 0.01504512239539509445 0.95542474918780606608 0.00000000099999999996 
0.00000016267207021053 0.00000000099999999995 0.00000000099999999995 0.02047157770089348683 0.97952825662703635334 0.00000000099999999995 
0.04921629433740303677 0.90793034188695875830 0.00043012841800665126 0.02490092333051976622 0.00836024924281692644 0.00916206278429477529 
0.00000000099999999997 0.00000000099999999997 0.00000000099999999997 0.05880043119983585642 0.85964804725463150881 0.08155151854553262247 
0.00000420962087259680 0.00000000099999999997 0.00000000099999999997 0.00001074934881725708 0.99998503803031002501 0.00000000099999999997 
0.00429918413290847259 0.85339640109455572325 0.01851353884446951467 0.12379087392806631396 0.00000000099999999999 0.00000000099999999999 
0.02096528214748960214 0.00000000099999999999 0.10424260414924620133 0.10046493502594630587 0.75048771640268363559 0.02383946127463424519 
0.00000000099999999988 0.00000000099999999988 0.00000000099999999988 0.99999999500000003039 0.00000000099999999988 0.00000000099999999988 
0.00000000099999999999 0.82429763356297924837 0.00007857386932476389 0.12592585713316531426 0.04968162399247848249 0.00001631044205207075 
0.00000000099999999993 0.08532247258536961032 0.89294671248103596461 0.00000000099999999993 0.00000000099999999993 0.02173081193359432603 
0.00000000099999999988 0.99999999500000014141 0.00000000099999999988 0.00000000099999999988 0.00000000099999999988 0.00000000099999999988 
0.00000000099999999990 0.00000000099999999990 0.00000000099999999990 0.00000000099999999990 0.00000000099999999990 0.99999999499999991937 
0.00000000099999999996 0.00000000099999999996 0.99955522678307651141 0.00000000099999999996 0.00000000099999999996 0.00044476921692347785 
0.00000000099999999996 0.00000000099999999996 0.00000000099999999996 0.00000709493526270646 0.99999290106473714967 0.00000000099999999996 
0.00005942287457925234 0.17023987359900358274 0.00000041998960951255 0.03994227540936189785 0.77964197759353570660 0.01011603053391007742 
0.00000000099999999998 0.00000000099999999998 0.00000000099999999998 0.03300059690615349262 0.96677223267703027432 0.00022716741681613837 
0.00000000099999999997 0.00000000099999999997 0.00000000099999999997 0.06971730207799703427 0.93028269392200280130 0.00000000099999999997 
0.00000000099999999999 0.00000000099999999999 0.00093225798383493456 0.05786200684678367151 0.94120571796875429627 0.00000001520062710363 
0.00000000099999999992 0.00000000099999999992 0.00000000099999999992 0.08213165575470990354 0.91786834024529018183 0.00000000099999999992 
0.00000000099999999996 0.02558615883584669515 0.96683282848156026912 0.00000000099999999996 0.00000000099999999996 0.00758100968259298701 
0.00000000099999999996 0.00000000099999999996 0.00000000099999999996 0.00000000099999999996 0.00000000099999999996 0.99999999500000003039 
0.00000000099999999995 0.01435683994079153813 0.98553886208469054786 0.00000000099999999995 0.00000000099999999995 0.00010429497451803516 
0.00000000099999999997 0.00000152384937770336 0.99999847215062220851 0.00000000099999999997 0.00000000099999999997 0.00000000099999999997 
0.00000000099999999989 0.00000000099999999989 0.00000000099999999989 0.00000000099999999989 0.00000000099999999989 0.99999999499999991937 
0.00000000099999999984 0.99999999500000014141 0.00000000099999999984 0.00000000099999999984 0.00000000099999999984 0.00000000099999999984 
0.00000000099999999990 0.99999999500000014141 0.00000000099999999990 0.00000000099999999990 0.00000000099999999990 0.00000000099999999990 
0.00000000099999999991 0.00000000099999999991 0.99999999500000003039 0.00000000099999999991 0.00000000099999999991 0.00000000099999999991 
0.00000000099999999993 0.00000000099999999993 0.99999999499999991937 0.00000000099999999993 0.00000000099999999993 0.00000000099999999993 
0.00000000099999999992 0.00000016911375159788 0.99999982688624833305 0.00000000099999999992 0.00000000099999999992 0.00000000099999999992 
0.00000000099999999991 0.99999999500000014141 0.00000000099999999991 0.00000000099999999991 0.00000000099999999991 0.00000000099999999991 
0.00000002018457950885 0.96131050873167689375 0.03868944507711745417 0.00000000099999999998 0.00000000099999999998 0.00000002400662617487 
0.00000000099999999993 0.00000000099999999993 0.99999999500000003039 0.00000000099999999993 0.00000000099999999993 0.00000000099999999993 
0.00000000099999999991 0.00000000099999999991 0.00000000099999999991 0.00000000099999999991 0.00000000099999999991 0.99999999500000003039 
0.03350422741290662310 0.03096277506256262663 0.87774351133893968591 0.00000000099999999999 0.00000000099999999999 0.05778948418559126665 
0.00000000099999999986 0.99999999500000014141 0.00000000099999999986 0.00000000099999999986 0.00000000099999999986 0.00000000099999999986 
0.00000000099999999992 0.00003096257973616841 0.99996903342026388639 0.00000000099999999992 0.00000000099999999992 0.00000000099999999992 
0.01193532649230679213 0.00000000099999999999 0.00000000099999999999 0.09454849071081246337 0.86405431746945104976 0.02946186332742962641 
0.00000504074675378180 0.83403934935611212520 0.00817051915955824791 0.00000000099999999996 0.00000000099999999996 0.15778508873757576825 
0.01555014846530543109 0.00000000099999999998 0.07448211938571255852 0.00079650961962674047 0.90917122052935517296 0.00000000099999999998 
0.00000000099999999986 0.99999999500000003039 0.00000000099999999986 0.00000000099999999986 0.00000000099999999986 0.00000000099999999986 
0.00000000099999999995 0.00000027498623984277 0.99994231171670333591 0.00000000099999999995 0.00000000099999999995 0.00005741029705684702 
0.00000000099999999991 0.00000000099999999991 0.99999999500000003039 0.00000000099999999991 0.00000000099999999991 0.00000000099999999991 
0.00000000099999999989 0.99999999500000014141 0.00000000099999999989 0.00000000099999999989 0.00000000099999999989 0.00000000099999999989 
0.00000000099999999992 0.00000000099999999992 0.99999999499999991937 0.00000000099999999992 0.00000000099999999992 0.00000000099999999992 
0.07034869071266798557 0.01345442748543725260 0.64359800186550264467 0.03439401995677180551 0.19313104397831151737 0.04507381600130874744 
0.00000000099999999991 0.99999999500000003039 0.00000000099999999991 0.00000000099999999991 0.00000000099999999991 0.00000000099999999991 
0.00000000099999999999 0.00081863351833800786 0.99916928161458418156 0.00001208186707774085 0.00000000099999999999 0.00000000099999999999 
0.00468528529667886287 0.00000000099999999996 0.00000000099999999996 0.85740559429707374761 0.13790911740624728354 0.00000000099999999996 
0.99999999500000014141 0.00000000099999999969 0.00000000099999999969 0.00000000099999999969 0.00000000099999999969 0.00000000099999999969 
0.00000000099999999993 0.00000000099999999993 0.00000000099999999993 0.00017768866362016477 0.99982230733637966757 0.00000000099999999993 
0.00000000099999999995 0.00000000099999999995 0.00000000099999999995 0.01246136836704432767 0.98753862763295563454 0.00000000099999999995 
0.00000000099999999997 0.00000000099999999997 0.00000000099999999997 0.00000174928095034192 0.99999824671904957718 0.00000000099999999997 
0.00000000099999999997 0.00000000099999999997 0.00000000099999999997 0.00414835680490813034 0.99585163323483638642 0.00000000696025546260 
0.00000000099999999998 0.01449964221632099766 0.00000000099999999998 0.02685590894235389756 0.95864444584132502136 0.00000000099999999998 
0.00576871220470901152 0.02051480336921349817 0.08036786302679869987 0.17720818717838768275 0.71614043322089093735 0.00000000100000000000 
0.00000000099999999994 0.00000000099999999994 0.00000000099999999994 0.00000000099999999994 0.99999999499999991937 0.00000000099999999994 
0.00000000099999999985 0.99999999500000014141 0.00000000099999999985 0.00000000099999999985 0.00000000099999999985 0.00000000099999999985 
0.01618421412217991434 0.00000000099999999998 0.00000000099999999998 0.04224493121573229953 0.94157085166208787097 0.00000000099999999998 
0.99999999500000014141 0.00000000099999999970 0.00000000099999999970 0.00000000099999999970 0.00000000099999999970 0.00000000099999999970 
0.00000000099999999997 0.00000000099999999997 0.00000000099999999997 0.03778219999391109474 0.96221779600608892125 0.00000000099999999997 
0.00000000099999999990 0.00000000099999999990 0.00000000099999999990 0.99999999020862706534 0.00000000579137286694 0.00000000099999999990 
0.00000000099999999992 0.00000000099999999992 0.99999999500000003039 0.00000000099999999992 0.00000000099999999992 0.00000000099999999992 
0.00000000099999999987 0.00000000099999999987 0.00000000099999999987 0.99999999499999991937 0.00000000099999999987 0.00000000099999999987 
0.00000000099999999990 0.00000000099999999990 0.00000000099999999990 0.99999998478249729761 0.00000001121750257960 0.00000000099999999990 
0.00571737237998830566 0.00000000596362368699 0.00989602909757455670 0.05671064384643968032 0.91388418863759890431 0.01379176007477486351 
0.00000000099999999997 0.00000000099999999997 0.00000000099999999997 0.07723682460525968518 0.89614140835685607289 0.02662176403788420534 
0.00000000099999999993 0.00000000099999999993 0.00000000099999999993 0.99999999499999991937 0.00000000099999999993 0.00000000099999999993 
0.00000000099999999990 0.00000000099999999990 0.00000000099999999990 0.99999999500000003039 0.00000000099999999990 0.00000000099999999990 
0.00000402468660167392 0.00000000099999999998 0.00000000099999999998 0.08278324196109632105 0.91721247272021655395 0.00000025863208562239 
0.00000000099999999992 0.00000000099999999992 0.99999999500000003039 0.00000000099999999992 0.00000000099999999992 0.00000000099999999992 
0.01025703607280918292 0.01699750728345590656 0.00000000100000000000 0.08958335427061984990 0.88314736781707570135 0.00001473355603942446 
0.00000000099999999989 0.00000000099999999989 0.00000000099999999989 0.99999999499999991937 0.00000000099999999989 0.00000000099999999989 
0.00026624760195696632 0.00000000099999999999 0.00000000099999999999 0.03015924237675991423 0.93722326977163239459 0.03235123824965060318 
0.00000000099999999997 0.00000000099999999997 0.00000000099999999997 0.05840291225802118902 0.94159708374197881309 0.00000000099999999997 
0.00000000099999999991 0.00000000099999999991 0.00000000099999999991 0.99999999500000003039 0.00000000099999999991 0.00000000099999999991 
0.00000000099999999992 0.00000000099999999992 0.99999999499999991937 0.00000000099999999992 0.00000000099999999992 0.00000000099999999992 
0.00000000099999999995 0.00000000099999999995 0.00000000099999999995 0.99999999499999991937 0.00000000099999999995 0.00000000099999999995 
0.00000000099999999999 0.00408557406341121792 0.00000000604313822300 0.02703595835017990473 0.96887845954327067588 0.00000000099999999999 
0.00000000100000000000 0.00091231770951576314 0.00000000240957633925 0.02621708637320899205 0.93237433223134413840 0.04049626027635478548 
0.00000000099999999996 0.00000000099999999996 0.00000000099999999996 0.04522894796939962853 0.94945060531007108295 0.00532044372052922331 
0.00000000099999999991 0.00000000099999999991 0.99999999499999991937 0.00000000099999999991 0.00000000099999999991 0.00000000099999999991 
0.00000000099999999998 0.00000000099999999998 0.00000000099999999998 0.05850832377644946819 0.80003543068096294455 0.14145624254258773456 
0.00920932005294959090 0.00000000099999999998 0.00000000099999999998 0.07377054348587594457 0.91604908870344881056 0.00097104575772557556 
0.00000000099999999994 0.00000000099999999994 0.00000000099999999994 0.00000000099999999994 0.99999999499999991937 0.00000000099999999994 
0.02103656216086781730 0.00000000099999999999 0.00000000099999999999 0.00200376315201729761 0.97695966892801844317 0.00000000375909657249 
0.00000000099999999999 0.00000000099999999999 0.02158558010879883110 0.82314787087237506480 0.13807689900449632292 0.01718964801432986203 
0.00000000349831894840 0.00000000099999999999 0.86557421623434194213 0.13442538434562600891 0.00000039392171297472 0.00000000099999999999 
0.00000000099999999999 0.00000000099999999999 0.00000000099999999999 0.01612322914223346740 0.91493041978212841236 0.06894634807563804202 
0.00000000099999999984 0.00000000099999999984 0.00000000099999999984 0.99999999499999991937 0.00000000099999999984 0.00000000099999999984 
0.00000000099999999998 0.00000000099999999998 0.00000000099999999998 0.99818522606505188932 0.00181476993494812558 0.00000000099999999998 
0.00000000099999999999 0.05290967340882037073 0.00000000099999999999 0.62854679772963151230 0.31854305915406400107 0.00000046770748407323 
0.00000289464234794181 0.00000000099999999999 0.39569746562660590428 0.35545819021718555453 0.17930504507457997732 0.06953640343928048362 
0.00000000099999999992 0.00000000099999999992 0.00000000099999999992 0.00000008584612524541 0.99999991015387479365 0.00000000099999999992 
0.02623500010730185975 0.06116130330981353613 0.41180871415786712841 0.09266495193474841296 0.40771671511239759855 0.00041331537787167810 
0.00000006046443981021 0.00000000099999999998 0.00000000099999999998 0.01783403433330870910 0.77467741559922020933 0.20748848760303142957 
0.00000000099999999999 0.00000000099999999999 0.00000000099999999999 0.00000000099999999999 0.99998674190462177869 0.00001325409537833786 
0.00000000099999999999 0.00000000099999999999 0.35645446223103943728 0.00000580853517175553 0.63949425976497942248 0.00404546746880938852 
0.00000000099999999999 0.00000000099999999999 0.02115409872661597537 0.34650845324293522154 0.63233744503044875263 0.00000000099999999999 
0.00000000099999999999 0.80907689576320207525 0.00000000099999999999 0.00810930059954220565 0.18281380063725577445 0.00000000099999999999 
0.00000000099999999989 0.00000000099999999989 0.00000000099999999989 0.00000000099999999989 0.00000000099999999989 0.99999999499999991937 
0.00000001927324011355 0.00000000099999999998 0.00000000099999999998 0.06185594642208285671 0.93809490594517752626 0.00004912635949956619 
0.00000000099999999991 0.00000000099999999991 0.00000000099999999991 0.99999999499999991937 0.00000000099999999991 0.00000000099999999991 
0.00000000099999999994 0.00000000099999999994 0.00000000099999999994 0.99999999499999991937 0.00000000099999999994 0.00000000099999999994 
0.00000000099999999991 0.00000000099999999991 0.00000000099999999991 0.99999999499999991937 0.00000000099999999991 0.00000000099999999991 
0.99999999500000003039 0.00000000099999999989 0.00000000099999999989 0.00000000099999999989 0.00000000099999999989 0.00000000099999999989 
0.00000000100000000000 0.00000000848790619881 0.00007656178888218230 0.02595179272849375621 0.96755762494951558228 0.00641401104520216564 
0.00000000099999999994 0.00000000099999999994 0.00000000099999999994 0.00891347867032272687 0.99108651732967723014 0.00000000099999999994 
0.01601954104040762689 0.00000000099999999996 0.00000000099999999996 0.93477940947151882956 0.04920104648807343412 0.00000000099999999996 
0.00001155213365919032 0.00000000099999999998 0.00000000099999999998 0.08291358200435196280 0.90306454260811508394 0.01401032125387374067 
0.00000000099999999990 0.00000000099999999990 0.00000000099999999990 0.99999999499999991937 0.00000000099999999990 0.00000000099999999990 
0.99999999500000003039 0.00000000099999999969 0.00000000099999999969 0.00000000099999999969 0.00000000099999999969 0.00000000099999999969 
0.00000000099999999992 0.00000000099999999992 0.00000000099999999992 0.99999999146528484317 0.00000000453471502888 0.00000000099999999992 
0.00000000099999999994 0.00000000099999999994 0.00000000099999999994 0.99969426566357444397 0.00030573033642551292 0.00000000099999999994 
0.99999999500000014141 0.00000000099999999969 0.00000000099999999969 0.00000000099999999969 0.00000000099999999969 0.00000000099999999969 
0.99999999500000014141 0.00000000099999999983 0.00000000099999999983 0.00000000099999999983 0.00000000099999999983 0.00000000099999999983 
0.00946603560705346937 0.00000000099999999998 0.00000000099999999998 0.00000000135141843500 0.98929412426779539391 0.00123983677373272027 
0.00000000099999999985 0.00000000099999999985 0.00000000099999999985 0.99999999499999991937 0.00000000099999999985 0.00000000099999999985 
0.02489348639346244951 0.00000000099999999998 0.00000000099999999998 0.03717426024037259746 0.92638067883052999107 0.01155157253563488320 
0.00000000099999999989 0.00000000099999999989 0.00000000099999999989 0.99999999500000003039 0.00000000099999999989 0.00000000099999999989 
