0.33596012494175736540 0.00000000389679693263 0.55208392746569590059 0.00000000100000000000 0.11195594269574977997 
0.00000000099999999998 0.00000000099999999998 0.00000147146190541071 0.02581917960519302876 0.97417934693290153536 
0.00000001167049916999 0.02620302675898266570 0.13606980295750745191 0.00040688295674981654 0.83732027565626088172 
0.00000000099999999998 0.00000000099999999998 0.06459350811001196568 0.00919944716963744941 0.92620704272035070392 
0.00000000099999999998 0.00000000099999999998 0.10394608694286203154 0.00000001493211415748 0.89605389612502384100 
0.00000000099999999997 0.00000000099999999997 0.00000036381995242402 0.00000000099999999997 0.99999963318004758683 
0.00000000099999999993 0.97176362904329860459 0.00000000099999999993 0.02823636795670138311 0.00000000099999999993 
0.00000000099999999992 0.00000000099999999992 0.99999999600000000211 0.00000000099999999992 0.00000000099999999992 
0.00000000099999999995 0.00000000099999999995 0.05961397997401114701 0.00000000099999999995 0.94038601702598900722 
0.00000000099999999992 0.99999999600000011313 0.00000000099999999992 0.00000000099999999992 0.00000000099999999992 
0.00000000298286513823 0.99999987596910822063 0.00000000099999999995 0.00000011904802666473 0.00000000099999999995 
0.00000000099999999996 0.99999999600000011313 0.00000000099999999996 0.00000000099999999996 0.00000000099999999996 
0.00000000099999999991 0.00000000099999999991 0.00000000099999999991 0.99999999599999989108 0.00000000099999999991 
0.16321967893368583002 0.55431350659192024644 0.00000000100000000000 0.15924690895714002647 0.12321990451725396698 
0.41217876268682512864 0.00000014190103546987 0.16374456163080836069 0.42407653278133095043 0.00000000100000000000 
0.00000000099999999994 0.99996444450426091866 0.00000000099999999994 0.00003555249573912954 0.00000000099999999994 
0.22856773276361624925 0.45609586785720446223 0.10037005671968324272 0.21105726697329105224 0.00390907568620508725 
0.24102810074630043324 0.00000000745339035954 0.54117988884785439563 0.19546417668931725942 0.02232782626313756930 
0.99999999600000011313 0.00000000099999999983 0.00000000099999999983 0.00000000099999999983 0.00000000099999999983 
0.49389654656881787353 0.00057919114164569263 0.00000000099999999998 0.50552426028953634241 0.00000000099999999998 
0.00000000099999999984 0.00000000099999999984 0.00000000099999999984 0.99999999600000000211 0.00000000099999999984 
0.00000000099999999995 0.97870530182904913463 0.00000000099999999995 0.02129469517095093634 0.00000000099999999995 
0.99999999600000011313 0.00000000099999999989 0.00000000099999999989 0.00000000099999999989 0.00000000099999999989 
0.00000000099999999998 0.00000000099999999998 0.10697107565128519124 0.05054235701197944131 0.84248656533673538238 
0.00000000099999999995 0.97461429916753017366 0.00000000099999999995 0.02538569783246977588 0.00000000099999999995 
0.00000000099999999996 0.99889456658521225130 0.00000000099999999996 0.00110543041478781642 0.00000000099999999996 
0.00000000099999999995 0.00000000099999999995 0.00000000099999999995 0.99999999600000000211 0.00000000099999999995 
0.00713425683322135764 0.00000000099999999999 0.02019897463013211811 0.02646357439535941894 0.94620319314128720212 
0.00000000099999999997 0.00000000099999999997 0.06462285776075488153 0.00000000099999999997 0.93537713923924503678 
0.00000000099999999999 0.99993903953989637934 0.00000002785696958586 0.00006093060313389294 0.00000000099999999999 
0.02635697806120294862 0.88967826185795217953 0.08396474954360345910 0.00000000100000000000 0.00000000953724142199 
0.03060389169549027413 0.93366718391633807261 0.00000000099999999997 0.03572892238817169941 0.00000000099999999997 
0.00000000099999999999 0.00035619553804143098 0.01759913138050731019 0.06937631804790299339 0.91266835403354829026 
0.71303478890658711364 0.00000000099999999999 0.28671285548673125509 0.00000000099999999999 0.00025235360668181359 
0.01614571755136267814 0.00000000106163096962 0.12060455666033437216 0.01291625542527031698 0.85033346930140174535 
0.00000000099999999996 0.99999999600000011313 0.00000000099999999996 0.00000000099999999996 0.00000000099999999996 
0.99999999600000011313 0.00000000099999999990 0.00000000099999999990 0.00000000099999999990 0.00000000099999999990 
0.71119135122195964449 0.01959279162071490485 0.23941485094248676768 0.00000000100000000000 0.02980100521483881187 
0.00000000099999999997 0.99999999549631446438 0.00000000099999999997 0.00000000150368565374 0.00000000099999999997 
0.00114561794022687751 0.99885437905977325634 0.00000000099999999994 0.00000000099999999994 0.00000000099999999994 
0.00000000099999999996 0.95750730254309468492 0.00000000099999999996 0.04249269445690531666 0.00000000099999999996 
0.00000000099999999994 0.00000000099999999994 0.99999999599999989108 0.00000000099999999994 0.00000000099999999994 
0.00000004487202142184 0.08727789505572551565 0.83647933456522216566 0.00261503940122977813 0.07362768610580104622 
0.00000000099999999994 0.00000000099999999994 0.00000000099999999994 0.99999999599999989108 0.00000000099999999994 
0.00000000099999999998 0.00000000099999999998 0.00833145960794363927 0.48210568571906503577 0.50956285267299150643 
0.00000000099999999992 0.00000000099999999992 0.99999996558859483020 0.00000000099999999992 0.00000003141140505932 
0.00000000099999999998 0.98749985883854374258 0.00000000099999999998 0.01250013816145619482 0.00000000099999999998 
0.00000000099999999992 0.00000000099999999992 0.99999999600000000211 0.00000000099999999992 0.00000000099999999992 
0.00000000099999999994 0.00000000099999999994 0.99999999600000000211 0.00000000099999999994 0.00000000099999999994 
0.00000000099999999992 0.00000000099999999992 0.99999999599999989108 0.00000000099999999992 0.00000000099999999992 
0.00000000099999999999 0.00000000099999999999 0.12631339718095171976 0.00823847416330588181 0.86544812665574244459 
0.00000000099999999989 0.00000000099999999989 0.99999999600000000211 0.00000000099999999989 0.00000000099999999989 
0.00000000099999999992 0.00000000099999999992 0.99399634287866023286 0.00000000099999999992 0.00600365412133976872 
0.00974214163064293127 0.51419171216757886267 0.00000000099999999995 0.47606614420177811864 0.00000000099999999995 
0.01149069660097884471 0.00000000344224582203 0.16467750745298970205 0.01743917964009249894 0.80639261286369312565 
0.00000000099999999998 0.00000000099999999998 0.59511066730686490445 0.00000000099999999998 0.40488932969313501387 
0.00000000099999999995 0.00000000099999999995 0.99999854720291259103 0.00000000099999999995 0.00000144979708751854 
0.00000000099999999997 0.00000000099999999997 0.00000042467946996208 0.00000000099999999997 0.99999957232052993916 
0.00000000099999999994 0.00000000099999999994 0.99799541027866067733 0.00000000099999999994 0.00200458672133915251 
0.00000000099999999995 0.00000000099999999995 0.00000000099999999995 0.00000000099999999995 0.99999999599999989108 
0.00000000099999999996 0.00000000099999999996 0.02835020837035504004 0.00000000099999999996 0.97164978862964501705 
0.00000000099999999996 0.00000000099999999996 0.95894692572428774646 0.00000000099999999996 0.04105307127571225512 
0.00000000099999999993 0.00000000099999999993 0.99999998977249648924 0.00000000099999999993 0.00000000722750354922 
0.92727961813405324065 0.07271315216196064246 0.00000722770398624319 0.00000000099999999999 0.00000000099999999999 
0.00000000099999999996 0.00000000099999999996 0.02983154954815814969 0.00000000099999999996 0.97016844745184172005 
0.01234073219191519737 0.00000000099999999998 0.98748562906484771418 0.00000000099999999998 0.00017363674323719059 
0.99999999600000000211 0.00000000099999999991 0.00000000099999999991 0.00000000099999999991 0.00000000099999999991 
0.00907774022498713390 0.99092225677501288850 0.00000000099999999997 0.00000000099999999997 0.00000000099999999997 
0.00000000099999999997 0.00000000099999999997 0.00000010879584864519 0.00000000099999999997 0.99999988820415131041 
0.99999995363897120626 0.00000004336102881152 0.00000000099999999995 0.00000000099999999995 0.00000000099999999995 
0.97360225263888300340 0.00000000099999999993 0.00000000099999999993 0.02639774436111705716 0.00000000099999999993 
0.95951217888672157841 0.04048781811327835378 0.00000000099999999997 0.00000000099999999997 0.00000000099999999997 
0.00000000099999999994 0.00000000099999999994 0.00000000099999999994 0.99999999599999989108 0.00000000099999999994 
0.38866736096967097192 0.00000000099999999995 0.00000000099999999995 0.61133263603032894640 0.00000000099999999995 
0.29193516267533803354 0.01864453752052016439 0.14528365239511667473 0.54403148408061707819 0.00010516332840805293 
0.00000000099999999994 0.00000000099999999994 0.00000000099999999994 0.99999999599999989108 0.00000000099999999994 
0.00000000099999999994 0.99999999600000000211 0.00000000099999999994 0.00000000099999999994 0.00000000099999999994 
0.99999999600000011313 0.00000000099999999991 0.00000000099999999991 0.00000000099999999991 0.00000000099999999991 
0.36611977435704634587 0.00000000099999999993 0.00000000099999999993 0.63388022264295340591 0.00000000099999999993 
0.40072839216007583030 0.00000000099999999994 0.00000000099999999994 0.59927160483992403250 0.00000000099999999994 
0.88194337260160415859 0.07692555531087728882 0.00000000099999999999 0.04113107008751851201 0.00000000099999999999 
0.08671381881210989129 0.16012968153575909969 0.00022389483608973101 0.54941035806428917265 0.20352224675175209501 
0.07083216985862274273 0.79200835414762604803 0.00340930395259984430 0.00002346179747569623 0.13372671024367555059 
0.00000000099999999994 0.00000000099999999994 0.00000000099999999994 0.99999999600000000211 0.00000000099999999994 
0.98511587845997350410 0.01488398595843666398 0.00000000099999999997 0.00000013358158994449 0.00000000099999999997 
0.00000000099999999993 0.99999999600000000211 0.00000000099999999993 0.00000000099999999993 0.00000000099999999993 
0.02930598898582461795 0.93439284438287872891 0.00000000099999999998 0.03630116463129657439 0.00000000099999999998 
0.00000000099999999993 0.00000002691488572256 0.00000000099999999993 0.99999997008511432028 0.00000000099999999993 
0.00631281572528767047 0.98689910379620260361 0.00000000099999999997 0.00678807847850975386 0.00000000099999999997 
0.38648444606435888860 0.00000000099999999995 0.00000000099999999995 0.61351555093564102972 0.00000000099999999995 
0.00000000099999999999 0.00000000657458343595 0.03879060045382545785 0.96120939097159108222 0.00000000099999999999 
0.92335433178821835210 0.07664566521178171887 0.00000000099999999995 0.00000000099999999995 0.00000000099999999995 
0.00000000099999999998 0.01234020678251714423 0.00000000099999999998 0.98765979021748295796 0.00000000099999999998 
0.04660646267838217810 0.93386018071936383045 0.00000000099999999996 0.01953335460225393005 0.00000000099999999996 
0.00000000099999999992 0.00000000099999999992 0.99999999600000000211 0.00000000099999999992 0.00000000099999999992 
0.00000000099999999986 0.00000000099999999986 0.99999999600000000211 0.00000000099999999986 0.00000000099999999986 
0.00000000099999999997 0.00000000099999999997 0.01971166247681478689 0.00000000099999999997 0.98028833452318520081 
0.00000000099999999995 0.00000000099999999995 0.02043335640960512387 0.00000000099999999995 0.97956664059039488812 
0.93530780847087158225 0.00393296188660501728 0.04201412307060983786 0.01874381634659161300 0.00000129022532203128 
0.00000000099999999998 0.00000000099999999998 0.05900919225908782262 0.08116811952172375833 0.85982268621918833684 
0.00000000099999999996 0.00000000099999999996 0.00000000099999999996 0.00000000099999999996 0.99999999599999989108 
0.85882326335671577144 0.02357894849098208373 0.11759773997967809533 0.00000004717262398928 0.00000000099999999999 
0.00000000401071596970 0.10941650336807395849 0.10596765964004842275 0.02852135957095390528 0.75609447341020763478 
0.00000000099999999990 0.00000000099999999990 0.99999999600000000211 0.00000000099999999990 0.00000000099999999990 
0.81304553779869326302 0.01382104813698004954 0.11839348172632796485 0.00127529846794276441 0.05346463387005603862 
0.06988229427691933227 0.90154550057574889266 0.00000000099999999995 0.02857220314733167552 0.00000000099999999995 
0.99999999600000000211 0.00000000099999999991 0.00000000099999999991 0.00000000099999999991 0.00000000099999999991 
0.00000000099999999992 0.00000000099999999992 0.00000000099999999992 0.99999999600000000211 0.00000000099999999992 
0.00000000099999999997 0.99907358852633554314 0.00000000099999999997 0.00092640847366439925 0.00000000099999999997 
0.00000000099999999997 0.00000000099999999997 0.00000085320283132587 0.00000000099999999997 0.99999914379716869917 
0.16552910555625607869 0.00000296436330452873 0.03980533431880559081 0.01886408546835713004 0.77579851029327673295 
0.00000000099999999999 0.00000000099999999999 0.03507613486005944914 0.00015831154374316999 0.96476555159619747926 
0.00000000099999999997 0.00000000099999999997 0.06801722758102370092 0.00000000099999999997 0.93198276941897617576 
0.00000000099999999999 0.00024811144453918142 0.05834735752687118110 0.00000010806572885200 0.94140442196286089338 
0.00000000099999999994 0.00000000099999999994 0.08092695836507128593 0.00000000099999999994 0.91907303863492872953 
0.01685376632682113532 0.97141241360291996632 0.00000000099999999997 0.01173381807025879187 0.00000000099999999997 
0.00000000099999999996 0.00000000099999999996 0.00000000099999999996 0.99999999599999989108 0.00000000099999999996 
0.00567744788344648043 0.99396409712016731142 0.00000000099999999996 0.00035845299638631871 0.00000000099999999996 
0.00000009659569704982 0.99999990040430297711 0.00000000099999999998 0.00000000099999999998 0.00000000099999999998 
0.00000000099999999991 0.00000000099999999991 0.00000000099999999991 0.99999999599999989108 0.00000000099999999991 
0.99999999600000000211 0.00000000099999999987 0.00000000099999999987 0.00000000099999999987 0.00000000099999999987 
0.99999999600000011313 0.00000000099999999991 0.00000000099999999991 0.00000000099999999991 0.00000000099999999991 
0.00000000099999999992 0.99999999600000000211 0.00000000099999999992 0.00000000099999999992 0.00000000099999999992 
0.00000000099999999995 0.99999999038145692687 0.00000000099999999995 0.00000000661854302673 0.00000000099999999995 
0.00000000131648166910 0.99999999568351838342 0.00000000099999999993 0.00000000099999999993 0.00000000099999999993 
0.99999994948499815184 0.00000004751500197598 0.00000000099999999992 0.00000000099999999992 0.00000000099999999992 
0.95965918831128738109 0.04034078564005522116 0.00000000099999999998 0.00000002404865750307 0.00000000099999999998 
0.00000000099999999994 0.99999999545974438409 0.00000000099999999994 0.00000000154025570806 0.00000000099999999994 
0.00000000099999999993 0.00000000099999999993 0.00000000099999999993 0.99999999600000000211 0.00000000099999999993 
0.05331383038850576878 0.88030043475295527422 0.00000000100000000000 0.06638572080685385679 0.00000001305168511904 
0.99999999600000011313 0.00000000099999999987 0.00000000099999999987 0.00000000099999999987 0.00000000099999999987 
0.00000000250358291851 0.99999999449641707727 0.00000000099999999993 0.00000000099999999993 0.00000000099999999993 
0.00000000100000000000 0.00000000322711937560 0.09832378435659196170 0.03516370765436732659 0.86651250376192134883 
0.83758247745524583294 0.01696633636486814811 0.00000000099999999995 0.14545118417988592285 0.00000000099999999995 
0.00000000099999999999 0.07961671154201552247 0.00148170773529400328 0.00000000099999999999 0.91890157872269040418 
0.99999999600000000211 0.00000000099999999989 0.00000000099999999989 0.00000000099999999989 0.00000000099999999989 
0.00000000099999999996 0.99977310896808846419 0.00000000099999999996 0.00022688803191154934 0.00000000099999999996 
0.00000000099999999993 0.99999999600000011313 0.00000000099999999993 0.00000000099999999993 0.00000000099999999993 
0.99999999600000011313 0.00000000099999999990 0.00000000099999999990 0.00000000099999999990 0.00000000099999999990 
0.00000000099999999993 0.99999999600000000211 0.00000000099999999993 0.00000000099999999993 0.00000000099999999993 
0.06382953517771786101 0.64232071596301865135 0.04813645583227718627 0.03829381395798890642 0.20741947906899729781 
0.99999999600000011313 0.00000000099999999992 0.00000000099999999992 0.00000000099999999992 0.00000000099999999992 
0.00000003764602391607 0.99997297648957317318 0.00002696687107031453 0.00000001799333263341 0.00000000099999999999 
0.00000000099999999997 0.00000000099999999997 0.85960184761425650901 0.00000000099999999997 0.14039814938574338155 
0.71648531905490109306 0.00000000099999999999 0.16933898972484776047 0.00000000099999999999 0.11417568922025114753 
0.00000000099999999994 0.00000000099999999994 0.00002067194206954005 0.00000000099999999994 0.99997932505793041269 
0.00000000099999999996 0.00000000099999999996 0.01211679230322948789 0.00000000099999999996 0.98788320469677048941 
0.00000000099999999997 0.00000000099999999997 0.00000158058872598268 0.00000000099999999997 0.99999841641127407144 
0.00000000099999999997 0.00000000099999999997 0.00440873864451809833 0.00000001986308669761 0.99559123949239525242 
0.00536330940916049381 0.00000000099999999999 0.02203583861391211762 0.00000010529358030880 0.97260074568334708989 
0.02358393627366369913 0.08016028746997673482 0.17841223468386432915 0.00000001201512248702 0.71784352955737273927 
0.00000000099999999995 0.00000000099999999995 0.00000000099999999995 0.00000000099999999995 0.99999999599999989108 
0.99999999600000000211 0.00000000099999999989 0.00000000099999999989 0.00000000099999999989 0.00000000099999999989 
0.00000000099999999999 0.00000000099999999999 0.04950681467959429372 0.00000004268491663433 0.95049314063548895337 
0.73307264214255829504 0.00000000099999999998 0.23586618236280249006 0.00000000099999999998 0.03106117349463914656 
0.00000000099999999997 0.00000000099999999997 0.04035408775509951446 0.00000000099999999997 0.95964590924490045243 
0.00000000099999999992 0.00000000099999999992 0.99999994385181323331 0.00000000099999999992 0.00000005314818668080 
0.00000000099999999993 0.99999999600000011313 0.00000000099999999993 0.00000000099999999993 0.00000000099999999993 
0.00000000099999999990 0.00000000099999999990 0.99999999599999989108 0.00000000099999999990 0.00000000099999999990 
0.00000000099999999992 0.00000000099999999992 0.99999997263381923407 0.00000000099999999992 0.00000002436618082212 
0.00000922844284115968 0.01281367360153438939 0.05920666081788757140 0.01260229736666218861 0.91536813977107467366 
0.00000000099999999998 0.00000000099999999998 0.07544349141744478848 0.02584897691915265250 0.89870752966340261558 
0.00000000099999999994 0.00000000099999999994 0.99999999600000000211 0.00000000099999999994 0.00000000099999999994 
0.00000000099999999992 0.00000000099999999992 0.99999996035119165239 0.00000000099999999992 0.00000003664880840066 
0.00000000099999999998 0.00000000099999999998 0.08254525016777947144 0.00000006046015429964 0.91745468737206625764 
0.00000000099999999993 0.99999999600000011313 0.00000000099999999993 0.00000000099999999993 0.00000000099999999993 
0.02155415549008906848 0.00000000099999999999 0.09054706296137628174 0.00000000099999999999 0.88789877954853468900 
0.00000000099999999991 0.00000000099999999991 0.99999999600000000211 0.00000000099999999991 0.00000000099999999991 
0.00000000099999999999 0.00000000099999999999 0.03168888372778697060 0.03184094474072856479 0.93647016953148443097 
0.00000000099999999998 0.00000000099999999998 0.05984592190977017223 0.00000000099999999998 0.94015407509022985710 
0.00000000099999999993 0.00000000099999999993 0.99999999599999989108 0.00000000099999999993 0.00000000099999999993 
0.00000000099999999993 0.99999999600000000211 0.00000000099999999993 0.00000000099999999993 0.00000000099999999993 
0.00000000099999999996 0.00000000099999999996 0.99999999599999989108 0.00000000099999999996 0.00000000099999999996 
0.00005667596228756962 0.00000000588863871459 0.02531572650733553489 0.00000000099999999999 0.97462759064173820622 
0.00000002288227816708 0.00000000100000000000 0.02804275872074740369 0.04043085579912701621 0.93152636159784740766 
0.00000000099999999997 0.00000000099999999997 0.04180755290954568659 0.00412739827729536029 0.95406504681315895677 
0.00000000099999999993 0.99999999600000011313 0.00000000099999999993 0.00000000099999999993 0.00000000099999999993 
0.00000000099999999998 0.00000000099999999998 0.06001690108455022543 0.14017337258529249944 0.79980972433015729006 
0.00000000099999999998 0.00000000099999999998 0.07266681825335996603 0.00107996570728055921 0.92625321403935945153 
0.00000000099999999995 0.00000000099999999995 0.00000000099999999995 0.00000000099999999995 0.99999999600000000211 
0.00000342876367152045 0.00000000099999999999 0.00180370205371502886 0.00000014146160598555 0.99819272672100756161 
0.00000000099999999999 0.02053962179347875935 0.82366373679146864806 0.01731478006729240612 0.13848186034776033271 
0.00000000099999999999 0.86552444794621063995 0.13447548988745000598 0.00000000099999999999 0.00000006016633951518 
0.00000000099999999999 0.00000000099999999999 0.01194848633086516808 0.06743000096739611149 0.92062151070173869893 
0.00000000099999999987 0.00000000099999999987 0.99999999600000000211 0.00000000099999999987 0.00000000099999999987 
0.00000000099999999999 0.00000000099999999999 0.99693679283510083788 0.00000000099999999999 0.00306320416489919622 
0.05004632930509350652 0.00000000099999999999 0.62246927071187130309 0.00000115189002884165 0.32748324709300652424 
0.00000000100000000000 0.39635261957797918164 0.35852245294955131794 0.06732699080434766115 0.17779793566812182593 
0.00000000099999999993 0.00000000099999999993 0.00000091002862860087 0.00000000099999999993 0.99999908697137152025 
0.08221448873586525985 0.40969093321260335872 0.09498235206198542280 0.00019611078682782302 0.41291611520271809255 
0.00000000099999999998 0.00000000099999999998 0.02625072766473336011 0.20486218835676664463 0.76888708197850008652 
0.00000000099999999999 0.00000000099999999999 0.00000000099999999999 0.00000286341668450395 0.99999713358331543400 
0.00000000099999999999 0.35582089466065169869 0.00000011592594514840 0.00314093406552980658 0.64103805434787330952 
0.00000000099999999999 0.02137692902735661288 0.34384765359159280562 0.00000000099999999999 0.63477541538105064500 
0.81365385128163447703 0.00004722674809109315 0.01300601976417347337 0.00000000100000000000 0.17329290120610102433 
0.00000000099999999991 0.00000000099999999991 0.00000000099999999991 0.99999999599999989108 0.00000000099999999991 
0.00000000099999999998 0.00000000099999999998 0.06503656593925204177 0.00000000099999999998 0.93496343106074797369 
0.00000000099999999993 0.00000000099999999993 0.99999999600000000211 0.00000000099999999993 0.00000000099999999993 
0.00000000099999999995 0.00000000099999999995 0.99999999600000000211 0.00000000099999999995 0.00000000099999999995 
0.00000000099999999992 0.00000000099999999992 0.99999999600000000211 0.00000000099999999992 0.00000000099999999992 
0.67553179984488964660 0.00000000099999999998 0.24911597110101618702 0.00000000099999999998 0.07535222705409411192 
0.00000000210888652061 0.00000587904518962990 0.02461937626323135869 0.00396912429048735735 0.97140561829220517520 
0.00000000099999999995 0.00000000099999999995 0.00631402813106405735 0.00000000099999999995 0.99368596886893589826 
0.00000000099999999998 0.00000000099999999998 0.94221222384345004741 0.00000000099999999998 0.05778777315654991947 
0.00000000099999999998 0.00000000099999999998 0.08477925680119194340 0.01231604585618531998 0.90290469534262274287 
0.00000000099999999991 0.00000000099999999991 0.99999999599999989108 0.00000000099999999991 0.00000000099999999991 
0.73038523369312557953 0.00000000099999999998 0.22059412208979387038 0.00000000099999999998 0.04902064221708070380 
0.00000000099999999993 0.00000000099999999993 0.99999998454701788386 0.00000000099999999993 0.00000001245298200583 
0.00000000099999999995 0.00000000099999999995 0.99990345235937061474 0.00000000099999999995 0.00009654464062931353 
0.70655719870427569074 0.00000000099999999998 0.24483385083456210563 0.00000000099999999998 0.04860894846116223245 
0.66965333751866062961 0.00000000099999999999 0.28104933132118259387 0.00000000099999999999 0.04929732916015665961 
0.00000000099999999998 0.00000000099999999998 0.00000009239268132168 0.00320776550031597269 0.99679214010700267767 
0.00000000099999999988 0.00000000099999999988 0.99999999599999989108 0.00000000099999999988 0.00000000099999999988 
0.00000000099999999999 0.00000000099999999999 0.04236548545957695422 0.02128353120384099753 0.93635098133658201114 
0.00000000099999999990 0.00000000099999999990 0.99999999599999989108 0.00000000099999999990 0.00000000099999999990 
