0.56294645159029810255 0.10181709490874955859 0.33523645250095235326 0.00000000100000000000 
0.00000220641292845333 0.99792120141865547911 0.00000000099999999999 0.00207659116841619118 
0.14393168129239741759 0.83131575699892490405 0.00000000246536403219 0.02475255924331355023 
0.06701388310550245031 0.93298611489449756462 0.00000000099999999999 0.00000000099999999999 
0.10814206629223546696 0.89185793170776450633 0.00000000099999999998 0.00000000099999999998 
0.00000090221950905052 0.99999909578049095416 0.00000000099999999998 0.00000000099999999998 
0.00000000099999999992 0.00000000099999999992 0.00000000099999999992 0.99999999700000008485 
0.99999999699999997382 0.00000000099999999994 0.00000000099999999994 0.00000000099999999994 
0.07250042729404375386 0.92749957070595634434 0.00000000099999999996 0.00000000099999999996 
0.00000000099999999993 0.00000000099999999993 0.00000000099999999993 0.99999999699999997382 
0.00000000099999999994 0.00000000099999999994 0.00000000099999999994 0.99999999699999997382 
0.00000000099999999996 0.00000000099999999996 0.00000000099999999996 0.99999999700000008485 
0.00000000100000000000 0.15918870312349617246 0.15632751558562782424 0.68448378029087619812 
0.00000377895570105620 0.14069951267466837552 0.19088369282159378670 0.66841301554803678187 
0.20535107892351897596 0.00006326982503917554 0.51378508833122438215 0.28080056292021748909 
0.00000000099999999993 0.00000000099999999993 0.00000000099999999993 0.99999999700000008485 
0.10251673413621691100 0.02525764283865325130 0.26632553753912385774 0.60590008548600604588 
0.52931060416071351593 0.07271783987420232798 0.28590210738817345426 0.11206944857691081285 
0.00000000099999999986 0.00000000099999999986 0.99999999699999986280 0.00000000099999999986 
0.00000000100000000000 0.05431440432872777779 0.61739341417345328100 0.32829218049781905275 
0.00000000099999999999 0.13338915675763265978 0.18301536667752885124 0.68359547556483846176 
0.00000000099999999994 0.00000000099999999994 0.00000000099999999994 0.99999999699999997382 
0.00000000099999999990 0.00000000099999999990 0.99999999699999997382 0.00000000099999999990 
0.11208848917949978952 0.86378349489930938976 0.00000000099999999999 0.02412801492119089758 
0.00000000099999999995 0.00000000099999999995 0.00000000099999999995 0.99999999699999997382 
0.00000000099999999996 0.00000000099999999996 0.00000000099999999996 0.99999999700000008485 
0.00000000100000000000 0.16738134917969926807 0.16197090507518180358 0.67064774474511901214 
0.02883621068032710469 0.95142719957930532715 0.01973658874036756522 0.00000000100000000000 
0.07327837416504608126 0.92672162383495393367 0.00000000099999999997 0.00000000099999999997 
0.00071466091232616545 0.00000000099999999999 0.00000000099999999999 0.99928533708767386390 
0.08037965926345469470 0.00000000100000000000 0.02918141624665666900 0.89043892348988873398 
0.00000000099999999997 0.00000000099999999997 0.03193871294830316621 0.96806128505169686260 
0.02278219666371644400 0.92370701838052804433 0.00000000099999999999 0.05351078395575557811 
0.28706278889947378641 0.00000000099999999999 0.71293720910052627016 0.00000000099999999999 
0.12188891895984886593 0.86044862316743253583 0.01766190355697497966 0.00000055431574371594 
0.00000000099999999997 0.00000000099999999997 0.00000000100656277407 0.99999999699343722348 
0.00000000099999999991 0.00000000099999999991 0.99999999699999997382 0.00000000099999999991 
0.26137342507438227068 0.00235146858474508721 0.71874895575311348317 0.01752615058775914766 
0.00000000099999999997 0.00000000099999999997 0.00000000099999999997 0.99999999700000008485 
0.00000000099999999995 0.00000000099999999995 0.00630866330415631033 0.99369133469584369767 
0.00000000099999999995 0.00000000099999999995 0.00000004073939473478 0.99999995726060530998 
0.99999999699999997382 0.00000000099999999996 0.00000000099999999996 0.00000000099999999996 
0.84366953761412899482 0.06394606551695064534 0.00000000153641788646 0.09238439533250238089 
0.00000046901387205693 0.15726231209630495145 0.15596302873299888736 0.68677419015682394932 
0.00483096983111330584 0.63028323377146844297 0.06012684380226885478 0.30475895259514951263 
0.99999999700000008485 0.00000000099999999994 0.00000000099999999994 0.00000000099999999994 
0.00000000099999999998 0.00000000099999999998 0.00000000099999999998 0.99999999699999997382 
0.99999999699999997382 0.00000000099999999994 0.00000000099999999994 0.00000000099999999994 
0.99999999699999997382 0.00000000099999999995 0.00000000099999999995 0.00000000099999999995 
0.99999999700000008485 0.00000000099999999994 0.00000000099999999994 0.00000000099999999994 
0.13051280178731775039 0.86948719621268222291 0.00000000099999999999 0.00000000099999999999 
0.99999999699999997382 0.00000000099999999992 0.00000000099999999992 0.00000000099999999992 
0.99873735275697450575 0.00126264524302546863 0.00000000099999999994 0.00000000099999999994 
0.00000000099999999999 0.01775366159201898983 0.11177852493235260201 0.87046781247562832196 
0.16885473905324668853 0.81387684008309713057 0.01699429090602157591 0.00027412995763464006 
0.60531269069246673720 0.39468730730753326386 0.00000000099999999999 0.00000000099999999999 
0.99998121004116735655 0.00001878795883265692 0.00000000099999999996 0.00000000099999999996 
0.00005635841095246888 0.99994363958904752820 0.00000000099999999997 0.00000000099999999997 
0.99972663119198357240 0.00027336680801636664 0.00000000099999999996 0.00000000099999999996 
0.00000000099999999996 0.99999999700000008485 0.00000000099999999996 0.00000000099999999996 
0.03416209787408245463 0.96583790012591752561 0.00000000099999999996 0.00000000099999999996 
0.96014321015221071320 0.03985678784778919070 0.00000000099999999997 0.00000000099999999997 
0.99999999700000008485 0.00000000099999999995 0.00000000099999999995 0.00000000099999999995 
0.00000124706642355003 0.00000000100000000000 0.93232594113645728129 0.06767281079711916225 
0.03083067706209013589 0.96916932093790986169 0.00000000099999999996 0.00000000099999999996 
0.98605912937094708504 0.00008786539244438555 0.01385300423660855082 0.00000000099999999999 
0.00000000099999999992 0.00000000099999999992 0.99999999699999997382 0.00000000099999999992 
0.00000000099999999997 0.00000000099999999997 0.00944419254838333062 0.99055580545161669992 
0.00000003115238997449 0.99999996684761005561 0.00000000099999999997 0.00000000099999999997 
0.00000000099999999995 0.00000000099999999995 0.99999999699999997382 0.00000000099999999995 
0.00000000099999999994 0.00000000099999999994 0.99990053295513314779 0.00009946504486676002 
0.00000000099999999996 0.00000000099999999996 0.96152764968255477473 0.03847234831744514999 
0.00000000099999999999 0.15433277770452946687 0.16678275040410822649 0.67888447089136227941 
0.00000000100000000000 0.05629035877482121975 0.58659153673181374522 0.35711810349336503556 
0.13714753534769721921 0.09508692545705559052 0.44581361429428750798 0.32195192490095952964 
0.00311105359353508817 0.15144733833370052634 0.20795738255743945189 0.63748422551532502034 
0.00000000099999999995 0.00000000099999999995 0.00000000099999999995 0.99999999700000008485 
0.00000000099999999991 0.00000000099999999991 0.99999999699999986280 0.00000000099999999991 
0.00000000099999999999 0.03059305350718365124 0.57711952015567735685 0.39228742533713900631 
0.00000000100000000000 0.05228401346731908345 0.59992189905101156455 0.34779408648166937335 
0.00000000100000000000 0.00000002368278320298 0.89884995218184182697 0.10115002313537498069 
0.00069282984047855411 0.30498007630176426908 0.19929449221747405629 0.49503260164028312085 
0.01333316375441990186 0.11451051299580687626 0.07641390418231844284 0.79574241906745479813 
0.00000001046173412930 0.17913904764067145603 0.12370464980945304612 0.69715629208814133833 
0.00000000099999999997 0.00000000099999999997 0.99647774929522248133 0.00352224870477738528 
0.00000000099999999994 0.00000000099999999994 0.00000000099999999994 0.99999999700000008485 
0.00000000099999999998 0.00000000099999999998 0.03180444710424772115 0.96819555089575226603 
0.00000000099999999999 0.13012759186434172398 0.14658549895718447909 0.72328690817847385297 
0.00000000099999999996 0.00000000099999999996 0.00631970664119017519 0.99368029135880986402 
0.00000000099999999999 0.04916826024282969221 0.57644516103837584176 0.37438657771879457759 
0.03873092557686882986 0.17135701824436300189 0.15557218267429134828 0.63433987350447695874 
0.00000000099999999995 0.00000000099999999995 0.92803043830512788048 0.07196955969487195404 
0.00632462758896094185 0.16973800328087368383 0.14209434857879951752 0.68184302055136591925 
0.00000000099999999996 0.00000000099999999996 0.04627008188488763302 0.95372991611511237497 
0.99999999699999997382 0.00000000099999999994 0.00000000099999999994 0.00000000099999999994 
0.99999999700000008485 0.00000000099999999989 0.00000000099999999989 0.00000000099999999989 
0.02355302704628866803 0.97644697095371135731 0.00000000099999999998 0.00000000099999999998 
0.03036596535927971532 0.96963403264072023369 0.00000000099999999996 0.00000000099999999996 
0.04322844640483480133 0.00000001559153302998 0.94512434224494068502 0.01164719575869144555 
0.05240728794415591002 0.92510790501516448892 0.00353262583886904081 0.01895218120181061533 
0.00106206208361786232 0.99893793591638224694 0.00000000099999999997 0.00000000099999999997 
0.11595629322214180690 0.00000000099999999999 0.86431529725958411436 0.01972840851827406886 
0.11423027075853439682 0.75547135385236963145 0.00000001070169852904 0.13029836468739736111 
0.99999999700000008485 0.00000000099999999992 0.00000000099999999992 0.00000000099999999992 
0.11566823511272870950 0.05123263772164785013 0.81840444842444426410 0.01469467874117919709 
0.00000000099999999995 0.00000000099999999995 0.07355022129821739418 0.92644977670178263462 
0.00000000099999999992 0.00000000099999999992 0.99999999699999997382 0.00000000099999999992 
0.00000000100000000000 0.14511359045057817263 0.19405639259465207180 0.66083001595476975609 
0.00000000099999999997 0.00000000099999999997 0.00000000099999999997 0.99999999699999997382 
0.00013244733321985671 0.99986755066678023596 0.00000000099999999998 0.00000000099999999998 
0.04536456670078780479 0.78030404561229171900 0.17413703897770041462 0.00019434870921998664 
0.04182317760786388727 0.95817682039213614154 0.00000000099999999999 0.00000000099999999999 
0.07716797271490929977 0.92283202528509067353 0.00000000099999999998 0.00000000099999999998 
0.06618859143319477667 0.93381136845456325091 0.00000000099999999999 0.00000003911224201968 
0.08466140699693333604 0.91533859100306658174 0.00000000099999999995 0.00000000099999999995 
0.00000000099999999996 0.00000000099999999996 0.01564106232605072533 0.98435893567394916470 
0.00136544523013339397 0.15107146485917197221 0.18374396773962964335 0.66381912217106509022 
0.00000000099999999996 0.00000000099999999996 0.01019494522907073153 0.98980505277092922789 
0.00000000099999999998 0.00000000099999999998 0.00000000099999999998 0.99999999699999997382 
0.00000000100000000000 0.12002721149218974206 0.16264324486703721218 0.71732954264077308792 
0.00000000099999999988 0.00000000099999999988 0.99999999699999997382 0.00000000099999999988 
0.00000000099999999992 0.00000000099999999992 0.99999999699999986280 0.00000000099999999992 
0.00000000099999999992 0.00000000099999999992 0.00000000099999999992 0.99999999700000008485 
0.00000000099999999994 0.00000000099999999994 0.00000000099999999994 0.99999999700000008485 
0.00000000099999999994 0.00000000099999999994 0.00000000099999999994 0.99999999699999997382 
0.00000000099999999993 0.00000000099999999993 0.99999999699999997382 0.00000000099999999993 
0.00000000099999999998 0.00000000099999999998 0.96288936098215727188 0.03711063701784274999 
0.00000000099999999993 0.00000000099999999993 0.00000000099999999993 0.99999999699999997382 
0.00000000100000000000 0.13688740688385420130 0.15591429324186609207 0.70719829887427965165 
0.00000000374021470593 0.00000000100000000000 0.06492734400273666995 0.93507265125704874809 
0.00000000099999999988 0.00000000099999999988 0.99999999699999986280 0.00000000099999999988 
0.00000000099999999994 0.00000000099999999994 0.00000000099999999994 0.99999999700000008485 
0.10192409931512880217 0.88561772497404722682 0.00026028372434302977 0.01219789198648084730 
0.00000000099999999996 0.00000000099999999996 0.88135197902835205053 0.11864801897164796440 
0.00776765681090263015 0.91616438485343687503 0.00000000099999999999 0.07606795733566065754 
0.00000000099999999990 0.00000000099999999990 0.99999999699999986280 0.00000000099999999990 
0.00000000099999999995 0.00000000099999999995 0.00000000099999999995 0.99999999700000008485 
0.00000000099999999994 0.00000000099999999994 0.00000000099999999994 0.99999999699999997382 
0.00000000099999999991 0.00000000099999999991 0.99999999699999986280 0.00000000099999999991 
0.00000000099999999993 0.00000000099999999993 0.00000000099999999993 0.99999999699999997382 
0.05827285853971948121 0.19638007149204669832 0.06474554346671804184 0.68060152650151573006 
0.00000000099999999993 0.00000000099999999993 0.99999999699999986280 0.00000000099999999993 
0.00000000099999999999 0.00000000099999999999 0.00000751179967466510 0.99999248620032543666 
0.86177799784886832679 0.13822200015113167426 0.00000000099999999998 0.00000000099999999998 
0.19330177533359951814 0.08461001957392541573 0.72208820409247487238 0.00000000099999999999 
0.00148479111181787338 0.99851520688818207194 0.00000000099999999996 0.00000000099999999996 
0.02031607113704282999 0.97968392686295724392 0.00000000099999999997 0.00000000099999999997 
0.00018666750893195485 0.99981333049106801969 0.00000000099999999998 0.00000000099999999998 
0.00673718317543438479 0.99326281482456557637 0.00000000099999999997 0.00000000099999999997 
0.02621652281324472755 0.97236444046552505949 0.00141903572123021934 0.00000000099999999999 
0.18433385669181964750 0.71206215415975393501 0.02428125589545959695 0.07932273325296686217 
0.00000000099999999996 0.99999999700000008485 0.00000000099999999996 0.00000000099999999996 
0.00000000099999999990 0.00000000099999999990 0.99999999699999986280 0.00000000099999999990 
0.05647551066645227491 0.94352448733354776778 0.00000000099999999999 0.00000000099999999999 
0.25778571183436660430 0.00099656069239483554 0.74121772647323846961 0.00000000099999999999 
0.05102791220742165096 0.94897208579257841254 0.00000000099999999998 0.00000000099999999998 
0.99999999700000008485 0.00000000099999999994 0.00000000099999999994 0.00000000099999999994 
0.00000000099999999993 0.00000000099999999993 0.00000000099999999993 0.99999999700000008485 
0.99999999700000008485 0.00000000099999999993 0.00000000099999999993 0.00000000099999999993 
0.99999999700000008485 0.00000000099999999994 0.00000000099999999994 0.00000000099999999994 
0.06919096141816340195 0.91062684395575399510 0.00005000680274637514 0.02013218782333626306 
0.08363432919971790225 0.91636566880028202942 0.00000000099999999999 0.00000000099999999999 
0.99999999700000008485 0.00000000099999999996 0.00000000099999999996 0.00000000099999999996 
0.99999999700000008485 0.00000000099999999994 0.00000000099999999994 0.00000000099999999994 
0.08702929800131480043 0.91297069999868518675 0.00000000099999999998 0.00000000099999999998 
0.00000000099999999993 0.00000000099999999993 0.00000000099999999993 0.99999999699999997382 
0.09757045281725038044 0.88331392066607594682 0.01911562551667360041 0.00000000099999999999 
0.99999999700000008485 0.00000000099999999994 0.00000000099999999994 0.00000000099999999994 
0.02362660716673766967 0.97608248557615406860 0.00000000252254091842 0.00029090473456728117 
0.06675727146986527860 0.93324272653013484735 0.00000000099999999998 0.00000000099999999998 
0.99999999700000008485 0.00000000099999999995 0.00000000099999999995 0.00000000099999999995 
0.00000000099999999995 0.00000000099999999995 0.00000000099999999995 0.99999999699999997382 
0.99999999699999997382 0.00000000099999999997 0.00000000099999999997 0.00000000099999999997 
0.03962026493015156914 0.96037973306984847355 0.00000000099999999999 0.00000000099999999999 
0.03588253916534991234 0.94149864532138860529 0.00630229629611252923 0.01631651921714897743 
0.04684833763658592665 0.95315166036341403277 0.00000000099999999997 0.00000000099999999997 
0.00000000099999999993 0.00000000099999999993 0.00000000099999999993 0.99999999700000008485 
0.05410869294717170902 0.85927184966828340507 0.01676880964750428887 0.06985064773704070806 
0.08115791173858732943 0.91884208626141261611 0.00000000099999999998 0.00000000099999999998 
0.00000000099999999996 0.99999999699999997382 0.00000000099999999996 0.00000000099999999996 
0.01122839995473228630 0.98877154940682987494 0.00000004963843784603 0.00000000099999999999 
0.82222439113411704970 0.14331611007840411309 0.00000000099999999999 0.03445949778747886549 
0.13250587440152164498 0.00000000099999999999 0.00000000099999999999 0.86749412359847843934 
0.02030301629373663236 0.94762013426782254477 0.00000109405303480174 0.03207575538540592686 
0.99999999700000008485 0.00000000099999999990 0.00000000099999999990 0.00000000099999999990 
0.99748633395020236403 0.00251366404979767215 0.00000000099999999999 0.00000000099999999999 
0.62552265289644193302 0.32455319071768040651 0.04992415538587768875 0.00000000100000000000 
0.36022913100851222667 0.18219102468350356627 0.00000000100000000000 0.45757984330798423533 
0.00000555198918984303 0.99999444601081022288 0.00000000099999999995 0.00000000099999999995 
0.11740550726863885345 0.38457755550170158454 0.07854917670900098126 0.41946776052065859464 
0.02645280759327666570 0.85234412270703741044 0.02731646561460246078 0.09388660408508349431 
0.00000000099999999999 0.99999999699999997382 0.00000000099999999999 0.00000000099999999999 
0.00002416227163547823 0.63387608586946087019 0.00000000099999999999 0.36609975085890367197 
0.34986907332923894431 0.62883571575457353209 0.00000000099999999999 0.02129520991618743739 
0.01899653944542003745 0.16284662869085564374 0.81815474883442795839 0.00000208302929633383 
0.00000000100000000000 0.15399917555553907511 0.17342443963204845492 0.67257638381241247050 
0.07074900881006447595 0.92925098918993565000 0.00000000099999999998 0.00000000099999999998 
0.99999999700000008485 0.00000000099999999995 0.00000000099999999995 0.00000000099999999995 
0.99999999699999997382 0.00000000099999999997 0.00000000099999999997 0.00000000099999999997 
0.99999999699999997382 0.00000000099999999994 0.00000000099999999994 0.00000000099999999994 
0.26796516457293317881 0.05123161133037955339 0.68080322309668728220 0.00000000099999999999 
0.02973015354237932770 0.97026984057911080939 0.00000000100000000000 0.00000000487850980456 
0.01254551971191685163 0.98745447828808319279 0.00000000099999999996 0.00000000099999999996 
0.94495704921501000317 0.05504294878498993543 0.00000000099999999998 0.00000000099999999998 
0.08938183016389461555 0.91061657518681315970 0.00000000099999999999 0.00000159364929221328 
0.99999999700000008485 0.00000000099999999994 0.00000000099999999994 0.00000000099999999994 
0.24283076478482201743 0.02084832661992268299 0.73632090759525514745 0.00000000099999999999 
0.99999999700000008485 0.00000000099999999995 0.00000000099999999995 0.00000000099999999995 
0.99999852170450420630 0.00000147629549575032 0.00000000099999999997 0.00000000099999999997 
0.26977477668865917915 0.01894512236526635363 0.71128009994607444000 0.00000000099999999999 
0.29855206871851952544 0.02676964416042464101 0.67467828612105573693 0.00000000099999999999 
0.00000000213110745753 0.99999999586889243286 0.00000000099999999998 0.00000000099999999998 
0.99999999700000008485 0.00000000099999999991 0.00000000099999999991 0.00000000099999999991 
0.04342089862595480826 0.95657815497860021470 0.00000094539544483273 0.00000000099999999999 
0.99999999699999997382 0.00000000099999999993 0.00000000099999999993 0.00000000099999999993 
