0.00000000099999999999 0.00000000099999999999 0.54128393715444667045 0.00416271561058624562 0.32366436203490406287 0.00000012930749278939 0.00000000099999999999 0.13088885289257029543 
0.00000000099999999997 0.02365988058624477614 0.00000000099999999997 0.00000000099999999997 0.00000000099999999997 0.61053013658082300186 0.00000000099999999997 0.36580997783293217607 
0.00000000099999999996 0.00000000099999999996 0.11937003763325473860 0.00000000099999999996 0.00000000099999999996 0.49916200137638794265 0.03949435743357668227 0.34197359955678058308 
0.00000000099999999997 0.00534565878910603452 0.04034677688338893925 0.00000000099999999997 0.00000000099999999997 0.70263253812281767363 0.00000000099999999997 0.25167502220468729313 
0.00000000099999999996 0.00000000099999999996 0.09208878814471012364 0.00000000099999999996 0.00000000099999999996 0.68503935403332127940 0.00000000099999999996 0.22287185282196847469 
0.00000000099999999993 0.00000000099999999993 0.00000000099999999993 0.00000000099999999993 0.00000000099999999993 0.99999999299999997593 0.00000000099999999993 0.00000000099999999993 
0.99999999300000008695 0.00000000099999999981 0.00000000099999999981 0.00000000099999999981 0.00000000099999999981 0.00000000099999999981 0.00000000099999999981 0.00000000099999999981 
0.00000000099999999987 0.00000000099999999987 0.99999999299999997593 0.00000000099999999987 0.00000000099999999987 0.00000000099999999987 0.00000000099999999987 0.00000000099999999987 
0.00000000099999999990 0.00000000099999999990 0.01231314668229611421 0.00513279259980332393 0.00000000099999999990 0.98255405571790066510 0.00000000099999999990 0.00000000099999999990 
0.00000000099999999979 0.00000000099999999979 0.00000000099999999979 0.00000000099999999979 0.00000000099999999979 0.00000000099999999979 0.99999999299999997593 0.00000000099999999979 
0.00000000099999999983 0.00000000099999999983 0.00000000099999999983 0.00000000099999999983 0.00000000099999999983 0.00000000099999999983 0.99999999299999986491 0.00000000099999999983 
0.43750192686126154751 0.00000000099999999993 0.00000000099999999993 0.00000000099999999993 0.00000000099999999993 0.00000000099999999993 0.56249806713873828912 0.00000000099999999993 
0.00000000099999999985 0.99999999300000019797 0.00000000099999999985 0.00000000099999999985 0.00000000099999999985 0.00000000099999999985 0.00000000099999999985 0.00000000099999999985 
0.35153508210757106189 0.14980302046746782341 0.00000000099999999999 0.00000000099999999999 0.16916271074296732047 0.12601586515462770421 0.20348331852736609160 0.00000000099999999999 
0.00000000099999999998 0.42350100502671278457 0.16601504281880158365 0.00000000099999999998 0.41048394715448560666 0.00000000099999999998 0.00000000099999999998 0.00000000099999999998 
0.99999999300000019797 0.00000000099999999982 0.00000000099999999982 0.00000000099999999982 0.00000000099999999982 0.00000000099999999982 0.00000000099999999982 0.00000000099999999982 
0.27356258316768261585 0.20138516748873666606 0.09424183505145847239 0.00000000099999999999 0.23820344876826252123 0.00000000099999999999 0.17807604472771079718 0.01453091879614899253 
0.00000000099999999998 0.18641636379229450937 0.50886101196094912780 0.00000000099999999998 0.23843469798526956138 0.00000000099999999998 0.00000000099999999998 0.06628792226148672029 
0.00000000099999999968 0.00000000099999999968 0.00000000099999999968 0.00000000099999999968 0.99999999299999997593 0.00000000099999999968 0.00000000099999999968 0.00000000099999999968 
0.00000782030654141058 0.50519458607273015627 0.00000000099999999997 0.00000000099999999997 0.49479758862072853454 0.00000000099999999997 0.00000000099999999997 0.00000000099999999997 
0.00000000099999999972 0.99999999300000008695 0.00000000099999999972 0.00000000099999999972 0.00000000099999999972 0.00000000099999999972 0.00000000099999999972 0.00000000099999999972 
0.69546259092337614494 0.01137920657265564101 0.00000000099999999992 0.00000000099999999992 0.00000000099999999992 0.00000000099999999992 0.29315819750396826526 0.00000000099999999992 
0.00000000099999999978 0.00000000099999999978 0.00000000099999999978 0.00000000099999999978 0.99999999300000008695 0.00000000099999999978 0.00000000099999999978 0.00000000099999999978 
0.00000000099999999992 0.00000000099999999992 0.00000000099999999992 0.00000000099999999992 0.00000000099999999992 0.00000000099999999992 0.00000000099999999992 0.99999999300000008695 
0.62154337683274263338 0.02233391433965256287 0.00000000099999999992 0.00000000099999999992 0.00000000099999999992 0.00000000099999999992 0.35612270382760485843 0.00000000099999999992 
0.99999999300000008695 0.00000000099999999987 0.00000000099999999987 0.00000000099999999987 0.00000000099999999987 0.00000000099999999987 0.00000000099999999987 0.00000000099999999987 
0.00000000099999999992 0.99999999300000019797 0.00000000099999999992 0.00000000099999999992 0.00000000099999999992 0.00000000099999999992 0.00000000099999999992 0.00000000099999999992 
0.00000000099999999989 0.00000000099999999989 0.00000000099999999989 0.00000000099999999989 0.00000000099999999989 0.00000000099999999989 0.00000000099999999989 0.99999999299999997593 
0.00000000099999999994 0.00000000099999999994 0.04882165318282458144 0.00000000099999999994 0.00000000099999999994 0.66622306751343496334 0.00000000099999999994 0.28495527430374045785 
0.99999999300000019797 0.00000000099999999993 0.00000000099999999993 0.00000000099999999993 0.00000000099999999993 0.00000000099999999993 0.00000000099999999993 0.00000000099999999993 
0.71402391709990375990 0.00000000099999999999 0.08531032290990091249 0.00001660943358945429 0.02194293230702919900 0.00000000099999999999 0.17870621524957674975 0.00000000099999999999 
0.35546823030128893439 0.03908229122587773829 0.00000000099999999994 0.01073458544053509066 0.00764156041511909485 0.00000000099999999994 0.58707332961717895170 0.00000000099999999994 
0.00070031050113107663 0.06688956532827228241 0.00015999267654661904 0.00000000099999999998 0.00000000099999999998 0.60813368784022125979 0.00000000099999999998 0.32411644065382877455 
0.00000000099999999976 0.00000000099999999976 0.00000000099999999976 0.99999999300000008695 0.00000000099999999976 0.00000000099999999976 0.00000000099999999976 0.00000000099999999976 
0.00000000099999999999 0.00000000099999999999 0.08224554824690263888 0.03781987844754464839 0.00000000099999999999 0.87993456830555272230 0.00000000099999999999 0.00000000099999999999 
0.00000000099999999982 0.00000000099999999982 0.00000000099999999982 0.00000000099999999982 0.00000000099999999982 0.00000000099999999982 0.99999999299999997593 0.00000000099999999982 
0.00000000099999999984 0.00000000099999999984 0.00000000099999999984 0.00000000099999999984 0.99999999300000008695 0.00000000099999999984 0.00000000099999999984 0.00000000099999999984 
0.00000000099999999962 0.00000000099999999962 0.00000000099999999962 0.99999999299999997593 0.00000000099999999962 0.00000000099999999962 0.00000000099999999962 0.00000000099999999962 
0.99999999300000019797 0.00000000099999999990 0.00000000099999999990 0.00000000099999999990 0.00000000099999999990 0.00000000099999999990 0.00000000099999999990 0.00000000099999999990 
0.68205744239321686173 0.00000000099999999991 0.00000000099999999991 0.00000000099999999991 0.00544817067775301127 0.00000000099999999991 0.31249438192903017386 0.00000000099999999991 
0.99999999300000008695 0.00000000099999999989 0.00000000099999999989 0.00000000099999999989 0.00000000099999999989 0.00000000099999999989 0.00000000099999999989 0.00000000099999999989 
0.00000000099999999989 0.00000000099999999989 0.99999999299999997593 0.00000000099999999989 0.00000000099999999989 0.00000000099999999989 0.00000000099999999989 0.00000000099999999989 
0.00000000099999999999 0.00000000099999999999 0.83236780630185602803 0.00569816794170762385 0.00000000099999999999 0.01323030243695191843 0.09236747018488361549 0.05633625013460079323 
0.00000000099999999990 0.99999999300000008695 0.00000000099999999990 0.00000000099999999990 0.00000000099999999990 0.00000000099999999990 0.00000000099999999990 0.00000000099999999990 
0.00000000099999999996 0.48159695345258868304 0.00000000099999999996 0.00000000099999999996 0.00000000099999999996 0.51840304054741126460 0.00000000099999999996 0.00000000099999999996 
0.00000000099999999988 0.00000000099999999988 0.99999999300000008695 0.00000000099999999988 0.00000000099999999988 0.00000000099999999988 0.00000000099999999988 0.00000000099999999988 
0.70125775259394218519 0.00001538516119937058 0.00000000099999999997 0.00716013608409152118 0.00000000099999999997 0.00000000099999999997 0.29156672216076695570 0.00000000099999999997 
0.00000000099999999987 0.00000000099999999987 0.99999999299999997593 0.00000000099999999987 0.00000000099999999987 0.00000000099999999987 0.00000000099999999987 0.00000000099999999987 
0.00000000099999999990 0.00000000099999999990 0.99999999299999997593 0.00000000099999999990 0.00000000099999999990 0.00000000099999999990 0.00000000099999999990 0.00000000099999999990 
0.00000000099999999987 0.00000000099999999987 0.99999999300000008695 0.00000000099999999987 0.00000000099999999987 0.00000000099999999987 0.00000000099999999987 0.00000000099999999987 
0.00000000099999999997 0.00000000099999999997 0.10003923077759128979 0.02416012121246780692 0.00000000099999999997 0.57376937214582546254 0.00000000099999999997 0.30203127186411549143 
0.00000000099999999982 0.00000000099999999982 0.99999999300000008695 0.00000000099999999982 0.00000000099999999982 0.00000000099999999982 0.00000000099999999982 0.00000000099999999982 
0.00000000099999999987 0.00000000099999999987 0.98475692631262878862 0.00000000099999999987 0.00000000099999999987 0.01524306768737107923 0.00000000099999999987 0.00000000099999999987 
0.22810968852441543264 0.48298843006215352869 0.00000000099999999992 0.00000050447917978176 0.00000008158823804330 0.00000000099999999992 0.28890129234601319430 0.00000000099999999992 
0.00000000099999999995 0.00000000099999999995 0.13756186752959240205 0.00000000099999999995 0.00000000099999999995 0.00000000099999999995 0.00000000099999999995 0.86243812647040762887 
0.00000000099999999995 0.00000000099999999995 0.52472150464460043384 0.00000000099999999995 0.00000000099999999995 0.00000000099999999995 0.00000000099999999995 0.47527848935539973585 
0.00000000099999999993 0.00000000099999999993 0.99999999300000008695 0.00000000099999999993 0.00000000099999999993 0.00000000099999999993 0.00000000099999999993 0.00000000099999999993 
0.00000000099999999995 0.00000000099999999995 0.00000000099999999995 0.00486743171191737246 0.00000000099999999995 0.70809100596926799476 0.00000000099999999995 0.28704155731881464408 
0.00000000099999999991 0.00000000099999999991 0.98372238337383965945 0.00000000099999999991 0.00000000099999999991 0.00000000099999999991 0.00000000099999999991 0.01627761062616023963 
0.00000000099999999979 0.00000000099999999979 0.00000000099999999979 0.00000000099999999979 0.00000000099999999979 0.00000000099999999979 0.00000000099999999979 0.99999999299999997593 
0.00000000099999999981 0.00000000099999999981 0.00000000099999999981 0.00000000099999999981 0.00000000099999999981 0.00000000099999999981 0.00000000099999999981 0.99999999300000008695 
0.00000000099999999993 0.00000000099999999993 0.93719950125389428486 0.00000000099999999993 0.00000000099999999993 0.00000000099999999993 0.00000000099999999993 0.06280049274610564891 
0.00000000099999999988 0.00000000099999999988 0.99999999300000008695 0.00000000099999999988 0.00000000099999999988 0.00000000099999999988 0.00000000099999999988 0.00000000099999999988 
0.08426910377549386155 0.00000000099999999997 0.00000000099999999997 0.00000000099999999997 0.91170187858247109247 0.00402901264203498356 0.00000000099999999997 0.00000000099999999997 
0.00000000099999999991 0.00000000099999999991 0.00493287741072344181 0.00000000099999999991 0.00000000099999999991 0.49854628971511455449 0.00000000099999999991 0.49652082787416196297 
0.00000000099999999997 0.00000000099999999997 0.97788022433793453381 0.01781832160171799642 0.00428771307776500740 0.00001373698258253481 0.00000000099999999997 0.00000000099999999997 
0.00000000099999999986 0.00000000099999999986 0.00000000099999999986 0.00000000099999999986 0.99999999299999997593 0.00000000099999999986 0.00000000099999999986 0.00000000099999999986 
0.99999999300000008695 0.00000000099999999991 0.00000000099999999991 0.00000000099999999991 0.00000000099999999991 0.00000000099999999991 0.00000000099999999991 0.00000000099999999991 
0.00000000099999999991 0.00000000099999999991 0.00000000099999999991 0.00000000099999999991 0.00000000099999999991 0.99999999299999997593 0.00000000099999999991 0.00000000099999999991 
0.00000000099999999991 0.00000000099999999991 0.00000000099999999991 0.00000000099999999991 0.99999999300000008695 0.00000000099999999991 0.00000000099999999991 0.00000000099999999991 
0.00000000099999999989 0.00161202825309256920 0.00000000099999999989 0.00000000099999999989 0.99838796574690746866 0.00000000099999999989 0.00000000099999999989 0.00000000099999999989 
0.03283997081853590877 0.00000000099999999995 0.00000000099999999995 0.00000000099999999995 0.96715901240436497055 0.00000000099999999995 0.00000101177709902233 0.00000000099999999995 
0.00000000099999999989 0.99999999300000019797 0.00000000099999999989 0.00000000099999999989 0.00000000099999999989 0.00000000099999999989 0.00000000099999999989 0.00000000099999999989 
0.00000000099999999993 0.62043090613514306764 0.00000000099999999993 0.00283979148820263103 0.37672929737665428185 0.00000000099999999993 0.00000000099999999993 0.00000000099999999993 
0.00000000100000000000 0.52951729937315350494 0.13978791798723738671 0.02272123278639343741 0.26875220443466324438 0.00000095246816536114 0.03922039095038703377 0.00000000100000000000 
0.00000000099999999990 0.99999999300000008695 0.00000000099999999990 0.00000000099999999990 0.00000000099999999990 0.00000000099999999990 0.00000000099999999990 0.00000000099999999990 
0.00000000099999999980 0.00000000099999999980 0.00000000099999999980 0.00000000099999999980 0.00000000099999999980 0.00000000099999999980 0.99999999299999997593 0.00000000099999999980 
0.00000000099999999984 0.00000000099999999984 0.00000000099999999984 0.00000000099999999984 0.99999999299999997593 0.00000000099999999984 0.00000000099999999984 0.00000000099999999984 
0.00000000099999999989 0.64217599078577758398 0.00000000099999999989 0.01866193573774976508 0.33916206847647273337 0.00000000099999999989 0.00000000099999999989 0.00000000099999999989 
0.00000000099999999991 0.60296457732227881632 0.00000000099999999991 0.02479001685982400519 0.37224540081789725399 0.00000000099999999991 0.00000000099999999991 0.00000000099999999991 
0.00001589653750008084 0.04162313078977050718 0.00000000099999999999 0.03722781568742928454 0.84856491260815525290 0.00000000099999999999 0.06770022955990638580 0.00486801281723847883 
0.05499410251626675461 0.55182001796412449846 0.00000000100000000000 0.00985074381914049189 0.07412217436556452210 0.12314282230187832690 0.10629912429815037422 0.07977101373487500979 
0.00000000099999999998 0.00000000099999999998 0.00000000099999999998 0.00000000099999999998 0.02839469270145578844 0.00000000099999999998 0.82193275673127552672 0.14967254556726872217 
0.00000000099999999991 0.99999999300000008695 0.00000000099999999991 0.00000000099999999991 0.00000000099999999991 0.00000000099999999991 0.00000000099999999991 0.00000000099999999991 
0.00000000099999999995 0.00000000099999999995 0.00000000099999999995 0.00555931349546944301 0.95918515476504806472 0.00000000099999999995 0.03525552673948249144 0.00000000099999999995 
0.34793764486291139937 0.00000000099999999987 0.00000000099999999987 0.00000000099999999987 0.00000000099999999987 0.00000000099999999987 0.65206234913708838175 0.00000000099999999987 
0.96477979460415930202 0.00000000099999999996 0.00000000099999999996 0.00000000099999999996 0.03522019939584090237 0.00000000099999999996 0.00000000099999999996 0.00000000099999999996 
0.00000000099999999988 0.99999999300000008695 0.00000000099999999988 0.00000000099999999988 0.00000000099999999988 0.00000000099999999988 0.00000000099999999988 0.00000000099999999988 
0.49416624189053609539 0.00000366369988765171 0.00000000099999999994 0.00000000099999999994 0.00000000099999999994 0.00000000099999999994 0.50583008940957618904 0.00000000099999999994 
0.00000000099999999992 0.62284810080169494828 0.00000000099999999992 0.00966259315155867070 0.36748930104674637498 0.00000000099999999992 0.00000000099999999992 0.00000000099999999992 
0.00000000099999999997 0.96129179155905442045 0.03870820244094572149 0.00000000099999999997 0.00000000099999999997 0.00000000099999999997 0.00000000099999999997 0.00000000099999999997 
0.00000000099999999990 0.00000000099999999990 0.00000000099999999990 0.00000000099999999990 0.92313517830606117709 0.00000000099999999990 0.07686481569393883995 0.00000000099999999990 
0.00000020512672028002 0.99254076216192510529 0.00000000099999999996 0.00000000099999999996 0.00000000099999999996 0.00000000099999999996 0.00745902771135474423 0.00000000099999999996 
0.48826312934333876425 0.01946654650036072978 0.00000000099999999994 0.00000000099999999994 0.04592675587552083605 0.00000000099999999994 0.44634356428077953671 0.00000000099999999994 
0.00000000099999999988 0.00000000099999999988 0.99999999300000008695 0.00000000099999999988 0.00000000099999999988 0.00000000099999999988 0.00000000099999999988 0.00000000099999999988 
0.00000000099999999977 0.00000000099999999977 0.99999999300000008695 0.00000000099999999977 0.00000000099999999977 0.00000000099999999977 0.00000000099999999977 0.00000000099999999977 
0.00000000099999999989 0.00000000099999999989 0.00000000099999999989 0.00000077734474932492 0.00000000099999999989 0.00000000099999999989 0.00000000099999999989 0.99999921665525060011 
0.00000000099999999990 0.00000000099999999990 0.00000000099999999990 0.00000000099999999990 0.00000000099999999990 0.40048534897437287894 0.00000000099999999990 0.59951464502562701320 
0.00000000100000000000 0.00000990945043644899 0.01268773808265671182 0.04661104600654768920 0.90376923506357087490 0.02532377155897576684 0.01159829783781233213 0.00000000100000000000 
0.00000000099999999996 0.07832267581260560219 0.04417388204297685583 0.00000000099999999996 0.00000000099999999996 0.54610650015579786931 0.00000000099999999996 0.33139693798861979968 
0.00000000099999999992 0.00000000099999999992 0.00000000099999999992 0.00000000099999999992 0.00000000099999999992 0.99999999299999997593 0.00000000099999999992 0.00000000099999999992 
0.00000000099999999999 0.00000000099999999999 0.12232121278149306332 0.00338489269289688225 0.84572666349859537682 0.00000000099999999999 0.02856722702701454397 0.00000000099999999999 
0.10801097447129336115 0.01571034574391756353 0.08342598455024533011 0.02058799296168540433 0.00000000099999999999 0.36336871978958884544 0.00000000099999999999 0.40889598048326952773 
0.00000000099999999983 0.00000000099999999983 0.99999999300000008695 0.00000000099999999983 0.00000000099999999983 0.00000000099999999983 0.00000000099999999983 0.00000000099999999983 
0.00000000099999999999 0.00000000099999999999 0.11495284172603363604 0.00000000099999999999 0.80963769256933881824 0.05897967622902013096 0.01642978547560741340 0.00000000099999999999 
0.47513377078254259711 0.02171586964356863464 0.00000000099999999990 0.00000000099999999990 0.08233727546567365385 0.00000000099999999990 0.42081308010821522059 0.00000000099999999990 
0.00000000099999999984 0.00000000099999999984 0.00000000099999999984 0.00000000099999999984 0.99999999300000008695 0.00000000099999999984 0.00000000099999999984 0.00000000099999999984 
0.00000000099999999986 0.99999999300000019797 0.00000000099999999986 0.00000000099999999986 0.00000000099999999986 0.00000000099999999986 0.00000000099999999986 0.00000000099999999986 
0.53005737302522715204 0.00000000099999999995 0.00000000099999999995 0.00000000099999999995 0.00000000099999999995 0.00000000099999999995 0.46994262097477290663 0.00000000099999999995 
0.00000000099999999994 0.00000000099999999994 0.00000000099999999994 0.00000000099999999994 0.00000000099999999994 0.70174988656027581513 0.00000000099999999994 0.29825010743972429905 
0.00000000100000000000 0.00676793835553588657 0.02709565439126894112 0.00000000100000000000 0.16932105403289757217 0.49009788008580595919 0.00000000100000000000 0.30671747013449174313 
0.00000000099999999995 0.00000000099999999995 0.00590752209925647642 0.00000000099999999995 0.00000000099999999995 0.99375056751863488635 0.00000000099999999995 0.00034190538210874562 
0.00000000099999999994 0.00000000099999999994 0.04433465333454549712 0.00000000099999999994 0.00000000099999999994 0.48159502268506670930 0.00000000099999999994 0.47407031898038781703 
0.00000000099999999989 0.00000000099999999989 0.00000000099999999989 0.00000000099999999989 0.00000000099999999989 0.00000000099999999989 0.00000000099999999989 0.99999999299999997593 
0.00000000099999999989 0.00000000099999999989 0.06797334062383408870 0.00000000099999999989 0.00000000099999999989 0.52240385258208521524 0.00000000099999999989 0.40962280179408078196 
0.50452312518766151417 0.00000664305550822571 0.00000000099999999994 0.00000000099999999994 0.01758846955881594384 0.00000000099999999994 0.47788175819801420596 0.00000000099999999994 
0.00000000099999999994 0.99999999300000019797 0.00000000099999999994 0.00000000099999999994 0.00000000099999999994 0.00000000099999999994 0.00000000099999999994 0.00000000099999999994 
0.64474132905639836011 0.00000000099999999993 0.00000000099999999993 0.00000000099999999993 0.00943386712108541803 0.00000000099999999993 0.34582479882251615511 0.00000000099999999993 
0.00000000099999999988 0.00000000099999999988 0.00000000099999999988 0.00000000099999999988 0.00000000099999999988 0.00000000099999999988 0.99999999299999997593 0.00000000099999999988 
0.00000000099999999985 0.99999999300000019797 0.00000000099999999985 0.00000000099999999985 0.00000000099999999985 0.00000000099999999985 0.00000000099999999985 0.00000000099999999985 
0.00000000099999999977 0.00000000099999999977 0.00000000099999999977 0.00000000099999999977 0.99999999299999997593 0.00000000099999999977 0.00000000099999999977 0.00000000099999999977 
0.00000000099999999986 0.00000000099999999986 0.00000000099999999986 0.00000000099999999986 0.99999999300000008695 0.00000000099999999986 0.00000000099999999986 0.00000000099999999986 
0.53051587791387144755 0.00000000099999999987 0.00000000099999999987 0.00000000099999999987 0.00000000099999999987 0.00000000099999999987 0.46948411608612861112 0.00000000099999999987 
0.38215478133676811234 0.00000000099999999990 0.00000000099999999990 0.00000000099999999990 0.00000000099999999990 0.00000000099999999990 0.61784521266323166877 0.00000000099999999990 
0.53183413297810522291 0.00000000099999999988 0.00000000099999999988 0.00000000099999999988 0.00000000099999999988 0.00000000099999999988 0.46816586102189483576 0.00000000099999999988 
0.00000000099999999988 0.00000000099999999988 0.00000000099999999988 0.00000000099999999988 0.99999999124291416575 0.00000000099999999988 0.00000000275708576101 0.00000000099999999988 
0.00000000099999999996 0.00000000099999999996 0.00000000099999999996 0.00000000099999999996 0.95375618132416262185 0.00000000099999999996 0.04624381267583744376 0.00000000099999999996 
0.99999999300000019797 0.00000000099999999985 0.00000000099999999985 0.00000000099999999985 0.00000000099999999985 0.00000000099999999985 0.00000000099999999985 0.00000000099999999985 
0.00000000099999999988 0.99999999300000019797 0.00000000099999999988 0.00000000099999999988 0.00000000099999999988 0.00000000099999999988 0.00000000099999999988 0.00000000099999999988 
0.91094024470373180513 0.01715259478725972980 0.00000000099999999998 0.03436950359603046373 0.03752336612105375974 0.00000000099999999998 0.00001428779192433472 0.00000000099999999998 
0.00000000099999999980 0.00000000099999999980 0.00000000099999999980 0.00000000099999999980 0.99999999299999997593 0.00000000099999999980 0.00000000099999999980 0.00000000099999999980 
0.51651138176451616424 0.00000000099999999989 0.00000000099999999989 0.00000000099999999989 0.00000000099999999989 0.00000000099999999989 0.48348861223548383892 0.00000000099999999989 
0.00000000099999999998 0.02242067807791763012 0.07259869647032830831 0.01140271665690575920 0.00000000099999999998 0.39606788041492557717 0.00000000099999999998 0.49751002537992278230 
0.00000000099999999993 0.15383541508512266205 0.00000000099999999993 0.00000000099999999993 0.82833017765727690040 0.00000000099999999993 0.01783440225760044018 0.00000000099999999993 
0.07393065724035285946 0.00000000099999999998 0.00000000099999999998 0.00925674569070028888 0.00000000099999999998 0.47693208600563274935 0.00000000099999999998 0.43988050706331405237 
0.00000000099999999981 0.00000000099999999981 0.00000000099999999981 0.00000000099999999981 0.99999999299999997593 0.00000000099999999981 0.00000000099999999981 0.00000000099999999981 
0.99999999300000008695 0.00000000099999999986 0.00000000099999999986 0.00000000099999999986 0.00000000099999999986 0.00000000099999999986 0.00000000099999999986 0.00000000099999999986 
0.78032184676746418894 0.00000000099999999988 0.00000000099999999988 0.00000000099999999988 0.00000000099999999988 0.00000000099999999988 0.21967814723253589748 0.00000000099999999988 
0.00000000099999999984 0.00000000099999999984 0.00000000099999999984 0.00000000099999999984 0.99999999299999997593 0.00000000099999999984 0.00000000099999999984 0.00000000099999999984 
0.49238014901856136385 0.00000000099999999988 0.00000000099999999988 0.00000000099999999988 0.00000000099999999988 0.00000000099999999988 0.50761984498143852829 0.00000000099999999988 
0.32155568382151511475 0.04283176211053225241 0.03169683788425416843 0.06602538997317657088 0.01290582396348886017 0.19914125728571407947 0.32584324396131891799 0.00000000100000000000 
0.00000000099999999987 0.00000000099999999987 0.00000000099999999987 0.00000000099999999987 0.99999999299999997593 0.00000000099999999987 0.00000000099999999987 0.00000000099999999987 
0.00000000099999999988 0.00000000099999999988 0.00000000099999999988 0.00000000099999999988 0.00000000099999999988 0.00000000099999999988 0.99999999299999986491 0.00000000099999999988 
0.00000000099999999995 0.00000000099999999995 0.85416172275183599449 0.00540506994526824928 0.00000000099999999995 0.14043320230289571549 0.00000000099999999995 0.00000000099999999995 
0.00000000099999999956 0.00000000099999999956 0.00000000099999999956 0.99999999299999997593 0.00000000099999999956 0.00000000099999999956 0.00000000099999999956 0.00000000099999999956 
0.00000000099999999989 0.00000000099999999989 0.00000000099999999989 0.00000000099999999989 0.00000000099999999989 0.99999999300000008695 0.00000000099999999989 0.00000000099999999989 
0.00000000099999999991 0.00000000099999999991 0.00000000099999999991 0.00000000099999999991 0.00000000099999999991 0.99999999299999997593 0.00000000099999999991 0.00000000099999999991 
0.00000000099999999991 0.00000000099999999991 0.00000000099999999991 0.00000000099999999991 0.00000000099999999991 0.99999999300000008695 0.00000000099999999991 0.00000000099999999991 
0.00000000099999999994 0.00000000099999999994 0.00000000099999999994 0.00000000099999999994 0.00000000099999999994 0.53048738369884762545 0.00000000099999999994 0.46951261030115232220 
0.00000000099999999986 0.00000000099999999986 0.00000000099999999986 0.00000000099999999986 0.00000000099999999986 0.00000000099999999986 0.00000000099999999986 0.99999999299999997593 
0.03430271350541794911 0.00000000100000000000 0.16630708235114285976 0.00312078938573995312 0.01901810941840424360 0.38591701177974419013 0.04602094854761594467 0.34531334401193480854 
0.00000000099999999990 0.00000000099999999990 0.00000000099999999990 0.00000000099999999990 0.00000000099999999990 0.99999999300000008695 0.00000000099999999990 0.00000000099999999990 
0.00000000099999999979 0.00000000099999999979 0.00000000099999999979 0.00000000099999999979 0.99999999299999997593 0.00000000099999999979 0.00000000099999999979 0.00000000099999999979 
0.00000000099999999995 0.00000000099999999995 0.02731542427728957806 0.01200114971781924070 0.00000000099999999995 0.96068342100489123592 0.00000000099999999995 0.00000000099999999995 
0.00000000099999999958 0.00000000099999999958 0.00000000099999999958 0.99999999299999997593 0.00000000099999999958 0.00000000099999999958 0.00000000099999999958 0.00000000099999999958 
0.00000000099999999984 0.00000000099999999984 0.00000000099999999984 0.00000000099999999984 0.00000000099999999984 0.00000000099999999984 0.00000000099999999984 0.99999999299999997593 
0.00000000099999999987 0.00000000099999999987 0.99999999299999997593 0.00000000099999999987 0.00000000099999999987 0.00000000099999999987 0.00000000099999999987 0.00000000099999999987 
0.99999999300000008695 0.00000000099999999984 0.00000000099999999984 0.00000000099999999984 0.00000000099999999984 0.00000000099999999984 0.00000000099999999984 0.00000000099999999984 
0.00000000099999999983 0.00000000099999999983 0.99999999300000008695 0.00000000099999999983 0.00000000099999999983 0.00000000099999999983 0.00000000099999999983 0.00000000099999999983 
0.00000000099999999987 0.00000000099999999987 0.99999999300000008695 0.00000000099999999987 0.00000000099999999987 0.00000000099999999987 0.00000000099999999987 0.00000000099999999987 
0.00000000099999999991 0.00000000099999999991 0.00000000099999999991 0.00000000099999999991 0.00000000099999999991 0.00000000099999999991 0.00000000099999999991 0.99999999300000008695 
0.00000000099999999996 0.02355322928312724579 0.05862511019048270711 0.00000000099999999996 0.00000000099999999996 0.53012101962941637900 0.00000000099999999996 0.38770063689697370490 
0.00000000099999999991 0.00000000099999999991 0.99999999299999997593 0.00000000099999999991 0.00000000099999999991 0.00000000099999999991 0.00000000099999999991 0.00000000099999999991 
0.00000000099999999988 0.00000000099999999988 0.99999999299999997593 0.00000000099999999988 0.00000000099999999988 0.00000000099999999988 0.00000000099999999988 0.00000000099999999988 
0.00000000099999999991 0.00000000099999999991 0.03786978986377414341 0.00000000099999999991 0.00000000099999999991 0.96213020413622585281 0.00000000099999999991 0.00000000099999999991 
0.99864346437680617807 0.00000000099999999986 0.00000000099999999986 0.00000000099999999986 0.00000000099999999986 0.00000000099999999986 0.00135652962319382357 0.00000000099999999986 
0.00000000099999999998 0.00000000099999999998 0.07336602810183431855 0.00438572795277036593 0.01177762692964509465 0.46812666466741581495 0.00000000099999999998 0.44234394934833443092 
0.00000000099999999986 0.00000000099999999986 0.99999999299999997593 0.00000000099999999986 0.00000000099999999986 0.00000000099999999986 0.00000000099999999986 0.00000000099999999986 
0.00000000099999999998 0.03042958382696856270 0.01317559800354596231 0.00000000099999999998 0.00000000099999999998 0.66252390386286830193 0.00000000099999999998 0.29387091030661727231 
0.00000000099999999995 0.00000000099999999995 0.03884206340575845073 0.00000000099999999995 0.00000000099999999995 0.96115789752918201483 0.00000000099999999995 0.00000003406505952800 
0.00000000099999999989 0.00000000099999999989 0.99999999300000008695 0.00000000099999999989 0.00000000099999999989 0.00000000099999999989 0.00000000099999999989 0.00000000099999999989 
0.00000000099999999977 0.00000000099999999977 0.00000000099999999977 0.00000000099999999977 0.00000000099999999977 0.00000000099999999977 0.99999999299999997593 0.00000000099999999977 
0.00000000099999999994 0.00000000099999999994 0.99999999300000008695 0.00000000099999999994 0.00000000099999999994 0.00000000099999999994 0.00000000099999999994 0.00000000099999999994 
0.00000000099999999996 0.00000000099999999996 0.00000000099999999996 0.00000000099999999996 0.00000000099999999996 0.48780817299508683060 0.00000000099999999996 0.51219182100491311704 
0.00000000216019521956 0.02896444155446479055 0.00000004019877850851 0.00000000099999999999 0.00000000099999999999 0.44342413069146374704 0.00000000099999999999 0.52761138239509774994 
0.00000000099999999983 0.00000000099999999983 0.00000000099999999983 0.00000000099999999983 0.00000000099999999983 0.00000000099999999983 0.00000000099999999983 0.99999999299999997593 
0.48364406009150523458 0.00000000099999999988 0.00000000099999999988 0.00000000099999999988 0.00000000099999999988 0.00000000099999999988 0.51635593390849465756 0.00000000099999999988 
0.00000000099999999997 0.14131974092497465167 0.05239360653705028154 0.00000000099999999997 0.00000000099999999997 0.59239289519581539434 0.00000000099999999997 0.21389375334215987579 
0.00000000099999999995 0.00000000099999999995 0.05070193351853033437 0.00000000099999999995 0.00000000099999999995 0.37835890330228244549 0.00000000099999999995 0.57093915817918727829 
0.00000000099999999991 0.00000000099999999991 0.00000000099999999991 0.00000000099999999991 0.00000000099999999991 0.52261306496698223256 0.00000000099999999991 0.47738692903301782611 
0.00000000099999999997 0.00000000099999999997 0.00000135192180157227 0.01297520187690802580 0.00000000099999999997 0.98702184214445387589 0.00000000099999999997 0.00000160005683647071 
0.02702104425757486522 0.01097881638745521089 0.82652958701590717450 0.00000000099999999998 0.00000000099999999998 0.12797588951186233963 0.00000000099999999998 0.00749465982720058481 
0.26510111243522532787 0.00000000099999999998 0.12750708715041242369 0.00000000099999999998 0.00000000099999999998 0.00000000099999999998 0.60739179541436205678 0.00000000099999999998 
0.00000000099999999998 0.06377285730941058273 0.00372075431153015817 0.00000000099999999998 0.00000000099999999998 0.78020652309156113269 0.00000000099999999998 0.15229986128749822827 
0.00000000099999999979 0.00000000099999999979 0.99999999299999997593 0.00000000099999999979 0.00000000099999999979 0.00000000099999999979 0.00000000099999999979 0.00000000099999999979 
0.00000000099999999998 0.00000000099999999998 0.99998908260970098549 0.00000000099999999998 0.00000000099999999998 0.00001091003657151358 0.00000000099999999998 0.00000000235372763212 
0.00000000099999999998 0.00000000099999999998 0.62293860649400578655 0.00000000099999999998 0.05358311114434343575 0.24610989526882312561 0.00000000099999999998 0.07736838309282760562 
0.44188216390289059010 0.01977415538030200676 0.35822078617283592550 0.00000000099999999999 0.00000000099999999999 0.18012289051305238607 0.00000000099999999999 0.00000000103091921798 
0.00000000099999999986 0.00000000099999999986 0.00000000099999999986 0.00000000099999999986 0.00000000099999999986 0.99999999299999997593 0.00000000099999999986 0.00000000099999999986 
0.00000000100000000000 0.00000000100000000000 0.03860011978157278090 0.00603821149000918073 0.00036941075674319060 0.45332082653645633386 0.50167142843521839168 0.00000000100000000000 
0.00000000099999999997 0.20456840383421059926 0.00537301806803224240 0.00000000099999999997 0.00000000099999999997 0.49116823621155947244 0.00000000099999999997 0.29889033788619778775 
0.00000000099999999996 0.00000000099999999996 0.00000000099999999996 0.00000000099999999996 0.00000000099999999996 0.99999999299999997593 0.00000000099999999996 0.00000000099999999996 
0.37162336042525923041 0.00000000099999999997 0.00000000099999999997 0.00000000099999999997 0.00000000099999999997 0.39830950927264774375 0.00000000099999999997 0.23006712530209294520 
0.00000000099999999998 0.00000000099999999998 0.34970290100400019950 0.00000000099999999998 0.00000000099999999998 0.51872919178798071460 0.02199687026089744771 0.10957103294712164376 
0.00000000099999999998 0.00000000099999999998 0.00218720758514078135 0.00000000099999999998 0.80833998045868216131 0.18947280695617704782 0.00000000099999999998 0.00000000099999999998 
0.00000000099999999985 0.99999999300000019797 0.00000000099999999985 0.00000000099999999985 0.00000000099999999985 0.00000000099999999985 0.00000000099999999985 0.00000000099999999985 
0.00000000099999999993 0.00000000099999999993 0.04154166376380784981 0.00000000099999999993 0.00000000099999999993 0.95845833023619209090 0.00000000099999999993 0.00000000099999999993 
0.00000000099999999989 0.00000000099999999989 0.99999999299999997593 0.00000000099999999989 0.00000000099999999989 0.00000000099999999989 0.00000000099999999989 0.00000000099999999989 
0.00000000099999999992 0.00000000099999999992 0.99999999300000008695 0.00000000099999999992 0.00000000099999999992 0.00000000099999999992 0.00000000099999999992 0.00000000099999999992 
0.00000000099999999988 0.00000000099999999988 0.99999999299999997593 0.00000000099999999988 0.00000000099999999988 0.00000000099999999988 0.00000000099999999988 0.00000000099999999988 
0.00000000099999999984 0.00000000099999999984 0.00000000099999999984 0.99999999300000008695 0.00000000099999999984 0.00000000099999999984 0.00000000099999999984 0.00000000099999999984 
0.00000000099999999996 0.00000000099999999996 0.00000000099999999996 0.00000000099999999996 0.00000000099999999996 0.99999999300000008695 0.00000000099999999996 0.00000000099999999996 
0.00000000099999999988 0.00000000099999999988 0.00000000099999999988 0.00000000099999999988 0.00000000099999999988 0.99999999299999997593 0.00000000099999999988 0.00000000099999999988 
0.00000000099999999995 0.00000000099999999995 0.93558122472277494008 0.01488940780920226803 0.00000000099999999995 0.01880023277139287671 0.00000000099999999995 0.03072913069662985136 
0.00000000099999999998 0.00723048286689343886 0.05826335281556953988 0.00000000099999999998 0.00000000099999999998 0.67967832091332658351 0.00000000099999999998 0.25482783940421044333 
0.00000000099999999987 0.00000000099999999987 0.99999999299999997593 0.00000000099999999987 0.00000000099999999987 0.00000000099999999987 0.00000000099999999987 0.00000000099999999987 
0.00000000099999999956 0.00000000099999999956 0.00000000099999999956 0.99999999299999997593 0.00000000099999999956 0.00000000099999999956 0.00000000099999999956 0.00000000099999999956 
0.00000000099999999989 0.00000000099999999989 0.99999999300000008695 0.00000000099999999989 0.00000000099999999989 0.00000000099999999989 0.00000000099999999989 0.00000000099999999989 
0.00000000099999999993 0.00000000099999999993 0.99623416222745941884 0.00000000099999999993 0.00000000099999999993 0.00000000099999999993 0.00000000099999999993 0.00376583177254057955 
0.00000000099999999956 0.00000000099999999956 0.00000000099999999956 0.99999999299999997593 0.00000000099999999956 0.00000000099999999956 0.00000000099999999956 0.00000000099999999956 
0.00000000099999999975 0.00000000099999999975 0.00000000099999999975 0.99999999299999997593 0.00000000099999999975 0.00000000099999999975 0.00000000099999999975 0.00000000099999999975 
0.00000000099999999994 0.00000000099999999994 0.00000000099999999994 0.00000000099999999994 0.00000000099999999994 0.99999999299999997593 0.00000000099999999994 0.00000000099999999994 
0.00000000099999999980 0.00000000099999999980 0.99999999300000008695 0.00000000099999999980 0.00000000099999999980 0.00000000099999999980 0.00000000099999999980 0.00000000099999999980 
0.00000000099999999993 0.00000000099999999993 0.00000000099999999993 0.00000000099999999993 0.00000000099999999993 0.99999999300000008695 0.00000000099999999993 0.00000000099999999993 
0.00000000099999999985 0.00000000099999999985 0.99999999300000008695 0.00000000099999999985 0.00000000099999999985 0.00000000099999999985 0.00000000099999999985 0.00000000099999999985 
