0.09910417730057977104 0.33775350635994255688 0.56314231633947764433 
0.99931910603932228021 0.00000000100000000000 0.00068089296067772725 
0.81773939718943888799 0.02463722575881652568 0.15762337705174453428 
0.92227430747943506262 0.00000000099999999999 0.07772569152056499342 
0.88029847617249445957 0.00000000099999999999 0.11970152282750562422 
0.99985261180945617099 0.00000000099999999999 0.00014738719054386889 
0.00000000099999999996 0.99999999800000005656 0.00000000099999999996 
0.00000000099999999997 0.00000000099999999997 0.99999999800000005656 
0.93082081284921902586 0.00000000099999999998 0.06917918615078091915 
0.00000000099999999996 0.99999999800000005656 0.00000000099999999996 
0.00000000099999999997 0.99999999799999994554 0.00000000099999999997 
0.00000000099999999999 0.99999999800000005656 0.00000000099999999999 
0.17903669636231048234 0.82096300464968663402 0.00000029898800278041 
0.14733082342062017722 0.85028144321429866004 0.00238773336508123169 
0.00068131962709872809 0.79589312102339093702 0.20342555934951028762 
0.00000000099999999998 0.99999999799999994554 0.00000000099999999998 
0.02283955556760451991 0.86485048416273280214 0.11230996026966275081 
0.07848285124757453657 0.40510147433776766412 0.51641567441465774380 
0.00000000099999999992 0.99999999799999994554 0.00000000099999999992 
0.05025256251532574103 0.94974743648467430113 0.00000000100000000000 
0.14804116855644131046 0.85195883044355857905 0.00000000099999999999 
0.00000000099999999997 0.99999999800000005656 0.00000000099999999997 
0.00000000099999999993 0.99999999799999994554 0.00000000099999999993 
0.87581661998476068032 0.01168110841089696657 0.11250227160434236873 
0.00000000099999999997 0.99999999800000005656 0.00000000099999999997 
0.00000000099999999999 0.99999999799999994554 0.00000000099999999999 
0.18586609933949868601 0.81413389966050131452 0.00000000100000000000 
0.95880739142574777922 0.00991481507510171001 0.03127779349915055240 
0.92495800003617967278 0.00000000099999999999 0.07504199896382036938 
0.00000000100000000000 0.97331871509021872235 0.02668128390978129205 
0.00000020740274511847 0.90551548195249165207 0.09448431064476317531 
0.00000000099999999999 0.99809593382330252798 0.00190406517669740381 
0.92951453178783838283 0.03977813914104205706 0.03070732907111955318 
0.34790760471622328431 0.64190513218801648065 0.01018726309576028707 
0.89401321907411079870 0.00312941253535476121 0.10285736839053442881 
0.00000000099999999999 0.99915090576370035880 0.00084909323629959001 
0.00000000099999999994 0.99999999800000005656 0.00000000099999999994 
0.33689492363461748248 0.66310507536538254580 0.00000000100000000000 
0.00650676615965578749 0.99349323284034418702 0.00000000100000000000 
0.00000000099999999997 0.99999999799999994554 0.00000000099999999997 
0.00000000099999999998 0.99999999799999994554 0.00000000099999999998 
0.00000000099999999997 0.00000000099999999997 0.99999999800000005656 
0.06991731582518442845 0.09052910243869731477 0.83955358173611815964 
0.17544268027832862766 0.82455169832579688904 0.00000562139587438731 
0.64117660371217000126 0.35412813848223229085 0.00469525780559766626 
0.00000000099999999997 0.00000000099999999997 0.99999999800000005656 
0.00000000099999999999 0.97885069674605895695 0.02114930225394109908 
0.00000000099999999997 0.00000000099999999997 0.99999999799999994554 
0.00000000099999999997 0.00000000099999999997 0.99999999799999994554 
0.00000000099999999997 0.00000000099999999997 0.99999999800000005656 
0.87904991552594546889 0.00000000100000000000 0.12095008347405460103 
0.00000000099999999996 0.00000000099999999996 0.99999999799999994554 
0.00031290507650522017 0.00000000099999999997 0.99968709392349486276 
0.04266455099321444372 0.95733544800678549436 0.00000000100000000000 
0.80737652608434740120 0.01659329247048415071 0.17603018144516838217 
0.39348962213849297820 0.00000000099999999999 0.60651037686150699457 
0.00026315596752638279 0.00000000099999999998 0.99973684303247356553 
0.99991652245353412898 0.00000000099999999999 0.00008347654646584805 
0.00020508415611769927 0.00000000099999999998 0.99979491484388238742 
0.99999769879033995057 0.00000000099999999998 0.00000230020965993747 
0.96283663437111777217 0.00000000099999999998 0.03716336462888220754 
0.03578822829040901460 0.00000000099999999998 0.96421177070959096511 
0.00000000099999999997 0.00000000099999999997 0.99999999799999994554 
0.00000000100000000000 0.97694737228781414196 0.02305262671218585163 
0.95603756094840808277 0.00000000099999999998 0.04396243805159196633 
0.01182758343593690725 0.00000000100000000000 0.98817241556406298919 
0.00000000099999999995 0.99999999800000005656 0.00000000099999999995 
0.00000000099999999998 0.99999999800000005656 0.00000000099999999998 
0.99999934839910142870 0.00000000099999999999 0.00000065060089849457 
0.00000000099999999997 0.99999999800000005656 0.00000000099999999997 
0.00000000099999999994 0.99999999800000005656 0.00000000099999999994 
0.00000000099999999996 0.99999999799999994554 0.00000000099999999996 
0.16897649092846875329 0.83102350807153113621 0.00000000099999999999 
0.06123507745277829289 0.93876492154722168682 0.00000000099999999999 
0.10019059387850613729 0.76921246521782649097 0.13059694090366741337 
0.17433921801727855772 0.82566073367541947814 0.00000004830730197857 
0.00000000099999999998 0.99999999799999994554 0.00000000099999999998 
0.00000000099999999994 0.99999999800000005656 0.00000000099999999994 
0.04207295698902015907 0.95792704201097977901 0.00000000099999999999 
0.06543966597222022896 0.93456033302777974381 0.00000000099999999999 
0.02619466583947028041 0.97380533316052975135 0.00000000100000000000 
0.31943579570918906319 0.67997209359296983955 0.00059211069784112296 
0.11810044363702003334 0.86316998910080311447 0.01872956726217698056 
0.19973219038994302621 0.80026779610327791747 0.00000001350677892769 
0.00000000099999999998 0.99999999800000005656 0.00000000099999999998 
0.00000000099999999997 0.99999999800000005656 0.00000000099999999997 
0.00000000099999999998 0.99999999800000005656 0.00000000099999999998 
0.14961427549967759587 0.85038572350032237690 0.00000000099999999999 
0.00000000099999999998 0.99999999799999994554 0.00000000099999999998 
0.05530752900599318622 0.94469246999400680043 0.00000000099999999999 
0.18158982553654007264 0.77548925469304641478 0.04292091977041349177 
0.00000000099999999994 0.99999999799999994554 0.00000000099999999994 
0.19183611988128584924 0.80613585382697061643 0.00202802629174358593 
0.00000000099999999997 0.99999999800000005656 0.00000000099999999997 
0.00000000099999999997 0.00000000099999999997 0.99999999800000005656 
0.00000000099999999994 0.00000000099999999994 0.99999999800000005656 
0.98144080225063257128 0.00000000099999999999 0.01855919674936752639 
0.96892497478897765539 0.00000000099999999998 0.03107502421102240064 
0.01918682579427640963 0.94609620503854663376 0.03471696916717696008 
0.92410705937054293813 0.02233465367158558521 0.05355828695787143851 
0.99987338842205852885 0.00000000099999999999 0.00012661057794150109 
0.00000000100000000000 0.89701061731857623105 0.10298938168142374172 
0.76365985678134562509 0.12505715476661871666 0.11128298845203560274 
0.00000000099999999996 0.00000000099999999996 0.99999999800000005656 
0.04976744851245325924 0.83878779134581771260 0.11144476014172903511 
0.00000000099999999996 0.99999999800000005656 0.00000000099999999996 
0.00000000099999999996 0.99999999799999994554 0.00000000099999999996 
0.16228073838983916866 0.83771926061016077636 0.00000000100000000000 
0.00000067472310291697 0.99526961575465711096 0.00472970952223997036 
0.99474208797349383815 0.00000000099999999999 0.00525791102650621095 
0.76515062136238598534 0.18753621075029197618 0.04731316788732202461 
0.95723140945686502334 0.00000000099999999999 0.04276858954313510902 
0.91668002950141724838 0.00000000099999999999 0.08331996949858280765 
0.93164814636779458290 0.00000000100000000000 0.06835185263220555640 
0.90115925264165108732 0.00000000099999999998 0.09884074635834881606 
0.00000000099999999998 0.99999999800000005656 0.00000000099999999998 
0.16799187338466745056 0.83185690034103332291 0.00015122627429915703 
0.00000000099999999998 0.99999999800000005656 0.00000000099999999998 
0.00000000100000000000 0.99940350962439306048 0.00059648937560703187 
0.13974526188174743457 0.86025473711825262146 0.00000000100000000000 
0.00000000099999999993 0.99999999799999994554 0.00000000099999999993 
0.00000000099999999994 0.99999999799999994554 0.00000000099999999994 
0.00000000099999999996 0.99999999800000005656 0.00000000099999999996 
0.00000000099999999997 0.99999999799999994554 0.00000000099999999997 
0.00000000099999999995 0.99999999799999994554 0.00000000099999999995 
0.00000000099999999994 0.99999999799999994554 0.00000000099999999994 
0.00000000099999999999 0.99999999800000005656 0.00000000099999999999 
0.00000000099999999997 0.99999999799999994554 0.00000000099999999997 
0.15637585124047073681 0.84362414775952920820 0.00000000099999999999 
0.01931409997151542143 0.98068589556271346108 0.00000000446577103270 
0.00000000099999999993 0.99999999799999994554 0.00000000099999999993 
0.00000000099999999996 0.99999999799999994554 0.00000000099999999996 
0.88927635380834935130 0.00932854986610301765 0.10139509632554764840 
0.00000000099999999997 0.99999999799999994554 0.00000000099999999997 
0.92579979690134595049 0.06901588164297323136 0.00518432145568081901 
0.00000000099999999994 0.99999999800000005656 0.00000000099999999994 
0.00000000099999999998 0.99999999799999994554 0.00000000099999999998 
0.00000000099999999997 0.99999999800000005656 0.00000000099999999997 
0.00000000099999999994 0.99999999800000005656 0.00000000099999999994 
0.00000000099999999996 0.99999999799999994554 0.00000000099999999996 
0.23047425615456185177 0.73244609205484489944 0.03707965179059329736 
0.00000000099999999996 0.99999999799999994554 0.00000000099999999996 
0.00000000099999999999 0.97644848012745055765 0.02355151887254940471 
0.13952938413967594378 0.00000000099999999999 0.86047061486032394573 
0.36714957001880160758 0.63285042898119836519 0.00000000099999999999 
0.99251151040370366729 0.00000000099999999998 0.00748848859629626905 
0.97306028656664111942 0.00000000099999999998 0.02693971243335883253 
0.99977641285873652954 0.00000000099999999999 0.00022358614126337929 
0.98987566836816609506 0.00000000099999999999 0.01012433063183399741 
0.95708095237082813078 0.00000000100000000000 0.04291904662917179342 
0.71241756973251124663 0.10047260385905314173 0.18710982640843562552 
0.99999999799999994554 0.00000000099999999997 0.00000000099999999997 
0.00000000099999999994 0.99999999800000005656 0.00000000099999999994 
0.94893593217873473122 0.00000000099999999999 0.05106406682126542890 
0.34196195840767185103 0.65803804059232806623 0.00000000099999999999 
0.94965771334926063485 0.00000000099999999999 0.05034228565073931017 
0.00000000099999999997 0.00000000099999999997 0.99999999800000005656 
0.00000000099999999996 0.99999999799999994554 0.00000000099999999996 
0.00000000099999999996 0.00000000099999999996 0.99999999800000005656 
0.00000001370407378800 0.00000000099999999997 0.99999998529592615260 
0.91298302682922105600 0.01619713785524962146 0.07081983531552937805 
0.90510516291006237743 0.00000000100000000000 0.09489483608993766472 
0.00000000099999999998 0.00000000099999999998 0.99999999799999994554 
0.00000000099999999997 0.00000000099999999997 0.99999999799999994554 
0.90400285242130140606 0.00000000099999999999 0.09599714657869858059 
0.00000000099999999995 0.99999999800000005656 0.00000000099999999995 
0.89403089941075175595 0.00831915965232402424 0.09764994093692427879 
0.00000000099999999997 0.00000000099999999997 0.99999999800000005656 
0.97750776019253704519 0.00000024643152160206 0.02249199337594129378 
0.93381638708392178394 0.00000000099999999999 0.06618361191607841088 
0.00000000099999999997 0.00000000099999999997 0.99999999800000005656 
0.00000000099999999999 0.99994233234019358481 0.00005766665980643465 
0.00000000099999999998 0.00000000099999999998 0.99999999800000005656 
0.95675250652345444902 0.00000000100000000000 0.04324749247654571804 
0.94131662331771037699 0.02146904313266947625 0.03721433354962019879 
0.93283117094949841164 0.00000000099999999999 0.06716882805050153338 
0.00000000099999999997 0.99999999799999994554 0.00000000099999999997 
0.86004743149371676303 0.08615951400798060877 0.05379305449830260738 
0.91183860074015754549 0.00000000099999999999 0.08816139825984246892 
0.99999999799999994554 0.00000000099999999998 0.00000000099999999998 
0.99137778259792963542 0.00000000100000000000 0.00862221640207040847 
0.16037903381958379390 0.01323529686051605481 0.82638566931990020681 
0.00000000100000000000 0.85700437900532133728 0.14299561999467866324 
0.93287184692410407560 0.02894043566568272122 0.03818771741021320665 
0.00000000099999999995 0.00000000099999999995 0.99999999800000005656 
0.00023358253547142312 0.00000000099999999999 0.99976641646452868439 
0.31907965822805567369 0.04709308490822942256 0.63382725686371499396 
0.19131231483735186560 0.44264946305566471585 0.36603822210698339079 
0.99999621583064002284 0.00000000099999999997 0.00000378316936002472 
0.38121556957531138599 0.49087607851125397707 0.12790835191343472022 
0.87282840170161324345 0.11355489943064243918 0.01361669886774431910 
0.99999999799999994554 0.00000000099999999999 0.00000000099999999999 
0.65456114928762176852 0.34427585558317058689 0.00116299512920754961 
0.61944779158113083550 0.01838277158095314931 0.36216943683791597008 
0.17419059100735245771 0.82064792712931944330 0.00516148186332819961 
0.16993952346204660442 0.83006047553795336835 0.00000000100000000000 
0.93272191684655547661 0.00000000099999999999 0.06727808215344451004 
0.00000000099999999997 0.00000000099999999997 0.99999999800000005656 
0.00000000099999999998 0.00000000099999999998 0.99999999799999994554 
0.00000000099999999997 0.00000000099999999997 0.99999999800000005656 
0.39756623424651860166 0.59850259982423403837 0.00393116592924729752 
0.96135533338432188621 0.00000000100000000000 0.03864466561567821840 
0.97305351415005891802 0.00000000099999999998 0.02694648484994111720 
0.07212572762083477307 0.00000000099999999999 0.92787427137916522746 
0.90688035694825652744 0.00000000099999999999 0.09311964205174358411 
0.00000000099999999997 0.00000000099999999997 0.99999999799999994554 
0.35072929257030510675 0.64927070642969486602 0.00000000100000000000 
0.00000000099999999997 0.00000000099999999997 0.99999999799999994554 
0.00000606355216229370 0.00000000099999999998 0.99999393544783776733 
0.35834337260750637189 0.64152910977451038654 0.00012751761798332102 
0.33037912013600345684 0.62579079885583366316 0.04383008100816285224 
0.99999998324336636379 0.00000000099999999999 0.00000001575663358886 
0.00000000099999999995 0.00000000099999999995 0.99999999799999994554 
0.96075667792479424456 0.00000000099999999999 0.03924332107520574903 
0.00000000099999999996 0.00000000099999999996 0.99999999799999994554 
