0.33084922984133807722 0.00000000100000000000 0.66915076915866178453 
0.00162912512782641215 0.05973343103233363233 0.93863744383984004660 
0.01027178644621555732 0.05235957347669625145 0.93736864007708819990 
0.01160676830781891961 0.03091323774473659150 0.95747999394744454094 
0.01012758067575289002 0.01091290357852473837 0.97895951574572237508 
0.00605947120599931773 0.02672004000581319066 0.96722048878818744910 
0.00000000099999999995 0.99999999800000005656 0.00000000099999999995 
0.00000000099999999996 0.00000000099999999996 0.99999999799999994554 
0.00219465446821826698 0.00628636953211824789 0.99151897599966343222 
0.00000000099999999996 0.99999999799999994554 0.00000000099999999996 
0.00000000099999999997 0.99999999800000005656 0.00000000099999999997 
0.00000000099999999998 0.99999999800000005656 0.00000000099999999998 
0.15779049713503021102 0.70592364318986611238 0.13628585967510370436 
0.19305892505010405213 0.67261040806592864438 0.13433066688396724797 
0.50747841105076751944 0.27543619570092003901 0.21708539324831258033 
0.00000000099999999996 0.99999999800000005656 0.00000000099999999996 
0.26472336269922541740 0.60945723405670559902 0.12581940324406903908 
0.27792134407837976173 0.11094022529038040370 0.61113843063123995947 
0.99999999799999994554 0.00000000099999999991 0.00000000099999999991 
0.61681587264318649133 0.33974458955459002629 0.04343953780222345462 
0.18204964262301739919 0.71033883159180688516 0.10761152578517582667 
0.00000000099999999997 0.99999999799999994554 0.00000000099999999997 
0.99999999799999994554 0.00000000099999999994 0.00000000099999999994 
0.00208657725245964352 0.06175002605086843399 0.93616339669667192336 
0.00000000099999999997 0.99999999800000005656 0.00000000099999999997 
0.00000000099999999997 0.99999999800000005656 0.00000000099999999997 
0.16083432391052274180 0.69691612913737377433 0.14224954695210359490 
0.02398997274505628580 0.03776120206984889122 0.93824882518509478135 
0.01480346205271805028 0.00000003884062948726 0.98519649910665252346 
0.00000000099999999999 0.99999999800000005656 0.00000000099999999999 
0.03297575904983345713 0.89088757024333020684 0.07613667070683641236 
0.02998168198720384953 0.97001831701279617182 0.00000000099999999999 
0.00000000902678850006 0.08954995588234362924 0.91045003509086785964 
0.70290761085867392577 0.00000000100000000000 0.29709238814132610251 
0.04272122291001464317 0.00780769175262935496 0.94947108533735602443 
0.00000000099999999998 0.99999999799999994554 0.00000000099999999998 
0.99999999800000005656 0.00000000099999999994 0.00000000099999999994 
0.70714270509573928791 0.01902185859792549644 0.27383543630633522259 
0.00000000099999999998 0.99999999800000005656 0.00000000099999999998 
0.00708039197245827114 0.99291960702754167301 0.00000000099999999997 
0.00000000099999999997 0.99999999800000005656 0.00000000099999999997 
0.00000000099999999996 0.00000000099999999996 0.99999999800000005656 
0.00000000100000000000 0.08146946840799802747 0.91853053059200195918 
0.15694383077746490440 0.70608311384424737867 0.13697305537828785571 
0.06939445327874212144 0.33913437171743848753 0.59147117500381940491 
0.00000000099999999995 0.00000000099999999995 0.99999999799999994554 
0.00000000099999999999 0.99999999799999994554 0.00000000099999999999 
0.00000000099999999995 0.00000000099999999995 0.99999999800000005656 
0.00000000099999999997 0.00000000099999999997 0.99999999799999994554 
0.00000000099999999996 0.00000000099999999996 0.99999999799999994554 
0.02322591277865554762 0.01785800756621489307 0.95891607965512959399 
0.00000000099999999993 0.00000000099999999993 0.99999999800000005656 
0.00000000099999999994 0.00000000099999999994 0.99999999800000005656 
0.11095397191767722433 0.88879571563378856336 0.00025031244853420813 
0.02871684468837281887 0.03577775276063181048 0.93550540255099545739 
0.00000000099999999999 0.00000000099999999999 0.99999999800000005656 
0.00000000099999999995 0.00000000099999999995 0.99999999800000005656 
0.02719869510374609348 0.00493811761967856509 0.96786318727657538741 
0.00000000099999999996 0.00000000099999999996 0.99999999799999994554 
0.01408902532166986590 0.01514143952965866027 0.97076953514867148076 
0.00000000099999999999 0.02522309322844718329 0.97477690577155284846 
0.00000000099999999997 0.00000000099999999997 0.99999999799999994554 
0.00000000099999999995 0.00000000099999999995 0.99999999799999994554 
0.93212913743030822999 0.06787086156969182604 0.00000000100000000000 
0.01443696144280671306 0.00000000100000000000 0.98556303755719321114 
0.01041403963653035267 0.00000000099999999999 0.98958595936346971378 
0.99999999800000005656 0.00000000099999999996 0.00000000099999999996 
0.00891963682907245120 0.99108036217092743136 0.00000000099999999998 
0.00663853643498451152 0.02835537476777036728 0.96500608879724514289 
0.99999999799999994554 0.00000000099999999997 0.00000000099999999997 
0.99975526960171368085 0.00024472939828636239 0.00000000099999999997 
0.96236711318683487715 0.03763288581316504705 0.00000000099999999998 
0.16658813215781767547 0.70327828399881475718 0.13013358384336756735 
0.58747242888050887899 0.36812262393175232411 0.04440494718773876914 
0.44334560712089843282 0.32682366650227456795 0.22983072637682697148 
0.20465680073908312786 0.65790777561216828850 0.13743542364874861139 
0.00000000099999999997 0.99999999800000005656 0.00000000099999999997 
0.99999999799999994554 0.00000000099999999995 0.00000000099999999995 
0.57826245859965330620 0.40597244279002647760 0.01576509861032013987 
0.60064808122922508371 0.36008314555109294242 0.03926877321968191836 
0.89833614022197516569 0.10166385877802490423 0.00000000100000000000 
0.20380241210558927567 0.51383149411010586860 0.28236609378430493900 
0.07759088273410742753 0.80175001933573575297 0.12065909793015680562 
0.12331788380842070851 0.72056296613472659018 0.15611915005685286784 
0.99804138761632277266 0.00195861138367724001 0.00000000099999999998 
0.00000000099999999997 0.99999999799999994554 0.00000000099999999997 
0.03252408310880871428 0.96747591589119130706 0.00000000099999999999 
0.14747288897842189548 0.74761484207071116082 0.10491226895086691595 
0.00571220382634082639 0.99428779517365917240 0.00000000099999999998 
0.57717793933808336782 0.38446337827372900620 0.03835868238818770232 
0.15525297877909605138 0.65100096936225992916 0.19374605185864407497 
0.92761058695096765270 0.07238941204903233395 0.00000000099999999997 
0.14100077205122332757 0.70074933964218810711 0.15824988830658856531 
0.04421176377749165554 0.95578823522250844213 0.00000000099999999998 
0.00000000099999999995 0.00000000099999999995 0.99999999799999994554 
0.00000000099999999993 0.00000000099999999993 0.99999999799999994554 
0.02068763575084564196 0.00859041894120511108 0.97072194530794919665 
0.00000054492191397943 0.00195499140800925193 0.99804446367007682017 
0.94616513181888695083 0.01485135832934337576 0.03898350985176966821 
0.02795581591474488245 0.05031573889161213703 0.92172844519364283133 
0.01456549026862804901 0.01314874411871629588 0.97228576561265567246 
0.86168239871817797759 0.02708431208221070974 0.11123328919961128491 
0.01586384830769633700 0.15202432716442360050 0.83211182452788001740 
0.00000000099999999995 0.00000000099999999995 0.99999999800000005656 
0.82175162334054629998 0.01383846171194262620 0.16440991494751108770 
0.07250964009465832305 0.92749035890534170523 0.00000000099999999997 
0.99999999799999994554 0.00000000099999999995 0.00000000099999999995 
0.19340190581285315874 0.68387156324950715280 0.12272653093763977172 
0.00000000099999999998 0.99999999800000005656 0.00000000099999999998 
0.03795698000545025957 0.00000000100000000000 0.96204301899454969238 
0.19126639728051353373 0.03493057841560786442 0.77380302430387859491 
0.01990445453404903614 0.02676916564342674693 0.95332637982252421693 
0.00570846215388861201 0.02983086287721545965 0.96446067496889598125 
0.00000000100000000000 0.05107089368320292394 0.94892910531679719455 
0.00000000100000000000 0.00044644912994237080 0.99955354987005762268 
0.01486705060020822311 0.98513294839979170803 0.00000000099999999998 
0.18325421902284258491 0.68274413312696557998 0.13400164785019186287 
0.01067413445757874578 0.98932586454242110729 0.00000000099999999998 
0.00000000099999999999 0.99999999800000005656 0.00000000099999999999 
0.16105051865530703448 0.73969534206589016012 0.09925413927880284704 
0.99999999800000005656 0.00000000099999999993 0.00000000099999999993 
0.99999999799999994554 0.00000000099999999995 0.00000000099999999995 
0.00000000099999999996 0.99999999800000005656 0.00000000099999999996 
0.00000000099999999996 0.99999999799999994554 0.00000000099999999996 
0.00000000099999999997 0.99999999800000005656 0.00000000099999999997 
0.99999999799999994554 0.00000000099999999996 0.00000000099999999996 
0.96447882202316170819 0.03552117697683830622 0.00000000099999999999 
0.00000000099999999996 0.99999999800000005656 0.00000000099999999996 
0.15504666713892031882 0.73390576767066018071 0.11104756519041951435 
0.06397238863696817768 0.93602761036303172570 0.00000000100000000000 
0.99999999799999994554 0.00000000099999999993 0.00000000099999999993 
0.00000000099999999997 0.99999999800000005656 0.00000000099999999997 
0.02078712627539395716 0.04502585504915283809 0.93418701867545317352 
0.88133116935066502240 0.11866882964933506139 0.00000000099999999998 
0.00016038677495650946 0.11169614744372047266 0.88814346578132308263 
0.99999999799999994554 0.00000000099999999995 0.00000000099999999995 
0.00000000099999999997 0.99999999799999994554 0.00000000099999999997 
0.00000000099999999997 0.99999999800000005656 0.00000000099999999997 
0.99999999799999994554 0.00000000099999999995 0.00000000099999999995 
0.00000000099999999996 0.99999999800000005656 0.00000000099999999996 
0.06874082832093762752 0.68495584244210749869 0.24630332923695499869 
0.99999999799999994554 0.00000000099999999996 0.00000000099999999996 
0.00000158706116014786 0.99999841193883975965 0.00000000099999999999 
0.00000000099999999998 0.00000000099999999998 0.99999999800000005656 
0.72141731160932198730 0.00000000099999999999 0.27858268739067798547 
0.01706062807113028004 0.00000000100000000000 0.98293937092886973783 
0.02325961245780074765 0.00000000100000000000 0.97674038654219930145 
0.03940428600464732090 0.00010543196499443492 0.96049028203035813345 
0.01495638726965383206 0.02245327434762358146 0.96259033838272256567 
0.03137763428483687778 0.01992070852275473411 0.94870165719240828750 
0.03506679341330223160 0.09881221561410787058 0.86612099097258998803 
0.02460988299063649257 0.00000000100237711338 0.97539011600698644067 
0.99999999800000005656 0.00000000099999999994 0.00000000099999999994 
0.01737583443093147426 0.02247425172404438759 0.96014991384502412775 
0.73240540683159494062 0.00000000099999999999 0.26759459216840508766 
0.02265388824011853666 0.00000000100000000000 0.97734611075988153672 
0.00000000099999999994 0.00000000099999999994 0.99999999800000005656 
0.00000000099999999996 0.99999999800000005656 0.00000000099999999996 
0.00000000099999999994 0.00000000099999999994 0.99999999800000005656 
0.00000000099999999994 0.00000000099999999994 0.99999999800000005656 
0.02345249237369343223 0.05198056581067026644 0.92456694181563625623 
0.02899609721026544934 0.01615833431614136992 0.95484556847359314258 
0.00000000099999999997 0.00000000099999999997 0.99999999799999994554 
0.00000000099999999995 0.00000000099999999995 0.99999999799999994554 
0.02064832577696976146 0.01749474570847694282 0.96185692851455328878 
0.00000000099999999996 0.99999999799999994554 0.00000000099999999996 
0.04009937128216059521 0.01964748761054572329 0.94025314110729374395 
0.00000000099999999995 0.00000000099999999995 0.99999999799999994554 
0.02693227776332482448 0.03871684569390315689 0.93435087654277193536 
0.00087585875649750437 0.03171613019666825323 0.96740801104683427081 
0.00000000099999999998 0.00000000099999999998 0.99999999800000005656 
0.00000000099999999997 0.99999999800000005656 0.00000000099999999997 
0.00000000099999999997 0.00000000099999999997 0.99999999799999994554 
0.02131199347051740758 0.02131079733098025994 0.95737720919850233248 
0.02971145522999149580 0.05318315887913459966 0.91710538589087386985 
0.00000000100000000000 0.04132984111020202023 0.95867015788979792479 
0.00000000099999999996 0.99999999799999994554 0.00000000099999999996 
0.04895295134913042051 0.09155455330061978980 0.85949249535024985214 
0.00000000100000000000 0.04185352325038813742 0.95814647574961175902 
0.00007537598087390334 0.02925965183818167101 0.97066497218094449639 
0.04467096026968250810 0.00002645798899550318 0.95530258174132198778 
0.00000000099999999999 0.03154031304295078220 0.96845968595704912119 
0.00000000100000000000 0.87104898178348333371 0.12895101721651675009 
0.02070820510375726356 0.06777584527959033822 0.91151594961665249883 
0.00000000099999999993 0.00000000099999999993 0.99999999799999994554 
0.00000014985244145725 0.00000000100000000000 0.99999984914755857268 
0.05110089918289967975 0.00000000100000000000 0.94889909981710041098 
0.00000000100000000000 0.45998298582800112300 0.54001701317199890529 
0.00006702424813490400 0.00004226483462796384 0.99989071091723713547 
0.08715014273800432421 0.43033476565804784642 0.48251509160394778775 
0.03510462556768669667 0.12729942623448722849 0.83759594819782601238 
0.00444972335498193105 0.03774483496827989865 0.95780544167673820066 
0.00000000100000000000 0.39590123321342363116 0.60409876578657639712 
0.00000025868421217282 0.03190353804341335836 0.96809620327237444481 
0.82359332919058636513 0.00002182276441030640 0.17638484804500328962 
0.17041088474114882145 0.70432447557842003949 0.12526463968043113906 
0.00000466432721002668 0.03465120129256471504 0.96534413438022526055 
0.00000000099999999997 0.00000000099999999997 0.99999999799999994554 
0.00000000099999999998 0.00000000099999999998 0.99999999799999994554 
0.00000000099999999994 0.00000000099999999994 0.99999999800000005656 
0.67851267654104263638 0.00000000099999999999 0.32148732245895744741 
0.02104228898795499139 0.03337647801329884922 0.94558123299874607959 
0.01844490443623263490 0.00000000099999999999 0.98155509456376743849 
0.00000000099999999998 0.00000000099999999998 0.99999999800000005656 
0.00000000100000000000 0.04195203697210599103 0.95804796202789410664 
0.00000000099999999995 0.00000000099999999995 0.99999999800000005656 
0.73038350131635254581 0.00000000099999999999 0.26961649768364748248 
0.00000000099999999996 0.00000000099999999996 0.99999999799999994554 
0.00000000099999999997 0.00000000099999999997 0.99999999800000005656 
0.70677654068506989837 0.00000000099999999999 0.29322345831492996338 
0.67168194600088626522 0.00000000099999999999 0.32831805299911381857 
0.03143621175284091324 0.01597903859374651472 0.95258474965341266572 
0.00000000099999999993 0.00000000099999999993 0.99999999800000005656 
0.03513913231651406149 0.00843888627812324106 0.95642198140536272000 
0.00000000099999999995 0.00000000099999999995 0.99999999799999994554 
