0.00000000099999999999 0.00000002325608904333 0.19046842261650290262 0.04774245573886322369 0.43122108454962138069 0.00000000158005259322 0.33056800825887067141 0.00000000099999999999 0.00000000099999999999 0.00000000099999999999 
0.00000000099999999995 0.00000000099999999995 0.06730500877780225266 0.33750928787441353274 0.00000000099999999995 0.56986054351851611610 0.00000000099999999995 0.02532515382926813288 0.00000000099999999995 0.00000000099999999995 
0.00000000099999999993 0.00000000099999999993 0.00000000099999999993 0.00000000099999999993 0.11072431944088687028 0.88927567255911332822 0.00000000099999999993 0.00000000099999999993 0.00000000099999999993 0.00000000099999999993 
0.00000000099999999993 0.00000000099999999993 0.00000000099999999993 0.90864486790255116766 0.09135512409744893370 0.00000000099999999993 0.00000000099999999993 0.00000000099999999993 0.00000000099999999993 0.00000000099999999993 
0.00000000099999999993 0.00000000099999999993 0.07904488553588065458 0.31887874229643381474 0.03241751919441915319 0.56941188434242995253 0.00000000099999999993 0.00000000099999999993 0.00024696363083643512 0.00000000099999999993 
0.00000000099999999989 0.00000000099999999989 0.00000000099999999989 0.99999999100000003249 0.00000000099999999989 0.00000000099999999989 0.00000000099999999989 0.00000000099999999989 0.00000000099999999989 0.00000000099999999989 
0.00000000099999999982 0.00000000099999999982 0.00000000099999999982 0.00000000099999999982 0.00000000099999999982 0.00000000099999999982 0.00000000099999999982 0.04135540366701479648 0.00000000099999999982 0.95864458833298515916 
0.00000000099999999973 0.00000000099999999973 0.00000000099999999973 0.00000000099999999973 0.00000000099999999973 0.00000000099999999973 0.00000000099999999973 0.00000000099999999973 0.99999999099999992147 0.00000000099999999973 
0.00000000099999999992 0.01212568447606176235 0.00000000099999999992 0.58513213966989918724 0.00000000099999999992 0.34188644345991847651 0.00000000099999999992 0.00000000099999999992 0.06085572639412077656 0.00000000099999999992 
0.00000000099999999981 0.00000000099999999981 0.00000000099999999981 0.00000000099999999981 0.00000000099999999981 0.00000000099999999981 0.00000000099999999981 0.00000000099999999981 0.00000000099999999981 0.99999999099999992147 
0.00000000099999999987 0.00000000099999999987 0.00000000099999999987 0.00000000099999999987 0.00000000099999999987 0.00000000099999999987 0.00000000099999999987 0.00719453651648777146 0.00000000099999999987 0.99280545548351228913 
0.00841574208306946833 0.00000000099999999991 0.00000000099999999991 0.00000000099999999991 0.00000000099999999991 0.00000000099999999991 0.00000000099999999991 0.00000000099999999991 0.00000000099999999991 0.99158424991693050465 
0.00000000099999999973 0.00000000099999999973 0.00000000099999999973 0.00000000099999999973 0.00000000099999999973 0.00000000099999999973 0.00000000099999999973 0.99999999099999992147 0.00000000099999999973 0.00000000099999999973 
0.18957537946825211983 0.00000000099999999998 0.00000000099999999998 0.12993923200796636541 0.00000000099999999998 0.00000000099999999998 0.12577540593410069247 0.00000000099999999998 0.00000000099999999998 0.55470997658968068666 
0.59616076234871218098 0.00000000099999999998 0.03368810587656755756 0.00000000099999999998 0.12326650945029601902 0.00000000099999999998 0.24688461632442429416 0.00000000099999999998 0.00000000099999999998 0.00000000099999999998 
0.00000000099999999985 0.00000000099999999985 0.00000000099999999985 0.00000000099999999985 0.00000000099999999985 0.00000000099999999985 0.00000000099999999985 0.00000000099999999985 0.00000000099999999985 0.99999999099999992147 
0.26529069433404905975 0.00000000099999999988 0.15638081470759521152 0.00000000099999999988 0.00000000099999999988 0.00000000099999999988 0.15997442270424505617 0.00000000099999999988 0.00000000099999999988 0.41835406225411053693 
0.27912579574334250854 0.00000000099999999998 0.09809821944416294293 0.00000000099999999998 0.22856780281572958158 0.00764625586609858025 0.15655915347682106131 0.00000000099999999998 0.23000276865384527980 0.00000000099999999998 
0.00000000099999999958 0.00000000099999999958 0.00000000099999999958 0.00000000099999999958 0.00000000099999999958 0.00000000099999999958 0.99999999100000003249 0.00000000099999999958 0.00000000099999999958 0.00000000099999999958 
0.68279896878895973700 0.00000000099999999989 0.00000000099999999989 0.00000000099999999989 0.00000000099999999989 0.00000000099999999989 0.31720102321104048926 0.00000000099999999989 0.00000000099999999989 0.00000000099999999989 
0.99999999100000025454 0.00000000099999999955 0.00000000099999999955 0.00000000099999999955 0.00000000099999999955 0.00000000099999999955 0.00000000099999999955 0.00000000099999999955 0.00000000099999999955 0.00000000099999999955 
0.00000000099999999987 0.00000000099999999987 0.00000000099999999987 0.00000000099999999987 0.00000000099999999987 0.00000000099999999987 0.00000000099999999987 0.03218823730160984276 0.00000000099999999987 0.96781175469839031411 
0.00000000099999999968 0.00000000099999999968 0.00000000099999999968 0.00000000099999999968 0.00000000099999999968 0.00000000099999999968 0.99999999100000003249 0.00000000099999999968 0.00000000099999999968 0.00000000099999999968 
0.00000000099999999996 0.00000000099999999996 0.05610550285015632188 0.32371651286695735106 0.00653021703500741239 0.51852814582714712444 0.00000000099999999996 0.05411028518726624520 0.04100933223346551332 0.00000000099999999996 
0.00000000099999999986 0.00000000099999999986 0.00000000099999999986 0.00000000099999999986 0.00000000099999999986 0.00000000099999999986 0.00000000099999999986 0.03554386411077862379 0.00000000099999999986 0.96445612788922141512 
0.02467573855904426836 0.00000000099999999988 0.00000000099999999988 0.00000000099999999988 0.00000000099999999988 0.00000000099999999988 0.00000000099999999988 0.00000000099999999988 0.00000000099999999988 0.97532425344095585729 
0.00000000099999999982 0.00000000099999999982 0.00000000099999999982 0.00000000099999999982 0.00000000099999999982 0.00000000099999999982 0.00000000099999999982 0.99999999100000003249 0.00000000099999999982 0.00000000099999999982 
0.00000000099999999992 0.00000000099999999992 0.00000000099999999992 0.00000000099999999992 0.00000000099999999992 0.99999999100000003249 0.00000000099999999992 0.00000000099999999992 0.00000000099999999992 0.00000000099999999992 
0.00000000099999999994 0.00000000099999999994 0.00000000099999999994 0.56298582857871370955 0.00109090287324044690 0.37594819312682226098 0.00000000099999999994 0.00000000099999999994 0.05997506942122365209 0.00000000099999999994 
0.00448450007596534056 0.00000000099999999998 0.00000000099999999998 0.00000000099999999998 0.00000000099999999998 0.00000000099999999998 0.00000000099999999998 0.00000000099999999998 0.00000000099999999998 0.99551549192403476773 
0.00000000099999999998 0.00000000099999999998 0.08833434333292004836 0.00000000099999999998 0.00000000099999999998 0.00000000099999999998 0.02781558363046152463 0.00000000099999999998 0.00000000099999999998 0.88385006603661830926 
0.06264239863465699554 0.01243608083619467466 0.00000000099999999992 0.00000000099999999992 0.00000000099999999992 0.00000000099999999992 0.00000000099999999992 0.00000000099999999992 0.00000000099999999992 0.92492151352914819817 
0.00000000099999999997 0.00000000099999999997 0.03325681701475004942 0.34387768091298104300 0.00000000099999999997 0.55467791503056995683 0.00000000099999999997 0.06818758104169889145 0.00000000099999999997 0.00000000099999999997 
0.00000000099999999968 0.99999999100000014352 0.00000000099999999968 0.00000000099999999968 0.00000000099999999968 0.00000000099999999968 0.00000000099999999968 0.00000000099999999968 0.00000000099999999968 0.00000000099999999968 
0.00000000099999999999 0.02630444116202406216 0.00000000099999999999 0.82849094721009231002 0.00000001528129061058 0.00000000099999999999 0.00000000099999999999 0.00000000099999999999 0.14520459034659305431 0.00000000099999999999 
0.00000000099999999992 0.00000000099999999992 0.00000000099999999992 0.00000000099999999992 0.00000000099999999992 0.00000000099999999992 0.00195296026188155518 0.00000000099999999992 0.00000000099999999992 0.99804703173811848416 
0.00000000099999999976 0.00000000099999999976 0.00000000099999999976 0.00000000099999999976 0.00000000099999999976 0.00000000099999999976 0.99999999099999992147 0.00000000099999999976 0.00000000099999999976 0.00000000099999999976 
0.00000000099999999948 0.99999999100000014352 0.00000000099999999948 0.00000000099999999948 0.00000000099999999948 0.00000000099999999948 0.00000000099999999948 0.00000000099999999948 0.00000000099999999948 0.00000000099999999948 
0.00000000099999999992 0.00000000099999999992 0.00000000099999999992 0.00000000099999999992 0.00000000099999999992 0.00000000099999999992 0.00000000099999999992 0.00000000099999999992 0.00000000099999999992 0.99999999099999992147 
0.00000000099999999985 0.00000000099999999985 0.00000000099999999985 0.00000000099999999985 0.00000000099999999985 0.00000000099999999985 0.01035909539242525247 0.00000000099999999985 0.00000000099999999985 0.98964089660757481592 
0.05450396358122296114 0.00000000099999999988 0.00000000099999999988 0.00000000099999999988 0.00000000099999999988 0.00000000099999999988 0.00000000099999999988 0.00000000099999999988 0.00000000099999999988 0.94549602841877700143 
0.00000000099999999986 0.00000000099999999986 0.16704571197155426709 0.00000000099999999986 0.47210366503875089705 0.00000000099999999986 0.00000000099999999986 0.00000000099999999986 0.36085061598969486729 0.00000000099999999986 
0.00000000099999999999 0.00084983615199374883 0.00000000099999999999 0.08905529654188082400 0.35450258618643232245 0.00000000099999999999 0.00000000099999999999 0.00000000099999999999 0.47159445088701373860 0.08399782523267916579 
0.00000000099999999980 0.00000000099999999980 0.00000000099999999980 0.00000000099999999980 0.00000000099999999980 0.00000000099999999980 0.00000000099999999980 0.99999999099999992147 0.00000000099999999980 0.00000000099999999980 
0.00000000099999999997 0.00000000099999999997 0.00000000099999999997 0.26837406675665159694 0.01396571472343067707 0.23015857905109318726 0.00000000099999999997 0.48750163346882446902 0.00000000099999999997 0.00000000099999999997 
0.00000000099999999978 0.00000000099999999978 0.00000000099999999978 0.00000000099999999978 0.00000000099999999978 0.00000000099999999978 0.00000000099999999978 0.00000000099999999978 0.99999999100000003249 0.00000000099999999978 
0.00000000099999999996 0.00930117728911342839 0.00000000099999999996 0.00000000099999999996 0.00000000099999999996 0.00000000099999999996 0.00000000099999999996 0.01825810904246219502 0.00000000099999999996 0.97244070666842430395 
0.00000000099999999978 0.00000000099999999978 0.00000000099999999978 0.00000000099999999978 0.99999999100000003249 0.00000000099999999978 0.00000000099999999978 0.00000000099999999978 0.00000000099999999978 0.00000000099999999978 
0.00000000099999999978 0.00000000099999999978 0.00000000099999999978 0.00000000099999999978 0.00000000099999999978 0.00000000099999999978 0.00000000099999999978 0.00000000099999999978 0.99999999099999992147 0.00000000099999999978 
0.00000000099999999980 0.00000000099999999980 0.00000000099999999980 0.00000000099999999980 0.99999999100000003249 0.00000000099999999980 0.00000000099999999980 0.00000000099999999980 0.00000000099999999980 0.00000000099999999980 
0.00000000099999999995 0.01877050494634594294 0.15420366114459646556 0.49135193860654191589 0.00000000099999999995 0.33567387259403186350 0.00000000099999999995 0.00000000099999999995 0.00000001770848400496 0.00000000099999999995 
0.00000000099999999974 0.00000000099999999974 0.00000000099999999974 0.00000000099999999974 0.00000000099999999974 0.00000000099999999974 0.00000000099999999974 0.00000000099999999974 0.99999999099999992147 0.00000000099999999974 
0.00000000099999999987 0.00000000099999999987 0.00004967374808555188 0.01144993537649907460 0.45716463258058337438 0.00000000099999999987 0.00000000099999999987 0.00000000099999999987 0.53133575229483176461 0.00000000099999999987 
0.10756092706921552282 0.00000000099999999987 0.00000000099999999987 0.00000000099999999987 0.00000000099999999987 0.00000000099999999987 0.00000000099999999987 0.39597769227531781633 0.00000000099999999987 0.49646137365546666453 
0.02333378448468180141 0.00000000099999999999 0.06643332051589952159 0.36429286006581418356 0.00000000099999999999 0.40634349587681611871 0.00000000525576429293 0.00000000099999999999 0.13959652980102399411 0.00000000099999999999 
0.00000000099999999995 0.00000000099999999995 0.15359574447515589313 0.00000000099999999995 0.42538640007917072339 0.42100446809858982355 0.00000000099999999995 0.00000000099999999995 0.00001338134708348950 0.00000000099999999995 
0.00000000099999999977 0.00000000099999999977 0.00000000099999999977 0.00000000099999999977 0.00000000099999999977 0.00000000099999999977 0.00000000099999999977 0.00000000099999999977 0.99999999100000003249 0.00000000099999999977 
0.00000000099999999995 0.00127100549896426137 0.06309579603087195343 0.60219338760259166765 0.00000000099999999995 0.33343980486757229809 0.00000000099999999995 0.00000000099999999995 0.00000000099999999995 0.00000000099999999995 
0.00000000099999999982 0.00000000099999999982 0.00000000099999999982 0.00000000099999999982 0.99999999100000014352 0.00000000099999999982 0.00000000099999999982 0.00000000099999999982 0.00000000099999999982 0.00000000099999999982 
0.00000000099999999982 0.00000000099999999982 0.00000000099999999982 0.00000000099999999982 0.00000000099999999982 0.99999999100000003249 0.00000000099999999982 0.00000000099999999982 0.00000000099999999982 0.00000000099999999982 
0.00000000099999999991 0.00000000099999999991 0.00000000099999999991 0.34203333440468841609 0.02837416580519608322 0.62959249279011553213 0.00000000099999999991 0.00000000099999999991 0.00000000099999999991 0.00000000099999999991 
0.00000000099999999988 0.00000000099999999988 0.23002898300068763682 0.00000000099999999988 0.41775854492044323107 0.00000000099999999988 0.00000000099999999988 0.00000000099999999988 0.35221246507886905253 0.00000000099999999988 
0.00000000099999999981 0.00000000099999999981 0.00000000099999999981 0.00000000099999999981 0.99999999100000003249 0.00000000099999999981 0.00000000099999999981 0.00000000099999999981 0.00000000099999999981 0.00000000099999999981 
0.00000000099999999997 0.00000000099999999997 0.00000000099999999997 0.00000000099999999997 0.00000000099999999997 0.00000000099999999997 0.92653447297468238819 0.00000000099999999997 0.00000000099999999997 0.07346551902531754663 
0.00000000099999999984 0.00000000099999999984 0.00000000099999999984 0.00000000099999999984 0.00000000099999999984 0.99999999100000014352 0.00000000099999999984 0.00000000099999999984 0.00000000099999999984 0.00000000099999999984 
0.00000000099999999992 0.00000000099999999992 0.26477070977153149833 0.00000000099999999992 0.45104140724010582941 0.00000000099999999992 0.00000000099999999992 0.00000000099999999992 0.28418787598836264818 0.00000000099999999992 
0.00000000099999999977 0.00000000099999999977 0.00000000099999999977 0.00000000099999999977 0.00000000099999999977 0.00000000099999999977 0.99999999099999992147 0.00000000099999999977 0.00000000099999999977 0.00000000099999999977 
0.00000000099999999992 0.01083629213483367978 0.00000000099999999992 0.00000000099999999992 0.00000000099999999992 0.00000000099999999992 0.00001186614406995120 0.00151547081221501778 0.00000000099999999992 0.98763636490888140340 
0.00000000099999999995 0.00000000099999999995 0.00000018414768740285 0.50559294991666792196 0.00000000099999999995 0.49440685893564484399 0.00000000099999999995 0.00000000099999999995 0.00000000099999999995 0.00000000099999999995 
0.00175097007795752728 0.00000000099999999988 0.00000000099999999988 0.00000000099999999988 0.00000000099999999988 0.00000000099999999988 0.99824902192204245654 0.00000000099999999988 0.00000000099999999988 0.00000000099999999988 
0.00000000099999999982 0.00000000099999999982 0.00000000099999999982 0.00000000099999999982 0.00000000099999999982 0.00000000099999999982 0.98628626471017899480 0.01371372728982092962 0.00000000099999999982 0.00000000099999999982 
0.00000000099999999991 0.00000000099999999991 0.00000000099999999991 0.00000000099999999991 0.00000000099999999991 0.00000000099999999991 0.98035321180041945510 0.00000000099999999991 0.00000000099999999991 0.01964678019958055258 
0.00000000099999999978 0.00000000099999999978 0.00000000099999999978 0.00000000099999999978 0.00000000099999999978 0.00000000099999999978 0.00000000099999999978 0.99999999099999992147 0.00000000099999999978 0.00000000099999999978 
0.98267785465905599374 0.00000000099999999977 0.00000000099999999977 0.00000000099999999977 0.00000000099999999977 0.00000000099999999977 0.01732213734094417007 0.00000000099999999977 0.00000000099999999977 0.00000000099999999977 
0.50270995815812224983 0.01771616416654470810 0.00000000099999999999 0.00000000099999999999 0.13813936004087840059 0.00000000099999999999 0.15291519985371651580 0.18851540646912584576 0.00000000099999999999 0.00000390731161223670 
0.00000000099999999982 0.00000000099999999982 0.00000000099999999982 0.00000000099999999982 0.00000000099999999982 0.00000000099999999982 0.00000000099999999982 0.99999999099999992147 0.00000000099999999982 0.00000000099999999982 
0.00000000099999999986 0.00000000099999999986 0.00000000099999999986 0.00000000099999999986 0.00000000099999999986 0.00000000099999999986 0.00000000099999999986 0.00000000099999999986 0.00000000099999999986 0.99999999100000003249 
0.00000000099999999976 0.00000000099999999976 0.00000000099999999976 0.00000000099999999976 0.00000000099999999976 0.00000000099999999976 0.99999999099999992147 0.00000000099999999976 0.00000000099999999976 0.00000000099999999976 
0.99999999100000025454 0.00000000099999999963 0.00000000099999999963 0.00000000099999999963 0.00000000099999999963 0.00000000099999999963 0.00000000099999999963 0.00000000099999999963 0.00000000099999999963 0.00000000099999999963 
0.99999999100000014352 0.00000000099999999967 0.00000000099999999967 0.00000000099999999967 0.00000000099999999967 0.00000000099999999967 0.00000000099999999967 0.00000000099999999967 0.00000000099999999967 0.00000000099999999967 
0.00385505503688452541 0.03513407729599269530 0.01815411513524996592 0.00000000099999999997 0.00000000099999999997 0.00000000099999999997 0.84454422451609889588 0.03574369383760561680 0.00000000099999999997 0.06256883017816813886 
0.15108111710102870018 0.00251701693631386971 0.00000000100000000000 0.19241384823353033240 0.00000000100000000000 0.00872057457737232186 0.04628370011944870493 0.44048590748473970269 0.00000000100000000000 0.15849783254756633077 
0.01965675189412779272 0.00005259931348054252 0.02937118579347816963 0.00000000099999999999 0.00000000099999999999 0.11253355829437408642 0.06359550282297626866 0.00000000099999999999 0.00000000099999999999 0.77479039788156311985 
0.00000000099999999982 0.00000000099999999982 0.00000000099999999982 0.00000000099999999982 0.00000000099999999982 0.00000000099999999982 0.00000000099999999982 0.99999999100000003249 0.00000000099999999982 0.00000000099999999982 
0.04973154717476994252 0.00256942869064807596 0.00000000099999999994 0.00000000099999999994 0.00000000099999999994 0.00000000099999999994 0.94769901713458204462 0.00000000099999999994 0.00000000099999999994 0.00000000099999999994 
0.00000000099999999984 0.00000000099999999984 0.00000000099999999984 0.00000000099999999984 0.00000000099999999984 0.00000000099999999984 0.00000000099999999984 0.00000000099999999984 0.00000000099999999984 0.99999999099999992147 
0.05703031927563106257 0.00000000099999999994 0.00000000099999999994 0.00000000099999999994 0.00000000099999999994 0.00000000099999999994 0.02005294653389035064 0.00016859626588125280 0.00000000099999999994 0.92274813192459725908 
0.00000000099999999977 0.00000000099999999977 0.00000000099999999977 0.00000000099999999977 0.00000000099999999977 0.00000000099999999977 0.00000000099999999977 0.99999999100000003249 0.00000000099999999977 0.00000000099999999977 
0.00000000099999999990 0.00000000099999999990 0.00000000099999999990 0.00000000099999999990 0.00000000099999999990 0.00000000099999999990 0.00846214087123646486 0.03743926316795257586 0.00000000099999999990 0.95409858896081090052 
0.99999999100000025454 0.00000000099999999967 0.00000000099999999967 0.00000000099999999967 0.00000000099999999967 0.00000000099999999967 0.00000000099999999967 0.00000000099999999967 0.00000000099999999967 0.00000000099999999967 
0.00000000099999999992 0.00000000099999999992 0.00000000099999999992 0.00000000099999999992 0.00000000099999999992 0.00000000099999999992 0.00000000099999999992 0.99999999100000003249 0.00000000099999999992 0.00000000099999999992 
0.00000000099999999986 0.00000000099999999986 0.00000000099999999986 0.00000000099999999986 0.00000000099999999986 0.00000000099999999986 0.93568423251692389719 0.00000000099999999986 0.00000000099999999986 0.06431575948307617641 
0.00000000099999999988 0.00000000099999999988 0.00000000099999999988 0.00000000099999999988 0.00000000099999999988 0.00000000099999999988 0.00000000099999999988 0.99999999099999992147 0.00000000099999999988 0.00000000099999999988 
0.02760914790973744565 0.00000000099999999990 0.00000000099999999990 0.00000000099999999990 0.00000000099999999990 0.00000000099999999990 0.04031713383790389710 0.00000016024869280824 0.00000000099999999990 0.93207355200366581727 
0.00000000099999999985 0.00000000099999999985 0.00000000099999999985 0.00000000099999999985 0.19860601962524532249 0.00000000099999999985 0.00000000099999999985 0.00000000099999999985 0.80139397237475462621 0.00000000099999999985 
0.00000000099999999977 0.00000000099999999977 0.10089941546812215833 0.00000000099999999977 0.53007390282923749769 0.00000000099999999977 0.00000000099999999977 0.00000000099999999977 0.36902667470264044480 0.00000000099999999977 
0.00000000099999999994 0.02097221150719643518 0.00000000099999999994 0.69966131602581849158 0.00000000099999999994 0.25210789092286223223 0.00000000099999999994 0.00000000099999999994 0.02725857554412289621 0.00000000099999999994 
0.00000000099999999991 0.00000000099999999991 0.04352000285611078156 0.36297482450450002656 0.00000000099999999991 0.57815242112508780092 0.00000000099999999991 0.00000000099999999991 0.01535274551430145483 0.00000000099999999991 
0.02302297076671147927 0.04606616218742896202 0.00000000099999999998 0.00078972236510166708 0.00000000099999999998 0.00000000099999999998 0.89119784448754368889 0.00000000099999999998 0.03892329519321420517 0.00000000099999999998 
0.00000000099999999995 0.00000000099999999995 0.00000000099999999995 0.51604426984596440953 0.06218088951216692306 0.32936217028417069663 0.00000000099999999995 0.09238368095036569860 0.00002898440733234111 0.00000000099999999995 
0.00000000099999999989 0.00000000099999999989 0.00000000099999999989 0.99999999100000014352 0.00000000099999999989 0.00000000099999999989 0.00000000099999999989 0.00000000099999999989 0.00000000099999999989 0.00000000099999999989 
0.00000000099999999991 0.00000000099999999991 0.16173455360756514021 0.00000000099999999991 0.00000000099999999991 0.00000000099999999991 0.83826543839243483625 0.00000000099999999991 0.00000000099999999991 0.00000000099999999991 
0.00000000099999999998 0.02064554407403249026 0.16927577165796237058 0.18888120463317009667 0.00000000099999999998 0.50605151564446315682 0.00000000099999999998 0.01794806021563241302 0.00000000099999999998 0.09719789977473949905 
0.00000000099999999919 0.00000000099999999919 0.99999999100000003249 0.00000000099999999919 0.00000000099999999919 0.00000000099999999919 0.00000000099999999919 0.00000000099999999919 0.00000000099999999919 0.00000000099999999919 
0.00000000099999999992 0.00000000099999999992 0.20077011817422402151 0.00000000099999999992 0.00000000099999999992 0.00000000099999999992 0.79922987382577592719 0.00000000099999999992 0.00000000099999999992 0.00000000099999999992 
0.00772425968483580593 0.00000000099999999986 0.00000000099999999986 0.00000000099999999986 0.00000000099999999986 0.00000000099999999986 0.08416802784978912044 0.01634241015444862916 0.00000000099999999986 0.89176529631092649186 
0.00000000099999999978 0.00000000099999999978 0.00000000099999999978 0.00000000099999999978 0.00000000099999999978 0.00000000099999999978 0.99999999100000003249 0.00000000099999999978 0.00000000099999999978 0.00000000099999999978 
0.19055545590966066483 0.00000000099999999982 0.00000000099999999982 0.00000000099999999982 0.00000000099999999982 0.00000000099999999982 0.00000000099999999982 0.80944453609033928387 0.00000000099999999982 0.00000000099999999982 
0.00000000099999999993 0.00000000099999999993 0.00000000099999999993 0.00000000099999999993 0.00000000099999999993 0.00000000099999999993 0.00000000099999999993 0.00996028635635086597 0.00000000099999999993 0.99003970564364918161 
0.00000000099999999990 0.00000000099999999990 0.06134628811409331695 0.93865370388590674278 0.00000000099999999990 0.00000000099999999990 0.00000000099999999990 0.00000000099999999990 0.00000000099999999990 0.00000000099999999990 
0.00000219414713956466 0.00000000100000000000 0.00000000100000000000 0.62518473333585922180 0.00038073702516877778 0.14960471499512120741 0.17373013082264016083 0.00000000100000000000 0.05109748567407127601 0.00000000100000000000 
0.00000000099999999997 0.00000000099999999997 0.00000000099999999997 0.55467240487323354881 0.02932129614483437036 0.41600629198193206371 0.00000000099999999997 0.00000000099999999997 0.00000000099999999997 0.00000000099999999997 
0.00000000099999999994 0.00000000099999999994 0.00000000099999999994 0.48861259622032732208 0.00000000099999999994 0.43358316558595522139 0.00000000099999999994 0.00000000099999999994 0.07780423119371743246 0.00000000099999999994 
0.00000000099999999991 0.00000000099999999991 0.10283279720087967757 0.00000000099999999991 0.00000000099999999991 0.89716719479912032664 0.00000000099999999991 0.00000000099999999991 0.00000000099999999991 0.00000000099999999991 
0.00000000099999999986 0.00000000099999999986 0.00000000099999999986 0.89010436959037952942 0.00000000099999999986 0.00000000099999999986 0.00000000099999999986 0.00000000099999999986 0.10989562240962050255 0.00000000099999999986 
0.05721151952600516538 0.00000000099999999990 0.00000000099999999990 0.00000000099999999990 0.00000000099999999990 0.00000000099999999990 0.00000000099999999990 0.00000000099999999990 0.00000000099999999990 0.94278847247399477638 
0.00000000099999999986 0.00000000099999999986 0.00000000099999999986 0.00000000099999999986 0.00000000099999999986 0.00000000099999999986 0.00000000099999999986 0.99999999100000003249 0.00000000099999999986 0.00000000099999999986 
0.00000000099999999989 0.00000000099999999989 0.00000000099999999989 0.00000000099999999989 0.00000000099999999989 0.00000000099999999989 0.01461232637088451421 0.02244851329114738031 0.00000000099999999989 0.96293915333796809009 
0.00000000099999999994 0.00000000099999999994 0.00000000099999999994 0.00000000099999999994 0.00000000099999999994 0.00000000099999999994 0.00000000099999999994 0.00000000099999999994 0.00000000099999999994 0.99999999099999992147 
0.00000000099999999974 0.00000000099999999974 0.00000000099999999974 0.00000000099999999974 0.00000000099999999974 0.00000000099999999974 0.00000000099999999974 0.99999999099999992147 0.00000000099999999974 0.00000000099999999974 
0.00000000099999999967 0.00000000099999999967 0.00000000099999999967 0.00000000099999999967 0.00000000099999999967 0.00000000099999999967 0.99999999099999992147 0.00000000099999999967 0.00000000099999999967 0.00000000099999999967 
0.00000000099999999979 0.00000000099999999979 0.00000000099999999979 0.00000000099999999979 0.00000000099999999979 0.00000000099999999979 0.99999999099999992147 0.00000000099999999979 0.00000000099999999979 0.00000000099999999979 
0.00000000099999999981 0.00000000099999999981 0.00000000099999999981 0.00000000099999999981 0.00000000099999999981 0.00000000099999999981 0.00000000099999999981 0.00000000099999999981 0.00000000099999999981 0.99999999099999992147 
0.00000000099999999986 0.00000000099999999986 0.00000000099999999986 0.00000000099999999986 0.00000000099999999986 0.00000000099999999986 0.00000000099999999986 0.00000000099999999986 0.00000000099999999986 0.99999999099999992147 
0.00000000099999999983 0.00000000099999999983 0.00000000099999999983 0.00000000099999999983 0.00000000099999999983 0.00000000099999999983 0.00000000099999999983 0.00000000099999999983 0.00000000099999999983 0.99999999100000003249 
0.00000000099999999980 0.00000000099999999980 0.00000000099999999980 0.00000000099999999980 0.00000000099999999980 0.00000000099999999980 0.99999999100000003249 0.00000000099999999980 0.00000000099999999980 0.00000000099999999980 
0.00000000099999999992 0.00000000099999999992 0.00000000099999999992 0.00000000099999999992 0.00000000099999999992 0.00000000099999999992 0.96296423610375836422 0.00000000099999999992 0.00000000099999999992 0.03703575589624168857 
0.00000000099999999984 0.00000000099999999984 0.00000000099999999984 0.00000000099999999984 0.00000000099999999984 0.00000000099999999984 0.00000000099999999984 0.00000000099999999984 0.00000000099999999984 0.99999999099999992147 
0.00000000099999999976 0.00000000099999999976 0.00000000099999999976 0.00000000099999999976 0.00000000099999999976 0.00000000099999999976 0.00000000099999999976 0.99999999100000003249 0.00000000099999999976 0.00000000099999999976 
0.01359008546246115098 0.03259026411535632245 0.00000000099999999996 0.00000000099999999996 0.00000000099999999996 0.00000000099999999996 0.02786423126674287751 0.05475258645905791560 0.00000000099999999996 0.87120282769638168752 
0.00000000099999999971 0.00000000099999999971 0.00000000099999999971 0.00000000099999999971 0.00000000099999999971 0.00000000099999999971 0.99999999100000003249 0.00000000099999999971 0.00000000099999999971 0.00000000099999999971 
0.00000000099999999983 0.00000000099999999983 0.00000000099999999983 0.00000000099999999983 0.00000000099999999983 0.00000000099999999983 0.00000000099999999983 0.00000000099999999983 0.00000000099999999983 0.99999999100000003249 
0.00000000099999999996 0.00000003816711361150 0.00000000099999999996 0.00000000099999999996 0.04789902927448783099 0.95210092555839864747 0.00000000099999999996 0.00000000099999999996 0.00000000099999999996 0.00000000099999999996 
0.05787159498476183300 0.00000000099999999989 0.00000000099999999989 0.00000000099999999989 0.00000000099999999989 0.00000000099999999989 0.81239296332028232417 0.11865092214130631976 0.00000000099999999989 0.01108451355364964419 
0.00000000099999999996 0.01016173168826336841 0.00000000099999999996 0.89182115294677366535 0.00000000099999999996 0.00000000781434371510 0.00000000099999999996 0.00000000099999999996 0.01541236055914243543 0.08260474199147684049 
0.00000000099999999971 0.00000000099999999971 0.00000000099999999971 0.00000000099999999971 0.00000000099999999971 0.00000000099999999971 0.99999999100000003249 0.00000000099999999971 0.00000000099999999971 0.00000000099999999971 
0.00000000099999999989 0.00000000099999999989 0.00000000099999999989 0.00000000099999999989 0.00000000099999999989 0.00000000099999999989 0.00000000099999999989 0.00233338530432837706 0.00000000099999999989 0.99766660669567153175 
0.00000000099999999983 0.00000000099999999983 0.00000000099999999983 0.00000000099999999983 0.00000000099999999983 0.00000000099999999983 0.00000000099999999983 0.00000000099999999983 0.00000000099999999983 0.99999999099999992147 
0.00000000099999999978 0.00000000099999999978 0.00000000099999999978 0.00000000099999999978 0.00000000099999999978 0.00000000099999999978 0.99999999099999992147 0.00000000099999999978 0.00000000099999999978 0.00000000099999999978 
0.00000000099999999984 0.00000000099999999984 0.00000000099999999984 0.00000000099999999984 0.00000000099999999984 0.00000000099999999984 0.00000000099999999984 0.00000000099999999984 0.00000000099999999984 0.99999999100000003249 
0.00000000100000000000 0.06870021465530107285 0.04618713525510955570 0.18539734579445427132 0.00000000100000000000 0.00000000100000000000 0.01757313340009237015 0.04367319397290398558 0.00000006477391147753 0.63846890914822729268 
0.00000000099999999981 0.00000000099999999981 0.00000000099999999981 0.00000000099999999981 0.00000000099999999981 0.00000000099999999981 0.99999999099999992147 0.00000000099999999981 0.00000000099999999981 0.00000000099999999981 
0.00000000099999999997 0.00000000099999999997 0.00000000099999999997 0.00000000099999999997 0.00000000099999999997 0.00000000099999999997 0.00348431461627870783 0.00000000099999999997 0.00302244746404573689 0.99349323091967567390 
0.00000000099999999994 0.00000000099999999994 0.10741489537008307165 0.11582129199289029065 0.59370103698054665919 0.00000000099999999994 0.00000000099999999994 0.00000000099999999994 0.18306276965647991228 0.00000000099999999994 
0.00000000099999999942 0.99999999100000025454 0.00000000099999999942 0.00000000099999999942 0.00000000099999999942 0.00000000099999999942 0.00000000099999999942 0.00000000099999999942 0.00000000099999999942 0.00000000099999999942 
0.00000000099999999990 0.00000000099999999990 0.00000000099999999990 0.32436107066370817309 0.00000000099999999990 0.67563892133629188663 0.00000000099999999990 0.00000000099999999990 0.00000000099999999990 0.00000000099999999990 
0.00000000099999999990 0.00000000099999999990 0.03999442121801839722 0.96000557078198167638 0.00000000099999999990 0.00000000099999999990 0.00000000099999999990 0.00000000099999999990 0.00000000099999999990 0.00000000099999999990 
0.00000000099999999989 0.00000000099999999989 0.00000000099999999989 0.00000000099999999989 0.00000000099999999989 0.99999999100000014352 0.00000000099999999989 0.00000000099999999989 0.00000000099999999989 0.00000000099999999989 
0.00000000099999999991 0.00000000099999999991 0.00000000099999999991 0.99999999100000014352 0.00000000099999999991 0.00000000099999999991 0.00000000099999999991 0.00000000099999999991 0.00000000099999999991 0.00000000099999999991 
0.00000000099999999989 0.00000000099999999989 0.00000000099999999989 0.00000000099999999989 0.00000000099999999989 0.99999999100000014352 0.00000000099999999989 0.00000000099999999989 0.00000000099999999989 0.00000000099999999989 
0.00000055542587516599 0.00393914172626924283 0.00000000898164203402 0.35138928633667032564 0.00000000099999999999 0.33402995759454118252 0.02166910841601123183 0.00000000099999999999 0.21036987079118246724 0.07860206872780832466 
0.00000000099999999987 0.00000000099999999987 0.00000000099999999987 0.99999999100000014352 0.00000000099999999987 0.00000000099999999987 0.00000000099999999987 0.00000000099999999987 0.00000000099999999987 0.00000000099999999987 
0.00000000099999999970 0.00000000099999999970 0.00000000099999999970 0.00000000099999999970 0.00000000099999999970 0.00000000099999999970 0.99999999100000003249 0.00000000099999999970 0.00000000099999999970 0.00000000099999999970 
0.00000000099999999989 0.00000000099999999989 0.00000000099999999989 0.00000000099999999989 0.00000000099999999989 0.99999999100000003249 0.00000000099999999989 0.00000000099999999989 0.00000000099999999989 0.00000000099999999989 
0.00000000099999999946 0.99999999100000014352 0.00000000099999999946 0.00000000099999999946 0.00000000099999999946 0.00000000099999999946 0.00000000099999999946 0.00000000099999999946 0.00000000099999999946 0.00000000099999999946 
0.00000000099999999993 0.00000000099999999993 0.00000000099999999993 0.24104025607891418903 0.00000000099999999993 0.71828637007917006674 0.00000000099999999993 0.00000000099999999993 0.04067336684191576179 0.00000000099999999993 
0.00000000099999999973 0.00000000099999999973 0.00000000099999999973 0.00000000099999999973 0.00000000099999999973 0.00000000099999999973 0.00000000099999999973 0.00000000099999999973 0.99999999100000003249 0.00000000099999999973 
0.00000000099999999983 0.00000000099999999983 0.00000000099999999983 0.00000000099999999983 0.00000000099999999983 0.00000000099999999983 0.00000000099999999983 0.00000000099999999983 0.00000000099999999983 0.99999999099999992147 
0.00000000099999999976 0.00000000099999999976 0.31705094166926622856 0.00000000099999999976 0.68294888258999586483 0.00000000099999999976 0.00000000099999999976 0.00000000099999999976 0.00000016874073797623 0.00000000099999999976 
0.00000000099999999975 0.00000000099999999975 0.00000000099999999975 0.00000000099999999975 0.00000000099999999975 0.00000000099999999975 0.00000000099999999975 0.00000000099999999975 0.99999999099999992147 0.00000000099999999975 
0.00000000099999999995 0.00000000099999999995 0.08253763999466585954 0.00000000099999999995 0.00000000099999999995 0.91746235200533421406 0.00000000099999999995 0.00000000099999999995 0.00000000099999999995 0.00000000099999999995 
0.00000000099999999993 0.00000000099999999993 0.00000000099999999993 0.00000000099999999993 0.00000000099999999993 0.99999988730321209829 0.00000000099999999993 0.00000000099999999993 0.00000010469678792656 0.00000000099999999993 
0.00000000099999999975 0.00000000099999999975 0.00000000099999999975 0.00000000099999999975 0.00000000099999999975 0.00000000099999999975 0.00000000099999999975 0.00000000099999999975 0.99999999099999992147 0.00000000099999999975 
0.00000000099999999977 0.00000000099999999977 0.33392293086174618111 0.00000000099999999977 0.66607706113825382310 0.00000000099999999977 0.00000000099999999977 0.00000000099999999977 0.00000000099999999977 0.00000000099999999977 
0.00000000099999999995 0.00000000099999999995 0.05097101436464816088 0.68598510463635287149 0.00000000099999999995 0.20231352871533819782 0.00000000099999999995 0.00000000099999999995 0.06073034628366089094 0.00000000099999999995 
0.00000000099999999983 0.00000000099999999983 0.00000000099999999983 0.00000000099999999983 0.00000000099999999983 0.00000000099999999983 0.00000000099999999983 0.00000000099999999983 0.00000000099999999983 0.99999999099999992147 
0.01242396096096994376 0.00848574580692514416 0.06250480258626592289 0.28418986604115498151 0.05570609388288996766 0.57668952672179418784 0.00000000099999999998 0.00000000099999999998 0.00000000099999999998 0.00000000099999999998 
0.00000000099999999980 0.00000000099999999980 0.00000000099999999980 0.00000000099999999980 0.99999999100000003249 0.00000000099999999980 0.00000000099999999980 0.00000000099999999980 0.00000000099999999980 0.00000000099999999980 
0.00000000099999999998 0.00000000099999999998 0.06110781269603533794 0.57394283531751189020 0.00000000099999999998 0.33798851998459611412 0.00000000099999999998 0.02696082600185671294 0.00000000099999999998 0.00000000099999999998 
0.00000000099999999992 0.00000000099999999992 0.14692757804388043019 0.85307225794132135466 0.00000000099999999992 0.00000015701479826556 0.00000000099999999992 0.00000000099999999992 0.00000000099999999992 0.00000000099999999992 
0.00000000099999999977 0.00000000099999999977 0.00000000099999999977 0.00000000099999999977 0.00000000099999999977 0.00000000099999999977 0.00000000099999999977 0.00000000099999999977 0.99999999099999992147 0.00000000099999999977 
0.00000000099999999985 0.00000000099999999985 0.00000000099999999985 0.00000000099999999985 0.00000000099999999985 0.00000000099999999985 0.00000000099999999985 0.00000000099999999985 0.00000000099999999985 0.99999999099999992147 
0.00000000099999999990 0.00000000099999999990 0.16218996922295300656 0.00000000099999999990 0.51263247588058735715 0.00000000099999999990 0.00000000099999999990 0.00000000099999999990 0.32517754789645969549 0.00000000099999999990 
