0.00000000099999999999 0.00000000223909569423 0.58801110691605618097 0.00000000099999999999 0.08531577276824633960 0.32667311407660198919 0.00000000099999999999 0.00000000099999999999 
0.00292613749187952332 0.57015528445592811302 0.00000000099999999997 0.00000000099999999997 0.41641493538097551497 0.00000000099999999997 0.01050363867121687292 0.00000000099999999997 
0.00000000099999999998 0.82945622263073115477 0.16743086757539829557 0.00000000099999999998 0.00000000099999999998 0.00000000099999999998 0.00000000099999999998 0.00311290479387066679 
0.00000000099999999996 0.88276445913704271184 0.11723553482717968821 0.00000000099999999996 0.00000000103577766624 0.00000000099999999996 0.00000000099999999996 0.00000000099999999996 
0.00000000099999999985 0.00000000099999999985 0.00000000099999999985 0.00000000099999999985 0.99999999299999997593 0.00000000099999999985 0.00000000099999999985 0.00000000099999999985 
0.00000000099999999991 0.99999999300000019797 0.00000000099999999991 0.00000000099999999991 0.00000000099999999991 0.00000000099999999991 0.00000000099999999991 0.00000000099999999991 
0.00000000099999999986 0.00000000099999999986 0.00000000099999999986 0.00000000099999999986 0.00000000099999999986 0.00000000099999999986 0.02740859434541537479 0.97259139965458463184 
0.53343520496804508468 0.00000000099999999989 0.46656478903195491847 0.00000000099999999989 0.00000000099999999989 0.00000000099999999989 0.00000000099999999989 0.00000000099999999989 
0.07095602234539290232 0.50466227467828450592 0.00000000099999999994 0.01142059616584196330 0.41296110281048081792 0.00000000099999999994 0.00000000099999999994 0.00000000099999999994 
0.00000000099999999985 0.00000000099999999985 0.00000000099999999985 0.00000000099999999985 0.00000000099999999985 0.00000000099999999985 0.00000000099999999985 0.99999999300000008695 
0.00000000099999999990 0.00000000099999999990 0.00000000099999999990 0.00000000099999999990 0.00000000099999999990 0.00000000099999999990 0.00000000099999999990 0.99999999299999997593 
0.00000000099999999993 0.00000000099999999993 0.00000000099999999993 0.00000000099999999993 0.00000000099999999993 0.00000000099999999993 0.00000000099999999993 0.99999999300000008695 
0.00000000099999999984 0.00000000099999999984 0.00000000099999999984 0.00000000099999999984 0.00000000099999999984 0.00000000099999999984 0.99999999299999986491 0.00000000099999999984 
0.00000000099999999997 0.00000000099999999997 0.00000000099999999997 0.00000000099999999997 0.13840862851239935094 0.16531211371075721361 0.14387944221671428169 0.55239981156012907260 
0.17044845873566166761 0.00000000099999999998 0.00000000099999999998 0.00000000099999999998 0.00000000099999999998 0.40952692735624529607 0.42002460890809301119 0.00000000099999999998 
0.00000000099999999988 0.00000000099999999988 0.00000000099999999988 0.00000000099999999988 0.00000000099999999988 0.00000000099999999988 0.00000000099999999988 0.99999999299999997593 
0.11096280533364802356 0.00000000099999999997 0.00000000099999999997 0.00000000099999999997 0.00000000099999999997 0.24131848401999350662 0.20270615030562916248 0.44501255634072939271 
0.21395845447006689444 0.00003077408229403745 0.33946019008985156562 0.00000000099999999999 0.01438117903012219555 0.23804486937964880466 0.19412453094801651599 0.00000000099999999999 
0.00000000099999999966 0.00000000099999999966 0.00000000099999999966 0.00000000099999999966 0.00000000099999999966 0.99999999299999997593 0.00000000099999999966 0.00000000099999999966 
0.00000000099999999996 0.00000000099999999996 0.00000000099999999996 0.00000000099999999996 0.00000000099999999996 0.49448250499768653388 0.50551748900231352479 0.00000000099999999996 
0.00000000099999999970 0.00000000099999999970 0.00000000099999999970 0.00000000099999999970 0.00000000099999999970 0.00000000099999999970 0.99999999299999997593 0.00000000099999999970 
0.00000000099999999990 0.00000000099999999990 0.00000000099999999990 0.00000000099999999990 0.00000000099999999990 0.00000000099999999990 0.02205281142758749521 0.97794718257241253223 
0.00000000099999999975 0.00000000099999999975 0.00000000099999999975 0.00000000099999999975 0.00000000099999999975 0.99999999300000008695 0.00000000099999999975 0.00000000099999999975 
0.00000000099999999996 0.87202227751114846921 0.09805495431890140501 0.00000000099999999996 0.00000000099999999996 0.00000000099999999996 0.02992276316995034005 0.00000000099999999996 
0.00000000099999999989 0.00000000099999999989 0.00000000099999999989 0.00000000099999999989 0.00000000099999999989 0.00000000099999999989 0.02641545004311179196 0.97358454395688809324 
0.00000000099999999991 0.00000000099999999991 0.00000000099999999991 0.00000000099999999991 0.00000000099999999991 0.00000000099999999991 0.00000000697239360155 0.99999998702760650726 
0.00000000099999999991 0.00000000099999999991 0.00000000099999999991 0.00000000099999999991 0.00000000099999999991 0.00000000099999999991 0.99999999299999986491 0.00000000099999999991 
0.05282265926539340961 0.71886086372732937999 0.00000000099999999999 0.00025959197913547261 0.19780009645199772561 0.00336683445518725852 0.02688995212095665263 0.00000000099999999999 
0.00000000099999999995 0.53562397073592604713 0.08735449003235797039 0.00000000099999999995 0.37702153423171608226 0.00000000099999999995 0.00000000099999999995 0.00000000099999999995 
0.00000000099999999998 0.00000000099999999998 0.00000000099999999998 0.00000000099999999998 0.00000000099999999998 0.00000000099999999998 0.00000000099999999998 0.99999999299999997593 
0.07767230293532949303 0.00000000099999999999 0.00658985603022597434 0.00000425932400632806 0.00000000099999999999 0.03361068342496222050 0.00000000099999999999 0.88212289528547593864 
0.00000000099999999994 0.00000000099999999994 0.00000000099999999994 0.01495131763665592285 0.00000000099999999994 0.01707410576733998930 0.03437370631253482828 0.93360086628346938831 
0.03945102604237313987 0.55945524196482721013 0.00000000099999999998 0.00000000099999999998 0.33383921596268029131 0.00000000099999999998 0.06725451203011940937 0.00000000099999999998 
0.00000000099999999976 0.00000000099999999976 0.00000000099999999976 0.99999999300000008695 0.00000000099999999976 0.00000000099999999976 0.00000000099999999976 0.00000000099999999976 
0.00006785763906469158 0.47255554561383888990 0.10910289926337646271 0.04026844931841808140 0.37153109720978594321 0.00000000099999999999 0.00647414895551602382 0.00000000099999999999 
0.00000000099999999993 0.00000000099999999993 0.00000000099999999993 0.00000000099999999993 0.00000000099999999993 0.00076505306816777884 0.00000000099999999993 0.99923494093183229392 
0.00000000099999999981 0.00000000099999999981 0.00000000099999999981 0.00000000099999999981 0.00000000099999999981 0.99999999300000008695 0.00000000099999999981 0.00000000099999999981 
0.00000000099999999960 0.00000000099999999960 0.00000000099999999960 0.99999999299999997593 0.00000000099999999960 0.00000000099999999960 0.00000000099999999960 0.00000000099999999960 
0.00000000099999999993 0.00000000099999999993 0.00000000099999999993 0.00000000099999999993 0.00000000099999999993 0.00000000099999999993 0.00000000099999999993 0.99999999299999997593 
0.00000000099999999989 0.00000000099999999989 0.00000000099999999989 0.00000000099999999989 0.00000000099999999989 0.00758293807677287626 0.00000000099999999989 0.99241705592322715379 
0.00000000099999999991 0.00000000099999999991 0.00000000099999999991 0.00000000099999999991 0.00000000099999999991 0.00000000099999999991 0.04167542896828866500 0.95832456503171137285 
0.53058535188887878675 0.00000000099999999990 0.46941464211112138294 0.00000000099999999990 0.00000000099999999990 0.00000000099999999990 0.00000000099999999990 0.00000000099999999990 
0.36517591033409613210 0.00000000099999999999 0.47155512115137421247 0.00276387142643622942 0.07594065023058672870 0.00000000099999999999 0.00000000099999999999 0.08456444385750669368 
0.00000000099999999989 0.00000000099999999989 0.00000000099999999989 0.00000000099999999989 0.00000000099999999989 0.00000000099999999989 0.99999999299999997593 0.00000000099999999989 
0.00000000099999999997 0.26224108749954910813 0.01502756851715733068 0.00000000099999999997 0.24064579204157751646 0.00000000099999999997 0.48208554794171598612 0.00000000099999999997 
0.99999999300000008695 0.00000000099999999986 0.00000000099999999986 0.00000000099999999986 0.00000000099999999986 0.00000000099999999986 0.00000000099999999986 0.00000000099999999986 
0.00000000099999999997 0.00000000099999999997 0.00000000099999999997 0.00858392555704805445 0.00000000099999999997 0.00000000099999999997 0.01057263485674824789 0.98084343458620359968 
0.00000000099999999977 0.00000000099999999977 0.99999999300000008695 0.00000000099999999977 0.00000000099999999977 0.00000000099999999977 0.00000000099999999977 0.00000000099999999977 
0.99999999300000008695 0.00000000099999999987 0.00000000099999999987 0.00000000099999999987 0.00000000099999999987 0.00000000099999999987 0.00000000099999999987 0.00000000099999999987 
0.99999999300000008695 0.00000000099999999985 0.00000000099999999985 0.00000000099999999985 0.00000000099999999985 0.00000000099999999985 0.00000000099999999985 0.00000000099999999985 
0.14049262060576500621 0.56400953854624502615 0.00000000099999999997 0.02183982628150591895 0.27365801056648403344 0.00000000099999999997 0.00000000099999999997 0.00000000099999999997 
0.74875696077497522207 0.00000000099999999985 0.25124303322502500313 0.00000000099999999985 0.00000000099999999985 0.00000000099999999985 0.00000000099999999985 0.00000000099999999985 
0.54496714861605022318 0.00000001079337652873 0.45503283559057339236 0.00000000099999999990 0.00000000099999999990 0.00000000099999999990 0.00000000099999999990 0.00000000099999999990 
0.00000000099999999990 0.00000000099999999990 0.00000000099999999990 0.00078188171849395899 0.00000000099999999990 0.00022300622583884284 0.48095593418952636844 0.51803917386614084517 
0.17428114261159050047 0.82571884369451575836 0.00000000099999999998 0.00000000099999999998 0.00000000099999999998 0.00000000099999999998 0.00000000869389387271 0.00000000099999999998 
0.04339671291267681308 0.40291893595977157361 0.55368434183116310709 0.00000000529638868060 0.00000000099999999997 0.00000000099999999997 0.00000000099999999997 0.00000000099999999997 
0.99999999300000019797 0.00000000099999999988 0.00000000099999999988 0.00000000099999999988 0.00000000099999999988 0.00000000099999999988 0.00000000099999999988 0.00000000099999999988 
0.00000000099999999996 0.71553349215220418689 0.02932630534903307024 0.00420127355003838479 0.25093892494872432897 0.00000000099999999996 0.00000000099999999996 0.00000000099999999996 
0.00000000099999999978 0.00000000099999999978 0.99999999300000008695 0.00000000099999999978 0.00000000099999999978 0.00000000099999999978 0.00000000099999999978 0.00000000099999999978 
0.00000000099999999990 0.99999999300000019797 0.00000000099999999990 0.00000000099999999990 0.00000000099999999990 0.00000000099999999990 0.00000000099999999990 0.00000000099999999990 
0.00000000099999999992 0.94420380939775550022 0.05579618460224453763 0.00000000099999999992 0.00000000099999999992 0.00000000099999999992 0.00000000099999999992 0.00000000099999999992 
0.72157300375123867298 0.00946190062546596079 0.25345481557980598097 0.00000000099999999995 0.01551027604348957124 0.00000000099999999995 0.00000000099999999995 0.00000000099999999995 
0.00000000099999999979 0.00000000099999999979 0.99999999300000008695 0.00000000099999999979 0.00000000099999999979 0.00000000099999999979 0.00000000099999999979 0.00000000099999999979 
0.00000000099999999998 0.00000000099999999998 0.00451105973523994140 0.00000000099999999998 0.00221951842193185813 0.91949544655468351539 0.00000000099999999998 0.07377397128814479343 
0.00000000099999999993 0.57444652573181309574 0.06627536752261617425 0.00000000099999999993 0.35927810174557089917 0.00000000099999999993 0.00000000099999999993 0.00000000099999999993 
0.00000000099999999988 0.00000000099999999988 0.99999999300000008695 0.00000000099999999988 0.00000000099999999988 0.00000000099999999988 0.00000000099999999988 0.00000000099999999988 
0.00000000099999999982 0.00000000099999999982 0.00000000099999999982 0.00000000099999999982 0.00000000099999999982 0.99999999299999997593 0.00000000099999999982 0.00000000099999999982 
0.00000000099999999994 0.00000000099999999994 0.00000000099999999994 0.00939299822800554636 0.00000000099999999994 0.00000000099999999994 0.00000000099999999994 0.99060699577199440302 
0.00000000099999999995 0.60455034431387055793 0.00469864813577055250 0.00000000099999999995 0.39075100255035882801 0.00000000099999999995 0.00000000099999999995 0.00000000099999999995 
0.00000000099999999990 0.00000000099999999990 0.00000000099999999990 0.00000000099999999990 0.00000000099999999990 0.99999999299999997593 0.00000000099999999990 0.00000000099999999990 
0.00000000099999999986 0.00000000099999999986 0.00000000099999999986 0.00000000099999999986 0.00000000099999999986 0.99886045447043192436 0.00113953952956812087 0.00000000099999999986 
0.00000000099999999994 0.00000000099999999994 0.00000000099999999994 0.00000000099999999994 0.00000000099999999994 0.97794790763125305499 0.00000000099999999994 0.02205208636874705919 
0.00000000099999999988 0.00000000099999999988 0.00000000099999999988 0.00000000099999999988 0.00000000099999999988 0.00000000099999999988 0.99999999299999986491 0.00000000099999999988 
0.00000000099999999991 0.00000000099999999991 0.00000000099999999991 0.00313845206070948336 0.00000000099999999991 0.37683142640655725719 0.62003011653273321091 0.00000000099999999991 
0.00000000099999999999 0.00000000099999999999 0.15510079215076194581 0.02258855713071742516 0.00000000099999999999 0.27071374883196730465 0.52659299520944058415 0.02500390367711266548 
0.00000000099999999990 0.00000000099999999990 0.00000000099999999990 0.00000000099999999990 0.00000000099999999990 0.00000000099999999990 0.99999999299999997593 0.00000000099999999990 
0.00000000099999999989 0.00000000099999999989 0.00000000099999999989 0.00000000099999999989 0.00000000099999999989 0.00000000099999999989 0.00000000099999999989 0.99999999299999997593 
0.00000000099999999981 0.00000000099999999981 0.00000000099999999981 0.00000000099999999981 0.00000000099999999981 0.99999999300000008695 0.00000000099999999981 0.00000000099999999981 
0.00000000099999999986 0.00000000099999999986 0.00000000099999999986 0.01891560075876667565 0.00000000099999999986 0.34022773689125795915 0.64085665734997532272 0.00000000099999999986 
0.00000000099999999989 0.00000000099999999989 0.00000000099999999989 0.02441930278430323037 0.00000000099999999989 0.37383355636424175916 0.60174713585145489514 0.00000000099999999989 
0.00000000099999999998 0.00000000099999999998 0.00000000099999999998 0.03720741887573075779 0.00000000099999999998 0.85218825427514788284 0.03808872687293887727 0.07251559597618259523 
0.00000000100000000000 0.10353408567915277361 0.00000000100000000000 0.00923970046650919065 0.10073586018272571996 0.07487595494612492297 0.55073644581035419154 0.16087795091513329426 
0.00000000099999999999 0.14359245013104407485 0.00000000662134144553 0.00083032607514690339 0.00000000099999999999 0.06804823991661489158 0.00000000099999999999 0.78752897425585277613 
0.00000000099999999989 0.00000000099999999989 0.00000000099999999989 0.00000000099999999989 0.00000000099999999989 0.00000000099999999989 0.99999999299999997593 0.00000000099999999989 
0.00000000099999999996 0.00000000099999999996 0.00000000099999999996 0.00971104082916037642 0.00000000099999999996 0.99028895317083953653 0.00000000099999999996 0.00000000099999999996 
0.00000000099999999987 0.00000000099999999987 0.00000000099999999987 0.00000000099999999987 0.00000000099999999987 0.00000000099999999987 0.00000000099999999987 0.99999999300000008695 
0.00000000099999999995 0.00000000099999999995 0.00000000099999999995 0.00000000099999999995 0.00000000099999999995 0.03465240569604155496 0.03501969320101857436 0.93032789610293986637 
0.00000000099999999986 0.00000000099999999986 0.00000000099999999986 0.00000000099999999986 0.00000000099999999986 0.00000000099999999986 0.99999999299999997593 0.00000000099999999986 
0.00000000099999999993 0.00000000099999999993 0.00000000099999999993 0.00000000099999999993 0.00000000099999999993 0.01205672949669134297 0.00385600379694466151 0.98408726170636406927 
0.00000000099999999990 0.00000000099999999990 0.00000000099999999990 0.01039935354082182489 0.00000000099999999990 0.36769671374588575041 0.62190392771329228161 0.00000000099999999990 
0.00000000099999999997 0.00000000099999999997 0.04389502589132804333 0.00000000099999999997 0.00000000099999999997 0.00000000099999999997 0.95610496810867195983 0.00000000099999999997 
0.00000000099999999989 0.00000000099999999989 0.00000000099999999989 0.00000000099999999989 0.00000000099999999989 0.93192909415654967553 0.00000000099999999989 0.06807089984345045253 
0.00000000099999999996 0.00000000099999999996 0.00000000099999999996 0.00000000099999999996 0.00000000099999999996 0.00000000099999999996 0.98836053324738404324 0.01163946075261578297 
0.00000000099999999992 0.00000000099999999992 0.00000000099999999992 0.00000000099999999992 0.00000000099999999992 0.04875686790063077369 0.01830560301135633963 0.93293752408801289278 
0.99999999300000008695 0.00000000099999999985 0.00000000099999999985 0.00000000099999999985 0.00000000099999999985 0.00000000099999999985 0.00000000099999999985 0.00000000099999999985 
0.62756467141618865746 0.00000000099999999981 0.37243532258381129019 0.00000000099999999981 0.00000000099999999981 0.00000000099999999981 0.00000000099999999981 0.00000000099999999981 
0.01619901015634006222 0.90101831298140866444 0.00000000099999999995 0.02641953067931475732 0.05636314218293663608 0.00000000099999999995 0.00000000099999999995 0.00000000099999999995 
0.00000000099999999992 0.94000367776820292764 0.05999631623179719347 0.00000000099999999992 0.00000000099999999992 0.00000000099999999992 0.00000000099999999992 0.00000000099999999992 
0.00000000100000000000 0.00000000100000000000 0.03778125738359939395 0.04720441216581217764 0.00000000100000000000 0.90857628138495860615 0.00635784033753791257 0.00008020572809178820 
0.00000000099999999996 0.51611408741905906439 0.10148387026995175919 0.00000000099999999996 0.30593861800296334730 0.00000000099999999996 0.07646342030802590062 0.00000000099999999996 
0.00000000099999999984 0.00000000099999999984 0.00000000099999999984 0.00000000099999999984 0.99999999300000008695 0.00000000099999999984 0.00000000099999999984 0.00000000099999999984 
0.12594101572961372004 0.00000000099999999998 0.00000000099999999998 0.00304504070404134665 0.00000000099999999998 0.85810267182637123273 0.00000000099999999998 0.01291126773997370962 
0.04001162243397098084 0.54245060475399642375 0.07348896069829745359 0.02049123131039355672 0.19703408983342440841 0.00000000099999999999 0.02432502078512976951 0.10219846918478747710 
0.99999999300000019797 0.00000000099999999982 0.00000000099999999982 0.00000000099999999982 0.00000000099999999982 0.00000000099999999982 0.00000000099999999982 0.00000000099999999982 
0.08918566141673858749 0.00000000099999999998 0.00000000099999999998 0.00000000099999999998 0.09378490570087782974 0.81702942788238364091 0.00000000099999999998 0.00000000099999999998 
0.00000000099999999988 0.00000000099999999988 0.00000000099999999988 0.00000000099999999988 0.00000000099999999988 0.08508047927982775871 0.02202530615767236966 0.89289420956249976324 
0.00000000099999999982 0.00000000099999999982 0.00000000099999999982 0.00000000099999999982 0.00000000099999999982 0.99999999300000008695 0.00000000099999999982 0.00000000099999999982 
0.00000000099999999985 0.00000000099999999985 0.00000000099999999985 0.00000000099999999985 0.00000000099999999985 0.00000000099999999985 0.99999999299999997593 0.00000000099999999985 
0.00000000099999999994 0.00000000099999999994 0.00000000099999999994 0.00000000099999999994 0.00000000099999999994 0.00000000099999999994 0.00000000099999999994 0.99999999299999997593 
0.00000000099999999993 0.98655668766152293525 0.01344330633847723618 0.00000000099999999993 0.00000000099999999993 0.00000000099999999993 0.00000000099999999993 0.00000000099999999993 
0.00000037949129707240 0.47126552851745595607 0.04082307703425198248 0.00000000100000000000 0.31557701005447469367 0.17233400003152077318 0.00000000287099956699 0.00000000100000000000 
0.01649429284008548449 0.98350570115991464704 0.00000000099999999995 0.00000000099999999995 0.00000000099999999995 0.00000000099999999995 0.00000000099999999995 0.00000000099999999995 
0.00000000099999999986 0.00000000099999999986 0.00000000099999999986 0.00000000099999999986 0.99999999299999997593 0.00000000099999999986 0.00000000099999999986 0.00000000099999999986 
0.00000000099999999996 0.92133141622689540551 0.07866857777310483357 0.00000000099999999996 0.00000000099999999996 0.00000000099999999996 0.00000000099999999996 0.00000000099999999996 
0.08937173241784990285 0.43927881546666508461 0.00000000099999999991 0.00000000099999999991 0.47134944711548504293 0.00000000099999999991 0.00000000099999999991 0.00000000099999999991 
0.00000000099999999993 0.00000000099999999993 0.00000000099999999993 0.00000000099999999993 0.00000000099999999993 0.02467941881585413583 0.00764897861307366287 0.96767159757107212847 
0.00000000099999999993 0.00000000099999999993 0.00000000099999999993 0.00000000099999999993 0.00000000099999999993 0.00000000099999999993 0.99999999299999986491 0.00000000099999999993 
0.00000000099999999992 0.00000000099999999992 0.00000000099999999992 0.00000000099999999992 0.00000000099999999992 0.01458575210201028434 0.00000000099999999992 0.98541424189798965116 
0.00000000099999999995 0.00000000099999999995 0.00000000099999999995 0.00000000099999999995 0.00000000099999999995 0.00000000099999999995 0.00000000099999999995 0.99999999299999997593 
0.00000000099999999984 0.00000000099999999984 0.00000000099999999984 0.00000000099999999984 0.00000000099999999984 0.00000000099999999984 0.99999999299999986491 0.00000000099999999984 
0.00000000099999999974 0.00000000099999999974 0.00000000099999999974 0.00000000099999999974 0.00000000099999999974 0.99999999299999997593 0.00000000099999999974 0.00000000099999999974 
0.00000000099999999983 0.00000000099999999983 0.00000000099999999983 0.00000000099999999983 0.00000000099999999983 0.99999999300000008695 0.00000000099999999983 0.00000000099999999983 
0.00000000099999999984 0.00000000099999999984 0.00000000099999999984 0.00000000099999999984 0.00000000099999999984 0.00000000099999999984 0.00000000099999999984 0.99999999299999997593 
0.00000000099999999989 0.00000000099999999989 0.00000000099999999989 0.00000000099999999989 0.00000000099999999989 0.00000000099999999989 0.00000000099999999989 0.99999999300000008695 
0.00000000099999999986 0.00000000099999999986 0.00000000099999999986 0.00000000099999999986 0.00000000099999999986 0.00000000099999999986 0.00000000099999999986 0.99999999299999997593 
0.00000000099999999984 0.00000000099999999984 0.00000000099999999984 0.00000000099999999984 0.00000000099999999984 0.99999999299999997593 0.00000000099999999984 0.00000000099999999984 
0.00000000099999999995 0.00000000099999999995 0.00000000099999999995 0.00000000099999999995 0.00000000099999999995 0.96107731794955797433 0.00000000099999999995 0.03892267605044214679 
0.00000000099999999987 0.00000000099999999987 0.00000000099999999987 0.00000000099999999987 0.00000000099999999987 0.00000000099999999987 0.00000000099999999987 0.99999999300000008695 
0.00000000099999999986 0.00000000099999999986 0.00000000099999999986 0.00000000099999999986 0.00000000099999999986 0.00000000099999999986 0.99999999299999997593 0.00000000099999999986 
0.00000000099999999997 0.00000000099999999997 0.00000000099999999997 0.03358062899406506763 0.00000000099999999997 0.03072623809224368438 0.05783826904046102807 0.87785485987323019774 
0.00000000099999999977 0.00000000099999999977 0.00000000099999999977 0.00000000099999999977 0.00000000099999999977 0.99999999300000008695 0.00000000099999999977 0.00000000099999999977 
0.00000000099999999986 0.00000000099999999986 0.00000000099999999986 0.00000000099999999986 0.00000000099999999986 0.00000000099999999986 0.00000000099999999986 0.99999999299999997593 
0.04510027670134756500 0.42058840642228140227 0.05476142192858520635 0.01669936744005404497 0.44337495900221268741 0.00000000099999999999 0.01947556650551903260 0.00000000099999999999 
0.00000000099999999991 0.00000000099999999991 0.00000000099999999991 0.00000000099999999991 0.00000000099999999991 0.83300092242721823776 0.15889552823698782635 0.00810354433579384831 
0.00753438232342696409 0.91757316425798840509 0.00000000099999999998 0.00720574283917916648 0.00000000099999999998 0.00000000099999999998 0.00000000099999999998 0.06768670657940557833 
0.00000000099999999977 0.00000000099999999977 0.00000000099999999977 0.00000000099999999977 0.00000000099999999977 0.99999999299999997593 0.00000000099999999977 0.00000000099999999977 
0.00000000099999999991 0.00000000099999999991 0.00000000099999999991 0.00000000099999999991 0.00000000099999999991 0.00000000099999999991 0.00000000099999999991 0.99999999299999997593 
0.00000000099999999986 0.00000000099999999986 0.00000000099999999986 0.00000000099999999986 0.00000000099999999986 0.00000000099999999986 0.00000000099999999986 0.99999999300000008695 
0.00000000099999999982 0.00000000099999999982 0.00000000099999999982 0.00000000099999999982 0.00000000099999999982 0.99999999299999997593 0.00000000099999999982 0.00000000099999999982 
0.00000000099999999987 0.00000000099999999987 0.00000000099999999987 0.00000000099999999987 0.00000000099999999987 0.00000000099999999987 0.00000000099999999987 0.99999999300000008695 
0.00000000100000000000 0.18754602339680603862 0.04553229272275195055 0.07063767872471472808 0.00000000100000000000 0.01140773185387272681 0.04411821455182476925 0.64075805675002972528 
0.00000000099999999986 0.00000000099999999986 0.00000000099999999986 0.00000000099999999986 0.00000000099999999986 0.99999999300000008695 0.00000000099999999986 0.00000000099999999986 
0.00000000099999999998 0.00000000099999999998 0.00000000099999999998 0.00000000099999999998 0.00000000099999999998 0.00000323565989737088 0.00000000099999999998 0.99999675834010259834 
0.45012363637282826190 0.00000000099999999996 0.41857849738483321467 0.00000000099999999996 0.13129786124233855382 0.00000000099999999996 0.00000000099999999996 0.00000000099999999996 
0.00000000099999999955 0.00000000099999999955 0.00000000099999999955 0.99999999300000008695 0.00000000099999999955 0.00000000099999999955 0.00000000099999999955 0.00000000099999999955 
0.00000000099999999989 0.99999999300000019797 0.00000000099999999989 0.00000000099999999989 0.00000000099999999989 0.00000000099999999989 0.00000000099999999989 0.00000000099999999989 
0.05836017068343029440 0.54808841711288946996 0.00000000099999999993 0.00000000099999999993 0.39355140720368031459 0.00000000099999999993 0.00000000099999999993 0.00000000099999999993 
0.00000000099999999983 0.00000000099999999983 0.00000000099999999983 0.00000000099999999983 0.99999999299999997593 0.00000000099999999983 0.00000000099999999983 0.00000000099999999983 
0.03739342173343536413 0.68582055514876549829 0.00000000099999999996 0.00000000099999999996 0.27678601811779912634 0.00000000099999999996 0.00000000099999999996 0.00000000099999999996 
0.00000000099999999997 0.66815665928277245822 0.07676493932365652251 0.00000000099999999997 0.24330840534317055290 0.01176999205040057603 0.00000000099999999997 0.00000000099999999997 
0.19679375101198193221 0.65995401133556264028 0.00000000100000000000 0.00682159596153449847 0.03657022426681346555 0.02139481479797096519 0.00000000100000000000 0.07846560062613644471 
0.00000000099999999990 0.99999999300000019797 0.00000000099999999990 0.00000000099999999990 0.00000000099999999990 0.00000000099999999990 0.00000000099999999990 0.00000000099999999990 
0.00000000099999999976 0.00000000099999999976 0.00000000099999999976 0.00000000099999999976 0.00000000099999999976 0.99999999299999997593 0.00000000099999999976 0.00000000099999999976 
0.05519731166224837310 0.56524923259370807305 0.00000000099999999997 0.01183163442719217459 0.36772181731685155137 0.00000000099999999997 0.00000000099999999997 0.00000000099999999997 
0.00000000099999999957 0.00000000099999999957 0.00000000099999999957 0.99999999299999997593 0.00000000099999999957 0.00000000099999999957 0.00000000099999999957 0.00000000099999999957 
0.02747835780293025540 0.97252163619706977205 0.00000000099999999992 0.00000000099999999992 0.00000000099999999992 0.00000000099999999992 0.00000000099999999992 0.00000000099999999992 
0.62938195852424283494 0.00000000099999999990 0.37061803547575722373 0.00000000099999999990 0.00000000099999999990 0.00000000099999999990 0.00000000099999999990 0.00000000099999999990 
0.00000000099999999987 0.00000000099999999987 0.00000000099999999987 0.00000000099999999987 0.00000000099999999987 0.00000000099999999987 0.00000000099999999987 0.99999999299999997593 
0.00000000099999999978 0.00000000099999999978 0.99999999300000008695 0.00000000099999999978 0.00000000099999999978 0.00000000099999999978 0.00000000099999999978 0.00000000099999999978 
0.55105134932993082852 0.00000000099999999989 0.44894864467006939668 0.00000000099999999989 0.00000000099999999989 0.00000000099999999989 0.00000000099999999989 0.00000000099999999989 
0.07617582906286277100 0.90870012574993652699 0.00000000099999999999 0.00362194222537956002 0.00001206083123711279 0.00000000099999999999 0.01149003913058411867 0.00000000099999999999 
0.05507333260242659734 0.39248897510217345408 0.00002425037234642139 0.00000000099999999996 0.54161186769505953453 0.00000000099999999996 0.01080157122799399634 0.00000000099999999996 
0.45420312258890149781 0.00000000099999999989 0.54579687141109856086 0.00000000099999999989 0.00000000099999999989 0.00000000099999999989 0.00000000099999999989 0.00000000099999999989 
0.56105349572050366991 0.00000000099999999989 0.43894649827949638876 0.00000000099999999989 0.00000000099999999989 0.00000000099999999989 0.00000000099999999989 0.00000000099999999989 
0.00000000099999999984 0.00000000099999999984 0.00000000099999999984 0.00000000099999999984 0.99999999300000008695 0.00000000099999999984 0.00000000099999999984 0.00000000099999999984 
0.00000000099999999986 0.00000000099999999986 0.00000000099999999986 0.00000000099999999986 0.00000000099999999986 0.00000000099999999986 0.00000000099999999986 0.99999999299999997593 
0.03561945599739738816 0.86813044378633541509 0.07844935228236578351 0.00000000099999999999 0.00000001046073854774 0.01780073447316308372 0.00000000099999999999 0.00000000099999999999 
0.46400420366806732764 0.00000000099999999988 0.53599579033193256450 0.00000000099999999988 0.00000000099999999988 0.00000000099999999988 0.00000000099999999988 0.00000000099999999988 
0.00001857471798164667 0.50363623593982131954 0.03622776409919408608 0.00499841786711226112 0.44477723818776826459 0.00000000099999999999 0.01034176718812246897 0.00000000099999999999 
0.06399287499421792147 0.57802962883028563557 0.00000000099999999997 0.00000000099999999997 0.35797749117549659825 0.00000000099999999997 0.00000000099999999997 0.00000000099999999997 
0.99999999300000019797 0.00000000099999999986 0.00000000099999999986 0.00000000099999999986 0.00000000099999999986 0.00000000099999999986 0.00000000099999999986 0.00000000099999999986 
0.00000000099999999988 0.00000000099999999988 0.00000000099999999988 0.00000000099999999988 0.00000000099999999988 0.00000000099999999988 0.00000000099999999988 0.99999999300000008695 
0.51117059097280326263 0.00000000099999999994 0.48882940302719685155 0.00000000099999999994 0.00000000099999999994 0.00000000099999999994 0.00000000099999999994 0.00000000099999999994 
0.01955475344953377936 0.97933664889537241915 0.00110859265509376855 0.00000000099999999996 0.00000000099999999996 0.00000000099999999996 0.00000000099999999996 0.00000000099999999996 
0.00000000099999999998 0.48882215920896820993 0.06536600947307827369 0.00000000099999999998 0.41582105882616937631 0.00000000099999999998 0.02999076849178416992 0.00000000099999999998 
0.05133717266801728074 0.57463131499096542498 0.00000000099999999995 0.00000000099999999995 0.37403150734101736630 0.00000000099999999995 0.00000000099999999995 0.00000000099999999995 
0.00000000099999999986 0.00000000099999999986 0.00000000099999999986 0.00000000099999999986 0.00000000099999999986 0.00000000099999999986 0.00000000099999999986 0.99999999300000008695 
0.07173044768851405406 0.44834649163790074589 0.00000000099999999997 0.00000000099999999997 0.34296065905157574472 0.00000000099999999997 0.13696239762200962398 0.00000000099999999997 
0.06146838264880271491 0.93853161135119744785 0.00000000099999999994 0.00000000099999999994 0.00000000099999999994 0.00000000099999999994 0.00000000099999999994 0.00000000099999999994 
0.00000000099999999993 0.60991539373843894900 0.00000000099999999993 0.00000000099999999993 0.39008460026156110967 0.00000000099999999993 0.00000000099999999993 0.00000000099999999993 
0.02798857664682361315 0.55816646179176188092 0.00000000099999999998 0.01001600136284526779 0.40382895619856934433 0.00000000099999999998 0.00000000099999999998 0.00000000099999999998 
0.83366734277983101098 0.14260816447849761213 0.01880276013243661545 0.00000000099999999998 0.00000000099999999998 0.00000000099999999998 0.00492172860923476788 0.00000000099999999998 
0.13867161284293264001 0.00000000099999999998 0.00000000099999999998 0.00000000099999999998 0.00000000099999999998 0.00000000099999999998 0.00000000099999999998 0.86132838115706744642 
0.04410108952671099036 0.60468725544099732883 0.00000000099999999998 0.00000000099999999998 0.28667238068314604416 0.00000000099999999998 0.06453927034914572203 0.00000000099999999998 
0.00000000099999999971 0.00000000099999999971 0.99999999300000008695 0.00000000099999999971 0.00000000099999999971 0.00000000099999999971 0.00000000099999999971 0.00000000099999999971 
0.74709018331269749780 0.00000000099999999997 0.22030748863430163476 0.00000000099999999997 0.03260232305300096722 0.00000000099999999997 0.00000000099999999997 0.00000000099999999997 
0.37662031801093009964 0.18634627873410331000 0.25903164494087627112 0.00000000099999999999 0.12570903072601050110 0.05229272458807987523 0.00000000099999999999 0.00000000099999999999 
0.00000000099999999998 0.00008437574482961955 0.46688844311299571022 0.00000000099999999998 0.07228600938998706871 0.00000000099999999998 0.06118062366571996868 0.39956054508646771106 
0.00000000099999999977 0.00000000099999999977 0.00000000099999999977 0.00000000099999999977 0.99999999299999997593 0.00000000099999999977 0.00000000099999999977 0.00000000099999999977 
0.11677888422548113323 0.39416837156655154528 0.00000000100000000000 0.02282938904480234787 0.00000000100000000000 0.06046316942391025129 0.00000000100000000000 0.40576018273925490432 
0.04885339039274774059 0.46957823813112631317 0.00000000099999999998 0.00000000099999999998 0.27853752759233452174 0.00000000099999999998 0.20303083988379147518 0.00000000099999999998 
0.00000000099999999991 0.00000000099999999991 0.00000000099999999991 0.00000000099999999991 0.99999999299999997593 0.00000000099999999991 0.00000000099999999991 0.00000000099999999991 
0.00000000099999999998 0.41995117716049618073 0.06451836758263715388 0.00000000099999999998 0.16154749291387132670 0.00000000099999999998 0.00114911895824040735 0.35283384038475501532 
0.40445564770757463924 0.00000126655811352856 0.00000000099999999997 0.00000000099999999997 0.59554308073431172499 0.00000000099999999997 0.00000000099999999997 0.00000000099999999997 
0.00000000099999999998 0.00000000099999999998 0.00000000099999999998 0.00000000099999999998 0.18977234692809094585 0.81022764707190908506 0.00000000099999999998 0.00000000099999999998 
0.00000000099999999985 0.00000000099999999985 0.00000000099999999985 0.00000000099999999985 0.00000000099999999985 0.00000000099999999985 0.99999999299999997593 0.00000000099999999985 
0.00000000099999999995 0.91264772567336704956 0.08735226832663307850 0.00000000099999999995 0.00000000099999999995 0.00000000099999999995 0.00000000099999999995 0.00000000099999999995 
0.99999999300000019797 0.00000000099999999986 0.00000000099999999986 0.00000000099999999986 0.00000000099999999986 0.00000000099999999986 0.00000000099999999986 0.00000000099999999986 
0.99999999300000019797 0.00000000099999999988 0.00000000099999999988 0.00000000099999999988 0.00000000099999999988 0.00000000099999999988 0.00000000099999999988 0.00000000099999999988 
0.99999999300000008695 0.00000000099999999986 0.00000000099999999986 0.00000000099999999986 0.00000000099999999986 0.00000000099999999986 0.00000000099999999986 0.00000000099999999986 
0.00000000099999999984 0.00000000099999999984 0.00000000099999999984 0.99999999299999997593 0.00000000099999999984 0.00000000099999999984 0.00000000099999999984 0.00000000099999999984 
0.00000000099999999997 0.93348031255632235581 0.06651968144367782776 0.00000000099999999997 0.00000000099999999997 0.00000000099999999997 0.00000000099999999997 0.00000000099999999997 
0.00000000099999999991 0.99999999300000019797 0.00000000099999999991 0.00000000099999999991 0.00000000099999999991 0.00000000099999999991 0.00000000099999999991 0.00000000099999999991 
0.68598230422146733165 0.00000000099999999995 0.23634589116842821821 0.01286848401511038811 0.06480331659499431740 0.00000000099999999995 0.00000000099999999995 0.00000000099999999995 
0.00000000099999999997 0.50774073760982019188 0.12480474302140900922 0.00000000099999999997 0.36745451436877074602 0.00000000099999999997 0.00000000099999999997 0.00000000099999999997 
0.54107761410777721611 0.00000000099999999989 0.45892237989222300909 0.00000000099999999989 0.00000000099999999989 0.00000000099999999989 0.00000000099999999989 0.00000000099999999989 
0.00000000099999999955 0.00000000099999999955 0.00000000099999999955 0.99999999299999997593 0.00000000099999999955 0.00000000099999999955 0.00000000099999999955 0.00000000099999999955 
0.00000000099999999979 0.00000000099999999979 0.99999999300000008695 0.00000000099999999979 0.00000000099999999979 0.00000000099999999979 0.00000000099999999979 0.00000000099999999979 
0.99999999300000008695 0.00000000099999999989 0.00000000099999999989 0.00000000099999999989 0.00000000099999999989 0.00000000099999999989 0.00000000099999999989 0.00000000099999999989 
0.00000000099999999956 0.00000000099999999956 0.00000000099999999956 0.99999999300000008695 0.00000000099999999956 0.00000000099999999956 0.00000000099999999956 0.00000000099999999956 
0.00000000099999999976 0.00000000099999999976 0.00000000099999999976 0.99999999299999997593 0.00000000099999999976 0.00000000099999999976 0.00000000099999999976 0.00000000099999999976 
0.00000000099999999995 0.99999999300000008695 0.00000000099999999995 0.00000000099999999995 0.00000000099999999995 0.00000000099999999995 0.00000000099999999995 0.00000000099999999995 
0.99999999300000008695 0.00000000099999999979 0.00000000099999999979 0.00000000099999999979 0.00000000099999999979 0.00000000099999999979 0.00000000099999999979 0.00000000099999999979 
0.04495843378273740171 0.57410463781790443960 0.00000000099999999998 0.02155643367015066397 0.35938049072920758009 0.00000000099999999998 0.00000000099999999998 0.00000000099999999998 
0.99999999300000008695 0.00000000099999999984 0.00000000099999999984 0.00000000099999999984 0.00000000099999999984 0.00000000099999999984 0.00000000099999999984 0.00000000099999999984 
