0.14345879329552363446 0.00000000099999999998 0.19978674684462841005 0.00000000099999999998 0.33192460857550720732 0.00000000099999999998 0.00000000099999999998 0.00000000099999999998 0.32482984528434077909 0.00000000099999999998 
0.00000000099999999983 0.99999999100000025454 0.00000000099999999983 0.00000000099999999983 0.00000000099999999983 0.00000000099999999983 0.00000000099999999983 0.00000000099999999983 0.00000000099999999983 0.00000000099999999983 
0.00000000099999999985 0.99999999100000014352 0.00000000099999999985 0.00000000099999999985 0.00000000099999999985 0.00000000099999999985 0.00000000099999999985 0.00000000099999999985 0.00000000099999999985 0.00000000099999999985 
0.19599221805728286872 0.36147777359497318406 0.05788013130336024797 0.00000000099999999996 0.00000000099999999996 0.38439384983383212413 0.00025602221055157450 0.00000000099999999996 0.00000000099999999996 0.00000000099999999996 
0.41531277477336897563 0.19669530311780475396 0.00000000099999999994 0.00000000099999999994 0.10242346685200746925 0.28556844925681901248 0.00000000099999999994 0.00000000099999999994 0.00000000099999999994 0.00000000099999999994 
0.57454406686609493793 0.00000000099999999992 0.00000000099999999992 0.00000000099999999992 0.00000000099999999992 0.42545592513390523282 0.00000000099999999992 0.00000000099999999992 0.00000000099999999992 0.00000000099999999992 
0.00000000099999999981 0.00000000099999999981 0.00000000099999999981 0.04066634186861369654 0.00000000099999999981 0.00000000099999999981 0.00000000099999999981 0.00000000099999999981 0.00000000099999999981 0.95933365013138627297 
0.00000000099999999971 0.00000000099999999971 0.00000000099999999971 0.00000000099999999971 0.99999999100000014352 0.00000000099999999971 0.00000000099999999971 0.00000000099999999971 0.00000000099999999971 0.00000000099999999971 
0.45454125282085316995 0.11998609872319339342 0.00000000099999999992 0.00000000099999999992 0.05822050949336011333 0.35713762401042564720 0.00000000099999999992 0.01011450995216789384 0.00000000099999999992 0.00000000099999999992 
0.00000000099999999982 0.00000000099999999982 0.00000000099999999982 0.00000000099999999982 0.00000000099999999982 0.00000000099999999982 0.00000000099999999982 0.00000000099999999982 0.00000000099999999982 0.99999999099999992147 
0.00000000099999999987 0.00000000099999999987 0.00000000099999999987 0.00400586884039434710 0.00000000099999999987 0.00000000099999999987 0.00000000099999999987 0.00000000099999999987 0.00000000099999999987 0.99599412315960567099 
0.00000000099999999991 0.00000000099999999991 0.00000000099999999991 0.00000000099999999991 0.00000000099999999991 0.00000000099999999991 0.00970068272178591269 0.00000000099999999991 0.00000000099999999991 0.99029930927821407938 
0.00000000099999999973 0.00000000099999999973 0.00000000099999999973 0.99999999100000014352 0.00000000099999999973 0.00000000099999999973 0.00000000099999999973 0.00000000099999999973 0.00000000099999999973 0.00000000099999999973 
0.13909988694519798136 0.00000000099999999996 0.00000000099999999996 0.00000000099999999996 0.00000000099999999996 0.00000000099999999996 0.18341978913537340667 0.00000000099999999996 0.12423453648788114478 0.55324578143154745646 
0.00000000099999999997 0.00000000099999999997 0.00000000099999999997 0.00000000099999999997 0.16177179688335205365 0.00000000099999999997 0.59556967415287087597 0.00000000099999999997 0.24265852196377704630 0.00000000099999999997 
0.00000000099999999985 0.00000000099999999985 0.00000000099999999985 0.00000000099999999985 0.00000000099999999985 0.00000000099999999985 0.00000065724523948821 0.00000000099999999985 0.00000000099999999985 0.99999933475476043832 
0.00000000099999999996 0.00000000099999999996 0.00000000099999999996 0.00000000099999999996 0.11482378169978556259 0.00000000099999999996 0.28194249158325018767 0.00000000099999999996 0.16305413581493341524 0.44017958490203079602 
0.02332689466756800167 0.00000000099999999997 0.20743449317581666436 0.00000000099999999997 0.33084669291428520088 0.00000000099999999997 0.28004621330326057160 0.00000000099999999997 0.15834570093906968902 0.00000000099999999997 
0.00000000099999999958 0.00000000099999999958 0.00000000099999999958 0.00000000099999999958 0.00000000099999999958 0.00000000099999999958 0.00000000099999999958 0.00000000099999999958 0.99999999100000003249 0.00000000099999999958 
0.00000000099999999989 0.00000000099999999989 0.00000000099999999989 0.00000000099999999989 0.00000000099999999989 0.00000000099999999989 0.68582900062419127618 0.00000000099999999989 0.31417099137580856150 0.00000000099999999989 
0.00000000099999999955 0.00000000099999999955 0.00000000099999999955 0.00000000099999999955 0.00000000099999999955 0.00000000099999999955 0.99999999100000003249 0.00000000099999999955 0.00000000099999999955 0.00000000099999999955 
0.00000000099999999987 0.00000000099999999987 0.00000000099999999987 0.02961733722096239127 0.00000000099999999987 0.00000000099999999987 0.00000001223804735734 0.00000000099999999987 0.00000000099999999987 0.97038264354099024178 
0.00000000099999999969 0.00000000099999999969 0.00000000099999999969 0.00000000099999999969 0.00000000099999999969 0.00000000099999999969 0.00000000099999999969 0.00000000099999999969 0.99999999099999992147 0.00000000099999999969 
0.00000000099999999995 0.50558581035293559403 0.06064070610106043341 0.04086832525134347083 0.00000000099999999995 0.39290515229466060898 0.00000000099999999995 0.00000000099999999995 0.00000000099999999995 0.00000000099999999995 
0.00000000099999999987 0.00000000099999999987 0.00000000099999999987 0.03674652996855636705 0.00000000099999999987 0.00000000099999999987 0.00000000099999999987 0.00000000099999999987 0.00000000099999999987 0.96325346203144368573 
0.00000000099999999989 0.00000000099999999989 0.00000000099999999989 0.00000000099999999989 0.00000000099999999989 0.00000000099999999989 0.02325390849635770169 0.00000000099999999989 0.00000000099999999989 0.97674608350364222620 
0.00000000099999999983 0.00000000099999999983 0.00000000099999999983 0.99999999100000003249 0.00000000099999999983 0.00000000099999999983 0.00000000099999999983 0.00000000099999999983 0.00000000099999999983 0.00000000099999999983 
0.33094365249918844540 0.66905633950081166983 0.00000000099999999996 0.00000000099999999996 0.00000000099999999996 0.00000000099999999996 0.00000000099999999996 0.00000000099999999996 0.00000000099999999996 0.00000000099999999996 
0.62013677814571299685 0.00000000099999999992 0.00000000099999999992 0.00000000099999999992 0.05479764653760101772 0.32506556831668614871 0.00000000099999999992 0.00000000099999999992 0.00000000099999999992 0.00000000099999999992 
0.00000000099999999998 0.00000011492572648470 0.00000000099999999998 0.00000000099999999998 0.00000000099999999998 0.00000000099999999998 0.00417033639356379545 0.00000000099999999998 0.00000000099999999998 0.99582954168070980661 
0.00000073722663168918 0.00000000099999999999 0.05118582539527023051 0.00000000099999999999 0.03276277810206787433 0.00000000099999999999 0.00000000099999999999 0.00000114267109694348 0.03338089683861214518 0.88266861576632116293 
0.00000000099999999992 0.00000000099999999992 0.00000000099999999992 0.00000000099999999992 0.00000000099999999992 0.00000000099999999992 0.06313004099323392404 0.01178890777870968826 0.00000000099999999992 0.92508104422805648159 
0.47188326788609513684 0.44599573432653238925 0.01784504815495068300 0.06427506891190366833 0.00000000099999999995 0.00000087572051806795 0.00000000099999999995 0.00000000099999999995 0.00000000099999999995 0.00000000099999999995 
0.00000000099999999969 0.00000000099999999969 0.00000000099999999969 0.00000000099999999969 0.00000000099999999969 0.00000000099999999969 0.00000000099999999969 0.99999999099999992147 0.00000000099999999969 0.00000000099999999969 
0.31202007761056294033 0.00000000099999999999 0.00000000099999999999 0.00233172133123953507 0.13347021233798603279 0.51683645044953296921 0.00000000099999999999 0.03534153327067847405 0.00000000099999999999 0.00000000099999999999 
0.00000000099999999991 0.00000000099999999991 0.00000000099999999991 0.00000000099999999991 0.00000000099999999991 0.00000000099999999991 0.00000000099999999991 0.00000000099999999991 0.00120592784635964890 0.99879406415364035965 
0.00000000099999999976 0.00000000099999999976 0.00000000099999999976 0.00000000099999999976 0.00000000099999999976 0.00000000099999999976 0.00000000099999999976 0.00000000099999999976 0.99999999099999992147 0.00000000099999999976 
0.00000000099999999949 0.00000000099999999949 0.00000000099999999949 0.00000000099999999949 0.00000000099999999949 0.00000000099999999949 0.00000000099999999949 0.99999999100000003249 0.00000000099999999949 0.00000000099999999949 
0.00000000099999999992 0.00000000099999999992 0.00000000099999999992 0.00000000099999999992 0.00000000099999999992 0.00000000099999999992 0.00000000099999999992 0.00000000099999999992 0.00000000099999999992 0.99999999099999992147 
0.00000000099999999985 0.00000000099999999985 0.00000000099999999985 0.00000000099999999985 0.00000000099999999985 0.00000000099999999985 0.00000000099999999985 0.00000000099999999985 0.01057894077702511461 0.98942105122297496766 
0.00000000099999999988 0.00000000099999999988 0.00000000099999999988 0.00000000099999999988 0.00000000099999999988 0.00000000099999999988 0.05415397226166165923 0.00000000099999999988 0.00000000099999999988 0.94584601973833837274 
0.00000000099999999988 0.00000000099999999988 0.42350911096716042925 0.00000000099999999988 0.57649088103283963047 0.00000000099999999988 0.00000000099999999988 0.00000000099999999988 0.00000000099999999988 0.00000000099999999988 
0.00000000099999999999 0.00000000099999999999 0.49914200751621223828 0.00000000587604532889 0.32504386628871112519 0.08943223112822761001 0.00000000099999999999 0.00231701035127039687 0.00000000099999999999 0.08406487483953349604 
0.00000000099999999980 0.00000000099999999980 0.00000000099999999980 0.99999999100000014352 0.00000000099999999980 0.00000000099999999980 0.00000000099999999980 0.00000000099999999980 0.00000000099999999980 0.00000000099999999980 
0.09928861243502506984 0.22099957951526977284 0.01720329468504066747 0.48519764524690095486 0.00000000099999999997 0.17731086311776345088 0.00000000099999999997 0.00000000099999999997 0.00000000099999999997 0.00000000099999999997 
0.00000000099999999988 0.00000000099999999988 0.71522404343050627329 0.00000000099999999988 0.28477594856949384194 0.00000000099999999988 0.00000000099999999988 0.00000000099999999988 0.00000000099999999988 0.00000000099999999988 
0.00000000099999999996 0.00000000099999999996 0.00000000099999999996 0.01842997508641343318 0.00000000099999999996 0.00000000099999999996 0.00000000099999999996 0.00884983985517046740 0.00000000099999999996 0.97272017805841615168 
0.00000000099999999979 0.00000000099999999979 0.99999999100000003249 0.00000000099999999979 0.00000000099999999979 0.00000000099999999979 0.00000000099999999979 0.00000000099999999979 0.00000000099999999979 0.00000000099999999979 
0.00000000099999999987 0.00000000099999999987 0.31736006588389636951 0.00000000099999999987 0.68263992611610357919 0.00000000099999999987 0.00000000099999999987 0.00000000099999999987 0.00000000099999999987 0.00000000099999999987 
0.00000000099999999981 0.00000000099999999981 0.99999999100000003249 0.00000000099999999981 0.00000000099999999981 0.00000000099999999981 0.00000000099999999981 0.00000000099999999981 0.00000000099999999981 0.00000000099999999981 
0.00000000099999999994 0.00000000099999999994 0.10295723975525102045 0.00000000099999999994 0.00000000099999999994 0.89619794006268149733 0.00000000099999999994 0.00084481318206743039 0.00000000099999999994 0.00000000099999999994 
0.00000000099999999971 0.00000000099999999971 0.00000000099999999971 0.00000000099999999971 0.99999999100000014352 0.00000000099999999971 0.00000000099999999971 0.00000000099999999971 0.00000000099999999971 0.00000000099999999971 
0.00000000099999999986 0.04075226781299715051 0.47198728837785791645 0.00000000099999999986 0.48726043680914504774 0.00000000099999999986 0.00000000099999999986 0.00000000099999999986 0.00000000099999999986 0.00000000099999999986 
0.00000000099999999986 0.00000000099999999986 0.00000000099999999986 0.39650892698257872437 0.00000000099999999986 0.00000000099999999986 0.10613455565022882066 0.00000000099999999986 0.00000000099999999986 0.49735651036719241702 
0.14525483863902355353 0.36727055769411853792 0.00000000099999999999 0.00000000099999999999 0.16313253099755045672 0.31077179159643264494 0.01357027607287495871 0.00000000099999999999 0.00000000099999999999 0.00000000099999999999 
0.00000000099999999996 0.00000000099999999996 0.31746152273026551072 0.00000000099999999996 0.24586701815468228749 0.43667145211505231650 0.00000000099999999996 0.00000000099999999996 0.00000000099999999996 0.00000000099999999996 
0.00000000099999999979 0.00000000099999999979 0.00000000099999999979 0.00000000099999999979 0.99999999100000003249 0.00000000099999999979 0.00000000099999999979 0.00000000099999999979 0.00000000099999999979 0.00000000099999999979 
0.41398429387108970356 0.00000000099999999994 0.00000000099999999994 0.00000000099999999994 0.00000000099999999994 0.58507285869262559697 0.00000000099999999994 0.00094284043628469058 0.00000000099999999994 0.00000000099999999994 
0.00000000099999999982 0.00000000099999999982 0.99999999100000014352 0.00000000099999999982 0.00000000099999999982 0.00000000099999999982 0.00000000099999999982 0.00000000099999999982 0.00000000099999999982 0.00000000099999999982 
0.00000000099999999977 0.99999999100000014352 0.00000000099999999977 0.00000000099999999977 0.00000000099999999977 0.00000000099999999977 0.00000000099999999977 0.00000000099999999977 0.00000000099999999977 0.00000000099999999977 
0.99999999100000025454 0.00000000099999999987 0.00000000099999999987 0.00000000099999999987 0.00000000099999999987 0.00000000099999999987 0.00000000099999999987 0.00000000099999999987 0.00000000099999999987 0.00000000099999999987 
0.00000000099999999992 0.07234945784810430103 0.46872984820259738781 0.00000000099999999992 0.45892068694929843975 0.00000000099999999992 0.00000000099999999992 0.00000000099999999992 0.00000000099999999992 0.00000000099999999992 
0.00000000099999999982 0.00000000099999999982 0.99999999100000003249 0.00000000099999999982 0.00000000099999999982 0.00000000099999999982 0.00000000099999999982 0.00000000099999999982 0.00000000099999999982 0.00000000099999999982 
0.00000000099999999997 0.00000000099999999997 0.00000000099999999997 0.00000000099999999997 0.00000000099999999997 0.00064968197757689361 0.00000000099999999997 0.00000000099999999997 0.92609133073412686077 0.07325898028829627706 
0.36986803690694186608 0.49114428597435522139 0.01820080252065556931 0.00000000099999999991 0.00000000099999999991 0.12078686859804738107 0.00000000099999999991 0.00000000099999999991 0.00000000099999999991 0.00000000099999999991 
0.00000000099999999996 0.00000000099999999996 0.38573743910428193171 0.00000000099999999996 0.59244876019463832417 0.00640311052520227842 0.00000000099999999996 0.01541068417587747839 0.00000000099999999996 0.00000000099999999996 
0.00000000099999999977 0.00000000099999999977 0.00000000099999999977 0.00000000099999999977 0.00000000099999999977 0.00000000099999999977 0.00000000099999999977 0.00000000099999999977 0.99999999099999992147 0.00000000099999999977 
0.00000000099999999993 0.00000000099999999993 0.00000000099999999993 0.00011692051260758167 0.00000000099999999993 0.00000000099999999993 0.00000000099999999993 0.01044994379484242945 0.00003807661766807725 0.98939505307488195829 
0.00000000099999999985 0.00000000099999999985 0.00000000099999999985 0.00000000099999999985 0.00000000099999999985 0.99999999100000003249 0.00000000099999999985 0.00000000099999999985 0.00000000099999999985 0.00000000099999999985 
0.00000000099999999988 0.00000000099999999988 0.00000000099999999988 0.00000000099999999988 0.00000000099999999988 0.00000000099999999988 0.00000021225107573223 0.00000000099999999988 0.99999977974892417798 0.00000000099999999988 
0.00000000099999999981 0.00000000099999999981 0.00000000099999999981 0.01324385840668966703 0.00000000099999999981 0.00000000099999999981 0.00000000099999999981 0.00000000099999999981 0.98675613359331038055 0.00000000099999999981 
0.00000000099999999992 0.00000000099999999992 0.00000000099999999992 0.00000000099999999992 0.00000000099999999992 0.00000000099999999992 0.00000000099999999992 0.00000000099999999992 0.98094130712102256542 0.01905868487897750124 
0.00000000099999999979 0.00000000099999999979 0.00000000099999999979 0.99999999100000014352 0.00000000099999999979 0.00000000099999999979 0.00000000099999999979 0.00000000099999999979 0.00000000099999999979 0.00000000099999999979 
0.00000000099999999977 0.00000000099999999977 0.00000000099999999977 0.00000000099999999977 0.00000000099999999977 0.00000000099999999977 0.97635288429297539814 0.00000000099999999977 0.02364710770702464770 0.00000000099999999977 
0.00000000100000000000 0.00000000100000000000 0.13604595214711012741 0.18708695577544287580 0.00000000100000000000 0.00000000100000000000 0.50577877467104370712 0.01733230852405515804 0.15365854934008713051 0.00009745554226100611 
0.00000000099999999983 0.00000000099999999983 0.00000000099999999983 0.99999999100000003249 0.00000000099999999983 0.00000000099999999983 0.00000000099999999983 0.00000000099999999983 0.00000000099999999983 0.00000000099999999983 
0.00000000099999999986 0.00000000099999999986 0.00000000099999999986 0.00000000099999999986 0.00000000099999999986 0.00000000099999999986 0.00000000099999999986 0.00000000099999999986 0.00000000099999999986 0.99999999100000003249 
0.00000000099999999976 0.00000000099999999976 0.00000000099999999976 0.00000000099999999976 0.00000000099999999976 0.00000000099999999976 0.00000000099999999976 0.00000000099999999976 0.99999999100000003249 0.00000000099999999976 
0.00000000099999999964 0.00000000099999999964 0.00000000099999999964 0.00000000099999999964 0.00000000099999999964 0.00000000099999999964 0.99999999099999992147 0.00000000099999999964 0.00000000099999999964 0.00000000099999999964 
0.00000000099999999968 0.00000000099999999968 0.00000000099999999968 0.00000000099999999968 0.00000000099999999968 0.00000000099999999968 0.99999999099999992147 0.00000000099999999968 0.00000000099999999968 0.00000000099999999968 
0.00335223669357127916 0.00000000099999999998 0.00000000099999999998 0.04376730388337177202 0.00000000099999999998 0.00000000099999999998 0.00098037528536931056 0.03775135536409682940 0.84663182226146282972 0.06751690251212802418 
0.19172786248667220144 0.00532323012576436071 0.00000000100000000000 0.44560883556403196870 0.00000000100000000000 0.00000000100000000000 0.14504614356303074940 0.00621570486782652663 0.04646462836684902425 0.15961359202582509065 
0.00000000099999999999 0.14292463995884185923 0.00000000099999999999 0.00000000099999999999 0.00000000099999999999 0.00000000099999999999 0.01774691894682432422 0.00367470254429928074 0.06191217363892616982 0.77374155991110848962 
0.00000000099999999982 0.00000000099999999982 0.00000000099999999982 0.99999999100000003249 0.00000000099999999982 0.00000000099999999982 0.00000000099999999982 0.00000000099999999982 0.00000000099999999982 0.00000000099999999982 
0.00000000099999999992 0.00000000099999999992 0.00000000099999999992 0.00000000099999999992 0.00000000099999999992 0.00000000099999999992 0.04976175685058555759 0.00279991901539754879 0.94743831713401693850 0.00000000099999999992 
0.00000000099999999984 0.00000000099999999984 0.00000000099999999984 0.00000000099999999984 0.00000000099999999984 0.00000000099999999984 0.00000000099999999984 0.00000000099999999984 0.00000000099999999984 0.99999999099999992147 
0.00000000099999999994 0.00000000099999999994 0.00000000099999999994 0.00002499689200406511 0.00000000099999999994 0.00000000099999999994 0.05541847425796124493 0.00000000099999999994 0.02094910720065544171 0.92360741564937920423 
0.00000000099999999977 0.00000000099999999977 0.00000000099999999977 0.99999999100000014352 0.00000000099999999977 0.00000000099999999977 0.00000000099999999977 0.00000000099999999977 0.00000000099999999977 0.00000000099999999977 
0.00000000099999999989 0.00000000099999999989 0.00000000099999999989 0.03645994548611156127 0.00000000099999999989 0.00000000099999999989 0.00000000099999999989 0.00000000099999999989 0.00915862651891613186 0.95438142099497236259 
0.00000000099999999968 0.00000000099999999968 0.00000000099999999968 0.00000000099999999968 0.00000000099999999968 0.00000000099999999968 0.99999999099999992147 0.00000000099999999968 0.00000000099999999968 0.00000000099999999968 
0.00000000099999999992 0.00000000099999999992 0.00000000099999999992 0.99999999100000003249 0.00000000099999999992 0.00000000099999999992 0.00000000099999999992 0.00000000099999999992 0.00000000099999999992 0.00000000099999999992 
0.00000000099999999986 0.00000000099999999986 0.00000000099999999986 0.00000000099999999986 0.00000000099999999986 0.00000000099999999986 0.00000004125891523649 0.00000000099999999986 0.93512643648614135472 0.06487351525494360061 
0.00000000099999999988 0.00000000099999999988 0.00000000099999999988 0.99999999100000014352 0.00000000099999999988 0.00000000099999999988 0.00000000099999999988 0.00000000099999999988 0.00000000099999999988 0.00000000099999999988 
0.00000000099999999991 0.00000000099999999991 0.00000000099999999991 0.00000000483621965429 0.00000000099999999991 0.00000000099999999991 0.02643336692611656172 0.00000000099999999991 0.04068277007311987131 0.93288385216454383642 
0.00000000099999999988 0.00000000099999999988 0.64247819109025083861 0.00000000099999999988 0.35752180090974916560 0.00000000099999999988 0.00000000099999999988 0.00000000099999999988 0.00000000099999999988 0.00000000099999999988 
0.00000000099999999976 0.00000000099999999976 0.62723743431116985025 0.00000000099999999976 0.37276255768883009845 0.00000000099999999976 0.00000000099999999976 0.00000000099999999976 0.00000000099999999976 0.00000000099999999976 
0.00000000099999999989 0.00000000099999999989 0.00000000099999999989 0.00000000099999999989 0.00000000099999999989 0.99999802238747947936 0.00000000099999999989 0.00000196961252050962 0.00000000099999999989 0.00000000099999999989 
0.00000000099999999989 0.53080456919171159491 0.00000000099999999989 0.00000000099999999989 0.02437467355904494870 0.44482075024924361273 0.00000000099999999989 0.00000000099999999989 0.00000000099999999989 0.00000000099999999989 
0.00000000099999999999 0.00000000099999999999 0.02548093516005338344 0.00000000099999999999 0.00000000099999999999 0.01612629161471981765 0.01532973625232872221 0.04650781487240596146 0.89655521710049213002 0.00000000099999999999 
0.46908661762385545080 0.00000001555600198718 0.05019459410879154732 0.08670337138905653829 0.00000000099999999995 0.39401539632229465315 0.00000000099999999995 0.00000000099999999995 0.00000000099999999995 0.00000000099999999995 
0.99999999100000014352 0.00000000099999999985 0.00000000099999999985 0.00000000099999999985 0.00000000099999999985 0.00000000099999999985 0.00000000099999999985 0.00000000099999999985 0.00000000099999999985 0.00000000099999999985 
0.00000000099999999996 0.00000000099999999996 0.00000000099999999996 0.00000000099999999996 0.13301210935378335321 0.00000000099999999996 0.00000000099999999996 0.00000002738092657775 0.85847068368435675012 0.00851717358093338935 
0.13424915188280522882 0.22488853097956876259 0.04182648682112296429 0.02493137822467605957 0.05070528220862952073 0.40304893626390386752 0.00000000099999999999 0.01966038881474785338 0.00000000099999999999 0.10068984280454595925 
0.00000000099999999968 0.00000000099999999968 0.00000000099999999968 0.00000000099999999968 0.99999999100000014352 0.00000000099999999968 0.00000000099999999968 0.00000000099999999968 0.00000000099999999968 0.00000000099999999968 
0.05093772373443682111 0.00000000099999999998 0.00000000099999999998 0.00000000099999999998 0.13248024493661378354 0.00000000099999999998 0.00000000099999999998 0.00000000099999999998 0.81658202432894932965 0.00000000099999999998 
0.00000000099999999986 0.00000000099999999986 0.00000000099999999986 0.01580988639750622454 0.00000000099999999986 0.00000000099999999986 0.00851246131687749714 0.00000000099999999986 0.08403222280050258453 0.89164542348511355296 
0.00000000099999999977 0.00000000099999999977 0.00000000099999999977 0.00000000099999999977 0.00000000099999999977 0.00000000099999999977 0.00000000099999999977 0.00000000099999999977 0.99999999100000003249 0.00000000099999999977 
0.00000000099999999982 0.00000000099999999982 0.00000000099999999982 0.80889476677504779101 0.00000000099999999982 0.00000000099999999982 0.19110522522495240749 0.00000000099999999982 0.00000000099999999982 0.00000000099999999982 
0.00000000099999999993 0.00000000099999999993 0.00000000099999999993 0.00879433862107458462 0.00000000099999999993 0.00000000099999999993 0.00000000099999999993 0.00000000099999999993 0.00000000099999999993 0.99120565337892541091 
0.00000000099999999991 0.44713833259897917127 0.00000000099999999991 0.00000000099999999991 0.00000000099999999991 0.55286165940102083294 0.00000000099999999991 0.00000000099999999991 0.00000000099999999991 0.00000000099999999991 
0.46986230691147445881 0.02711080501296462414 0.03417084487044638741 0.00000000100000000000 0.00000000100000000000 0.29310250713443691817 0.00175491977828114631 0.00169403358668467779 0.17230457970571175230 0.00000000100000000000 
0.00000000099999999993 0.53152856778011337013 0.00000000099999999993 0.00000000099999999993 0.00000000099999999993 0.46847142421988685612 0.00000000099999999993 0.00000000099999999993 0.00000000099999999993 0.00000000099999999993 
0.99999999100000025454 0.00000000099999999986 0.00000000099999999986 0.00000000099999999986 0.00000000099999999986 0.00000000099999999986 0.00000000099999999986 0.00000000099999999986 0.00000000099999999986 0.00000000099999999986 
0.00000000099999999993 0.00000000099999999993 0.00000000099999999993 0.00000000099999999993 0.02005458646782181525 0.97994540553217812651 0.00000000099999999993 0.00000000099999999993 0.00000000099999999993 0.00000000099999999993 
0.00000000099999999983 0.00000000099999999983 0.00000000099999999983 0.00000000099999999983 0.00414791865146809779 0.99585207334853187433 0.00000000099999999983 0.00000000099999999983 0.00000000099999999983 0.00000000099999999983 
0.00000000099999999990 0.00000000099999999990 0.00000000099999999990 0.00000000099999999990 0.00000000099999999990 0.00000000099999999990 0.05699220658572460435 0.00000000099999999990 0.00000000099999999990 0.94300778541427543455 
0.00000000099999999986 0.00000000099999999986 0.00000000099999999986 0.99999999100000003249 0.00000000099999999986 0.00000000099999999986 0.00000000099999999986 0.00000000099999999986 0.00000000099999999986 0.00000000099999999986 
0.00000000099999999989 0.00000000099999999989 0.00000000099999999989 0.02035657731757047062 0.00000000099999999989 0.00000000099999999989 0.00000000099999999989 0.00000000099999999989 0.01500842767196793048 0.96463498801046165809 
0.00000000099999999994 0.00000000099999999994 0.00000000099999999994 0.00000000099999999994 0.00000000099999999994 0.00000000099999999994 0.00000000099999999994 0.00000000099999999994 0.00000000099999999994 0.99999999099999992147 
0.00000000099999999974 0.00000000099999999974 0.00000000099999999974 0.99999999100000014352 0.00000000099999999974 0.00000000099999999974 0.00000000099999999974 0.00000000099999999974 0.00000000099999999974 0.00000000099999999974 
0.00000000099999999968 0.00000000099999999968 0.00000000099999999968 0.00000000099999999968 0.00000000099999999968 0.00000000099999999968 0.00000000099999999968 0.00000000099999999968 0.99999999100000003249 0.00000000099999999968 
0.00000000099999999979 0.00000000099999999979 0.00000000099999999979 0.00000000099999999979 0.00000000099999999979 0.00000000099999999979 0.00000000099999999979 0.00000000099999999979 0.99999999100000003249 0.00000000099999999979 
0.00000000099999999981 0.00000000099999999981 0.00000000099999999981 0.00000000099999999981 0.00000000099999999981 0.00000000099999999981 0.00000000099999999981 0.00000000099999999981 0.00000000099999999981 0.99999999100000003249 
0.00000000099999999987 0.00000000099999999987 0.00000000099999999987 0.00000000099999999987 0.00000000099999999987 0.00000000099999999987 0.00000000099999999987 0.00000000099999999987 0.00000000099999999987 0.99999999100000003249 
0.00000000099999999983 0.00000000099999999983 0.00000000099999999983 0.00000000099999999983 0.00000000099999999983 0.00000000099999999983 0.00000000099999999983 0.00000000099999999983 0.00000000099999999983 0.99999999099999992147 
0.00000000099999999980 0.00000000099999999980 0.00000000099999999980 0.00000000099999999980 0.00000000099999999980 0.00000000099999999980 0.00000000099999999980 0.00000000099999999980 0.99999999099999992147 0.00000000099999999980 
0.00000000099999999993 0.00000000099999999993 0.00000000099999999993 0.00000000099999999993 0.00000000099999999993 0.00000000099999999993 0.00000000099999999993 0.00000000099999999993 0.96331505558413266233 0.03668493641586745291 
0.00000000099999999984 0.00000000099999999984 0.00000000099999999984 0.00000000099999999984 0.00000000099999999984 0.00000000099999999984 0.00000000099999999984 0.00000000099999999984 0.00000000099999999984 0.99999999100000003249 
0.00000000099999999976 0.00000000099999999976 0.00000000099999999976 0.99999999100000014352 0.00000000099999999976 0.00000000099999999976 0.00000000099999999976 0.00000000099999999976 0.00000000099999999976 0.00000000099999999976 
0.00000000099999999997 0.00000000099999999997 0.00000000099999999997 0.05675878000632510884 0.00000000099999999997 0.00000000099999999997 0.01045608348563463810 0.03285832828411332229 0.02878457947983902379 0.87114222374408778471 
0.00000000099999999972 0.00000000099999999972 0.00000000099999999972 0.00000000099999999972 0.00000000099999999972 0.00000000099999999972 0.00000000099999999972 0.00000000099999999972 0.99999999100000003249 0.00000000099999999972 
0.00000000099999999983 0.00000000099999999983 0.00000000099999999983 0.00000000099999999983 0.00000000099999999983 0.00000000099999999983 0.00000100534063017538 0.00000000099999999983 0.00000000099999999983 0.99999898665936992614 
0.43406927313200321938 0.50374917966042886963 0.05714779908795351859 0.00208024443110877214 0.00000935601206354343 0.00000000099999999998 0.00000000099999999998 0.00294414367644217460 0.00000000099999999998 0.00000000099999999998 
0.00000000099999999989 0.00000000099999999989 0.00000000099999999989 0.11849047851668566278 0.00000000099999999989 0.00000000099999999989 0.05729996331798993536 0.00000000099999999989 0.81303659094016167419 0.01117296122516288868 
0.11196762286348815874 0.11463215712634719501 0.00000000099999999997 0.00000000099999999997 0.00006572018072987250 0.69101154794708996576 0.00000000099999999997 0.01112478150181276694 0.00000000099999999997 0.07119816638053219626 
0.00000000099999999971 0.00000000099999999971 0.00000000099999999971 0.00000000099999999971 0.00000000099999999971 0.00000000099999999971 0.00000000099999999971 0.00000000099999999971 0.99999999100000003249 0.00000000099999999971 
0.00000000099999999989 0.00000000099999999989 0.00000000099999999989 0.00130246011935115339 0.00000000099999999989 0.00000000099999999989 0.00000000099999999989 0.00000000099999999989 0.00000000099999999989 0.99869753188064880334 
0.00000000099999999983 0.00000000099999999983 0.00000000099999999983 0.00000000099999999983 0.00000000099999999983 0.00000000099999999983 0.00000000099999999983 0.00000000099999999983 0.00000000099999999983 0.99999999100000003249 
0.00000000099999999977 0.00000000099999999977 0.00000000099999999977 0.00000000099999999977 0.00000000099999999977 0.00000000099999999977 0.00000000099999999977 0.00000000099999999977 0.99999999100000003249 0.00000000099999999977 
0.00000000099999999983 0.00000000099999999983 0.00000000099999999983 0.00000000099999999983 0.00000000099999999983 0.00000000099999999983 0.00000000099999999983 0.00000000099999999983 0.00000000099999999983 0.99999999100000003249 
0.00000001408479068442 0.00084555049784478496 0.00000000100000000000 0.04693781182706913829 0.04197461165150313117 0.18883623211622047045 0.00000000100000000000 0.06747897219703966054 0.01754628160930360101 0.63638052401622846599 
0.00000000099999999981 0.00000000099999999981 0.00000000099999999981 0.00000000099999999981 0.00000000099999999981 0.00000000099999999981 0.00000000099999999981 0.00000000099999999981 0.99999999100000003249 0.00000000099999999981 
0.00000000099999999997 0.00000000099999999997 0.00143757855378789977 0.00000000099999999997 0.00000000099999999997 0.00000000099999999997 0.00000000099999999997 0.00000000099999999997 0.00287017103054793606 0.99569224341566431313 
0.00000000099999999994 0.00000000099999999994 0.69956738524898087750 0.00000000099999999994 0.15229525299373250502 0.14803863273842815529 0.00000000099999999994 0.00009872301885845314 0.00000000099999999994 0.00000000099999999994 
0.00000000099999999943 0.00000000099999999943 0.00000000099999999943 0.00000000099999999943 0.00000000099999999943 0.00000000099999999943 0.00000000099999999943 0.99999999099999992147 0.00000000099999999943 0.00000000099999999943 
0.00000000099999999976 0.99999999100000014352 0.00000000099999999976 0.00000000099999999976 0.00000000099999999976 0.00000000099999999976 0.00000000099999999976 0.00000000099999999976 0.00000000099999999976 0.00000000099999999976 
0.99999999100000014352 0.00000000099999999984 0.00000000099999999984 0.00000000099999999984 0.00000000099999999984 0.00000000099999999984 0.00000000099999999984 0.00000000099999999984 0.00000000099999999984 0.00000000099999999984 
0.34690889554678666640 0.00000000099999999993 0.00000000099999999993 0.00000000099999999993 0.00000000099999999993 0.65309109645321328230 0.00000000099999999993 0.00000000099999999993 0.00000000099999999993 0.00000000099999999993 
0.40598259624474014595 0.24216046740011484828 0.00000000099999999995 0.00000000099999999995 0.00000000099999999995 0.35185692935514517599 0.00000000099999999995 0.00000000099999999995 0.00000000099999999995 0.00000000099999999995 
0.00000000099999999988 0.00000000099999999988 0.00000000099999999988 0.00000000099999999988 0.00000000099999999988 0.99999999100000003249 0.00000000099999999988 0.00000000099999999988 0.00000000099999999988 0.00000000099999999988 
0.06437937723604558737 0.19530193564782899474 0.00000000099999999999 0.00000000099999999999 0.19639953264074400119 0.44564728361851357885 0.00561746129069882506 0.00000000099999999999 0.01448817665886315172 0.07816622990730599796 
0.00000000099999999981 0.00000000099999999981 0.00000000099999999981 0.00000000099999999981 0.00000000099999999981 0.99999999100000014352 0.00000000099999999981 0.00000000099999999981 0.00000000099999999981 0.00000000099999999981 
0.00000000099999999971 0.00000000099999999971 0.00000000099999999971 0.00000000099999999971 0.00000000099999999971 0.00000000099999999971 0.00000000099999999971 0.00000000099999999971 0.99999999099999992147 0.00000000099999999971 
0.00000000099999999981 0.99999999100000014352 0.00000000099999999981 0.00000000099999999981 0.00000000099999999981 0.00000000099999999981 0.00000000099999999981 0.00000000099999999981 0.00000000099999999981 0.00000000099999999981 
0.00000000099999999946 0.00000000099999999946 0.00000000099999999946 0.00000000099999999946 0.00000000099999999946 0.00000000099999999946 0.00000000099999999946 0.99999999099999992147 0.00000000099999999946 0.00000000099999999946 
0.00000000099999999979 0.99999999100000025454 0.00000000099999999979 0.00000000099999999979 0.00000000099999999979 0.00000000099999999979 0.00000000099999999979 0.00000000099999999979 0.00000000099999999979 0.00000000099999999979 
0.00000000099999999973 0.00000000099999999973 0.00000000099999999973 0.00000000099999999973 0.99999999100000003249 0.00000000099999999973 0.00000000099999999973 0.00000000099999999973 0.00000000099999999973 0.00000000099999999973 
0.00000000099999999983 0.00000000099999999983 0.00000000099999999983 0.00000000099999999983 0.00000000099999999983 0.00000000099999999983 0.00000000099999999983 0.00000000099999999983 0.00000000099999999983 0.99999999099999992147 
0.00000000099999999971 0.00000000099999999971 0.00000000099999999971 0.00000000099999999971 0.99999999100000014352 0.00000000099999999971 0.00000000099999999971 0.00000000099999999971 0.00000000099999999971 0.00000000099999999971 
0.00000000099999999975 0.00000000099999999975 0.00000000099999999975 0.00000000099999999975 0.99999999100000014352 0.00000000099999999975 0.00000000099999999975 0.00000000099999999975 0.00000000099999999975 0.00000000099999999975 
0.31977411444786774108 0.63160985052291063191 0.04861602802922165151 0.00000000099999999995 0.00000000099999999995 0.00000000099999999995 0.00000000099999999995 0.00000000099999999995 0.00000000099999999995 0.00000000099999999995 
0.00000000099999999996 0.34144541237412540102 0.00000786048205633126 0.01363059691851153422 0.04676692556694606040 0.59814919965836066407 0.00000000099999999996 0.00000000099999999996 0.00000000099999999996 0.00000000099999999996 
0.00000000099999999989 0.00000000099999999989 0.70544460249711404831 0.00000000099999999989 0.29455538950288595590 0.00000000099999999989 0.00000000099999999989 0.00000000099999999989 0.00000000099999999989 0.00000000099999999989 
0.00000000099999999985 0.00000000099999999985 0.47135148401324483691 0.00000000099999999985 0.52864850798675522281 0.00000000099999999985 0.00000000099999999985 0.00000000099999999985 0.00000000099999999985 0.00000000099999999985 
0.00000000099999999986 0.00000000099999999986 0.00000000099999999986 0.00000000099999999986 0.05826685366974711233 0.94173313833025285025 0.00000000099999999986 0.00000000099999999986 0.00000000099999999986 0.00000000099999999986 
0.00000000099999999983 0.00000000099999999983 0.00000000099999999983 0.00000000099999999983 0.00000000099999999983 0.00000000099999999983 0.00000000099999999983 0.00000000099999999983 0.00000000099999999983 0.99999999099999992147 
0.17913422191953654039 0.47856894714255310275 0.07700546170409494628 0.00000000099999999998 0.00000000099999999998 0.24777070587718375005 0.01187179609604761821 0.00564886326058419447 0.00000000099999999998 0.00000000099999999998 
0.00000000099999999985 0.00000000099999999985 0.44644601255046434396 0.00000000099999999985 0.55355397944953577127 0.00000000099999999985 0.00000000099999999985 0.00000000099999999985 0.00000000099999999985 0.00000000099999999985 
0.00000000099999999991 0.00000000099999999991 0.00000000099999999991 0.00000000099999999991 0.00000000099999999991 0.99999999100000003249 0.00000000099999999991 0.00000000099999999991 0.00000000099999999991 0.00000000099999999991 
0.00000000099999999988 0.00000000099999999988 0.00000000099999999988 0.00000000099999999988 0.00000000099999999988 0.99999999100000003249 0.00000000099999999988 0.00000000099999999988 0.00000000099999999988 0.00000000099999999988 
0.00000000099999999983 0.00000000099999999983 0.26304653768060815011 0.00000000099999999983 0.73695345431939196512 0.00000000099999999983 0.00000000099999999983 0.00000000099999999983 0.00000000099999999983 0.00000000099999999983 
0.00000000099999999985 0.00000000099999999985 0.00000000099999999985 0.00000000099999999985 0.00000000099999999985 0.00000000099999999985 0.00000000099999999985 0.00000000099999999985 0.00000000099999999985 0.99999999100000003249 
0.00000000099999999990 0.00000000099999999990 0.34179340096013660633 0.00000000099999999990 0.65820659103986345340 0.00000000099999999990 0.00000000099999999990 0.00000000099999999990 0.00000000099999999990 0.00000000099999999990 
