0.67367475888798433736 0.00000799971587224704 0.32631724039614329325 0.00000000100000000000 
0.93258467931274524609 0.01290604001024428342 0.00000000100000000000 0.05450927967701035132 
0.93722028940776613837 0.00000000100000000000 0.01645483819914637935 0.04632487139308762158 
0.95753582530069725198 0.00005956084019165621 0.01576070193890825172 0.02664391192020282989 
0.97782187402836140411 0.00000000100000000000 0.01423880472761684945 0.00793932024402166890 
0.96528748821167953409 0.00000000099999999999 0.01051260632350464047 0.02419990446481577392 
0.00000000099999999994 0.00000000099999999994 0.00000000099999999994 0.99999999700000008485 
0.99999999699999997382 0.00000000099999999995 0.00000000099999999995 0.00000000099999999995 
0.96321779220767334007 0.03678220579232682058 0.00000000099999999998 0.00000000099999999998 
0.00000000099999999995 0.00000000099999999995 0.00000000099999999995 0.99999999699999997382 
0.00000000099999999996 0.00000000099999999996 0.00000000099999999996 0.99999999700000008485 
0.00000000099999999998 0.00000000099999999998 0.00000000099999999998 0.99999999700000008485 
0.13238748038251704764 0.02394652567834372123 0.13323108415181103559 0.71043490978732826147 
0.13604120134821487409 0.00000000099999999999 0.19717014122163045720 0.66678865643015461373 
0.22225088054725661291 0.00877944638983560108 0.50022911037191497563 0.26874056269099277916 
0.00000000099999999994 0.00000000099999999994 0.00000000099999999994 0.99999999699999997382 
0.12916739528650247881 0.00000000099999999999 0.27256657506674830671 0.59826602864674904847 
0.61478564198332530388 0.00000000100000000000 0.27685930880837317236 0.10835504820830146877 
0.00000000099999999987 0.00000000099999999987 0.99999999699999986280 0.00000000099999999987 
0.04933189005103062741 0.00000088663180051729 0.61258846361160501637 0.33807875970556389156 
0.10631519888822794917 0.01419658996205186083 0.16826259067475476949 0.71122562047496551418 
0.00000000099999999996 0.00000000099999999996 0.00000000099999999996 0.99999999700000008485 
0.00000000099999999990 0.00000000099999999990 0.99999999699999986280 0.00000000099999999990 
0.93283385484411274202 0.00478546189895434279 0.00225419126357639813 0.06012649199335647066 
0.00000000099999999996 0.00000000099999999996 0.00000000099999999996 0.99999999699999997382 
0.00000000099999999996 0.00000000099999999996 0.00000000099999999996 0.99999999699999997382 
0.13173796921357347478 0.04199151000661762584 0.12592272027837989046 0.70034780050142908525 
0.93548163962371999602 0.00434536138331084211 0.02482013282872846255 0.03535286616424072881 
0.98308167977101656998 0.00000000099999999999 0.01691831822898342760 0.00000000099999999999 
0.00000000099999999999 0.00000000099999999999 0.00000000099999999999 0.99999999700000008485 
0.07407423138408031349 0.00432898574657377376 0.03269599927096063230 0.88890078359838520239 
0.00000000099999999998 0.01540185754850954825 0.01753939323150458668 0.96705874821998594193 
0.89918088750184110847 0.02189416830026557140 0.00000000099999999999 0.07892494319789321311 
0.00000000099999999990 0.99999999700000008485 0.00000000099999999990 0.00000000099999999990 
0.93071476357156035508 0.05729909438778948982 0.00000003509634757208 0.01198610694430254052 
0.00000000099999999998 0.00000000099999999998 0.00000045261409144487 0.99999954538590851705 
0.00000000099999999993 0.00000000099999999993 0.99999999699999997382 0.00000000099999999993 
0.00000000099999999984 0.99999999700000008485 0.00000000099999999984 0.00000000099999999984 
0.00000000099999999998 0.00000000099999999998 0.00000000099999999998 0.99999999699999997382 
0.00000000099999999997 0.00000000099999999997 0.01482049375766441440 0.98517950424233557971 
0.00000000099999999996 0.00000000099999999996 0.00178681167041057679 0.99821318632958933037 
0.99999999699999997382 0.00000000099999999995 0.00000000099999999995 0.00000000099999999995 
0.91592661458781210460 0.00576766000857480143 0.00000000100000000000 0.07830572440361320552 
0.12720470185026533372 0.03752682063814301999 0.12529151704697902292 0.70997696046461267194 
0.57955729898489938279 0.03372598647114641995 0.04778826287522859595 0.33892845166872559437 
0.99999999700000008485 0.00000000099999999993 0.00000000099999999993 0.00000000099999999993 
0.00000000099999999998 0.00817078633966158291 0.00000000099999999998 0.99182921166033843896 
0.99999999699999997382 0.00000000099999999994 0.00000000099999999994 0.00000000099999999994 
0.99999999700000008485 0.00000000099999999996 0.00000000099999999996 0.00000000099999999996 
0.99999999700000008485 0.00000000099999999995 0.00000000099999999995 0.00000000099999999995 
0.93769990393774815818 0.05072801215500879340 0.00000000100000000000 0.01157208290724305588 
0.99999999699999997382 0.00000000099999999991 0.00000000099999999991 0.00000000099999999991 
0.99999999699999997382 0.00000000099999999991 0.00000000099999999991 0.00000000099999999991 
0.00000000100000000000 0.02073633402529730108 0.08943697963739086210 0.88982668533731179572 
0.93103685744544961711 0.01043321801652688681 0.02779204725301441525 0.03073787728500913460 
0.99048344490884565605 0.00951655309115425480 0.00000000099999999999 0.00000000099999999999 
0.99999999699999997382 0.00000000099999999994 0.00000000099999999994 0.00000000099999999994 
0.94666921140760929010 0.04654214369859600853 0.00608441197073246627 0.00070423292306223760 
0.99999999700000008485 0.00000000099999999995 0.00000000099999999995 0.00000000099999999995 
0.96903505103533849052 0.00251262708524840157 0.01262770435334038301 0.01582461752607281294 
0.96776805541403632116 0.01180601506128094516 0.00000000099999999999 0.02042592852468284870 
0.99753968724702712922 0.00246031075297272611 0.00000000099999999996 0.00000000099999999996 
0.99999999699999997382 0.00000000099999999994 0.00000000099999999994 0.00000000099999999994 
0.00000000099999999999 0.00000000099999999999 0.92869745832069527935 0.07130253967930474945 
0.98073400269100641236 0.00535701167206376928 0.01390898463692989522 0.00000000100000000000 
0.97786910007937410949 0.02208317387109813568 0.00004772504952768882 0.00000000099999999999 
0.00000000099999999994 0.00000000099999999994 0.99999999699999997382 0.00000000099999999994 
0.00000000099999999998 0.00620676841604139110 0.00013307489214765345 0.99366015569181087574 
0.95727119535315008392 0.01521913825233240682 0.00193183471729589749 0.02557783167722157275 
0.00000000099999999996 0.00000000099999999996 0.99999999699999997382 0.00000000099999999996 
0.00000000099999999995 0.00000000099999999995 0.99999999699999986280 0.00000000099999999995 
0.00000000099999999998 0.00000000099999999998 0.97963620936708406539 0.02036378863291592872 
0.13171267747315917873 0.00000000099999999999 0.16875740908039721377 0.69952991244644358027 
0.03764069468572336929 0.05672512575166180349 0.53464497152268908309 0.37098920803992574413 
0.22669746949409275150 0.03026581425321674818 0.41996997589848028554 0.32306674035421018010 
0.12992197504907537775 0.03565625420774121840 0.17224402225193374827 0.66217774849124966252 
0.00000000099999999996 0.00000000099999999996 0.00000000099999999996 0.99999999699999997382 
0.00000000099999999993 0.00000000099999999993 0.99999999699999997382 0.00000000099999999993 
0.00000060104428748604 0.08262529890858351378 0.50872950370906955264 0.40864459633805949590 
0.02360628812268536145 0.07429423129197174069 0.53992788807632319248 0.36217159250901975742 
0.00000000100000000000 0.03599186273874468295 0.86993431587809433303 0.09407382038316106088 
0.27442330666977593490 0.03482786484948671019 0.17413186898056465246 0.51661695950017283430 
0.11666046195129821383 0.01279397958423073717 0.07263942136283534079 0.79790613710163571515 
0.15221466125735660935 0.01739683355226798525 0.10595341252757119188 0.72443509266280414760 
0.00000000099999999998 0.00589710300449373687 0.99410289499550619219 0.00000000099999999998 
0.00000000099999999996 0.00000000099999999996 0.00000000099999999996 0.99999999700000008485 
0.00000000099999999998 0.00000000099999999998 0.03885213856010424904 0.96114785943989566874 
0.09800321080535993878 0.02727181199590392527 0.12335170648546504857 0.75137327071327109085 
0.00000000099999999998 0.00000000099999999998 0.00899984067534109929 0.99100015732465895901 
0.03102162075233550614 0.05023898999061638532 0.53108062731733940431 0.38765876193970882913 
0.19410751705137010981 0.00757574775725655420 0.14437086655881228858 0.65394586863256110032 
0.00000000099999999996 0.00000000099999999996 0.93685859994773590387 0.06314139805226411106 
0.14458744610198048797 0.04759686817017746291 0.10260081456023209534 0.70521487116760994684 
0.00000000099999999998 0.00000000099999999998 0.04703605806526596489 0.95296393993473393902 
0.99999999700000008485 0.00000000099999999993 0.00000000099999999993 0.00000000099999999993 
0.99999999699999997382 0.00000000099999999990 0.00000000099999999990 0.00000000099999999990 
0.93941168494095661501 0.06058831305904335829 0.00000000099999999999 0.00000000099999999999 
0.97284413164215466363 0.02715586635784539293 0.00000000099999999999 0.00000000099999999999 
0.03106540308532117906 0.05049143735417093576 0.91801376185580318978 0.00042939770470474598 
0.91679014657445467851 0.01201555256161386531 0.02525885543313307474 0.04593544543079829817 
0.96368830777539415955 0.02024886175814600078 0.00787343380086368873 0.00818939666559618737 
0.11563420392615626764 0.01102575558481742185 0.85616242796738040166 0.01717761252164576660 
0.81605990872543288095 0.03591892283483599790 0.00000029057914065460 0.14802087786059056618 
0.99999999700000008485 0.00000000099999999993 0.00000000099999999993 0.00000000099999999993 
0.16843755666150397876 0.00000000100000000000 0.83147876647715968090 0.00008367586133623224 
0.00000000099999999995 0.00000000099999999995 0.08813036629691566037 0.91186963170308432680 
0.00000000099999999993 0.00000000099999999993 0.99999999699999986280 0.00000000099999999993 
0.12039953784630082201 0.01663322851978181818 0.17014589092592041775 0.69282134270799700104 
0.00000000099999999997 0.00000000099999999997 0.00000000099999999997 0.99999999700000008485 
0.95558255258818780575 0.01113736803962709840 0.03328007837218512760 0.00000000099999999999 
0.77040810827962036278 0.01802077774665068743 0.19005747004527065447 0.02151364392845821552 
0.95387121395307006289 0.00000001092174995613 0.02398766520621572335 0.02214110991896426836 
0.96418212929517621568 0.00000000100000000000 0.00889921049966849176 0.02691865920515535554 
0.94539763211124117070 0.00569984449618680510 0.00000000100000000000 0.04890252239257213140 
0.98913727063207967927 0.01086272736792035128 0.00000000099999999999 0.00000000099999999999 
0.00000000099999999997 0.00000000099999999997 0.02147459799001453368 0.97852540000998555758 
0.12659622623203692360 0.03456250386491135917 0.15419922057749022026 0.68464204932556149696 
0.00000000099999999996 0.00000000099999999996 0.01796435138531406878 0.98203564661468589758 
0.00000000099999999998 0.00000000099999999998 0.00000000460467972135 0.99999999339532030795 
0.09369528005547095306 0.02013809576522571435 0.14570558843823494533 0.74046103574106836298 
0.00000000099999999990 0.00000000099999999990 0.99999999699999986280 0.00000000099999999990 
0.00000000099999999994 0.00000000099999999994 0.99999999699999986280 0.00000000099999999994 
0.00000000099999999994 0.00000000099999999994 0.00000000099999999994 0.99999999700000008485 
0.00000000099999999995 0.00000000099999999995 0.00000000099999999995 0.99999999699999997382 
0.00000000099999999996 0.00000000099999999996 0.00000001948917899078 0.99999997851082111922 
0.00000000099999999995 0.00000000099999999995 0.99999999699999986280 0.00000000099999999995 
0.00000000099999999998 0.00000000099999999998 0.96500857150882335400 0.03499142649117663317 
0.00000000099999999995 0.00000000099999999995 0.00000000099999999995 0.99999999699999997382 
0.10648717812046255837 0.02077543071441282849 0.13533669456716651558 0.73740069659795814960 
0.00000000099999999999 0.03388095540235450814 0.03893540819470205777 0.92718363540294346237 
0.00000000099999999992 0.00000000099999999992 0.99999999699999986280 0.00000000099999999992 
0.00000000099999999996 0.00000000099999999996 0.00060207487230533189 0.99939792312769470950 
0.92163231919640498102 0.02710328372524638263 0.00943376488433494802 0.04183063219401370048 
0.00000000099999999998 0.00345983693955435531 0.87678199845902982101 0.11975816360141577910 
0.86792723346132805151 0.03479628862582077181 0.00000000100000000000 0.09727647691285128129 
0.00000000099999999992 0.00000000099999999992 0.99999999699999986280 0.00000000099999999992 
0.00000000099999999997 0.00000000099999999997 0.00000000159373694738 0.99999999640626313635 
0.00000000099999999995 0.00000000099999999995 0.00000000099999999995 0.99999999699999997382 
0.00000000099999999994 0.00000000099999999994 0.99999999699999986280 0.00000000099999999994 
0.00000000099999999995 0.00000000099999999995 0.00000000099999999995 0.99999999699999997382 
0.21741733889777256628 0.07730490442179785426 0.01299280374070901391 0.69228495293972047708 
0.00000000099999999995 0.00000000099999999995 0.99999999699999997382 0.00000000099999999995 
0.00000000099999999999 0.00000000099999999999 0.00368688680809571654 0.99631311119190424375 
0.99821055523260893150 0.00178944276739108473 0.00000000099999999998 0.00000000099999999998 
0.00000000099999999981 0.99999999700000008485 0.00000000099999999981 0.00000000099999999981 
0.97091001003222643373 0.02335800569533753174 0.00573198327243611139 0.00000000100000000000 
0.96888090164119589076 0.01704976948865685737 0.01406932787014726800 0.00000000100000000000 
0.95831291443631239080 0.00324739325572228829 0.03843969096490298942 0.00000000134306237835 
0.95811671701314948812 0.00938704698109596100 0.01470092241115535624 0.01779531359459922760 
0.94941803935831436956 0.00000000100000000000 0.03895451908975469668 0.01162744055193112684 
0.85713648145261123190 0.02046901590299459589 0.02656659705639063604 0.09582790558800356739 
0.96920375713831696807 0.01125596145297494410 0.01954028040870816468 0.00000000100000000000 
0.00000000099999999990 0.00000000099999999990 0.99999999699999986280 0.00000000099999999990 
0.95185890334837719440 0.02620504214482813690 0.00000000100000000000 0.02193605350679469004 
0.00000000099999999982 0.99999999700000008485 0.00000000099999999982 0.00000000099999999982 
0.96549929766089459537 0.02108107081338212244 0.01341963052572321680 0.00000000100000000000 
0.99999999699999997382 0.00000000099999999992 0.00000000099999999992 0.00000000099999999992 
0.00000000099999999995 0.00000000099999999995 0.00000000099999999995 0.99999999699999997382 
0.99999999699999997382 0.00000000099999999992 0.00000000099999999992 0.00000000099999999992 
0.99999999699999997382 0.00000000099999999992 0.00000000099999999992 0.00000000099999999992 
0.91992412707184834098 0.00923855617595223735 0.02046588119900219147 0.05037143555319719551 
0.95174937426778682958 0.01085992808183511987 0.02530078836249271754 0.01208990928788533301 
0.99999999699999997382 0.00000000099999999995 0.00000000099999999995 0.00000000099999999995 
0.99999999700000008485 0.00000000099999999993 0.00000000099999999993 0.00000000099999999993 
0.95466831296048670907 0.03141362156233678399 0.00091299858207651507 0.01300506689510011644 
0.00000000099999999995 0.00000000099999999995 0.00000000099999999995 0.99999999699999997382 
0.93109295827742621920 0.02361439300707695796 0.03011166794940835917 0.01518098076608864234 
0.99999999699999997382 0.00000000099999999993 0.00000000099999999993 0.00000000099999999993 
0.92298488030655922998 0.02169029675843202332 0.01954409752626767513 0.03578072540874108892 
0.95968051834745615736 0.01411652516216616547 0.00000000100000000000 0.02620295549037780780 
0.99999999700000008485 0.00000000099999999998 0.00000000099999999998 0.00000000099999999998 
0.00000000099999999996 0.00000000099999999996 0.00000000099999999996 0.99999999699999997382 
0.99999999700000008485 0.00000000099999999997 0.00000000099999999997 0.00000000099999999997 
0.95632772468364746210 0.00000325212877097539 0.02525216757736996331 0.01841685561021166179 
0.90994890378846493562 0.01315237720908064498 0.02524599391706111584 0.05165272508539336255 
0.95643132790359786100 0.00183748623789851549 0.00000000100000000000 0.04173118485850366155 
0.00000000099999999994 0.00000000099999999994 0.00000000099999999994 0.99999999699999997382 
0.85335585968770200083 0.01220498813261486348 0.04774914227409055717 0.08669000990559276587 
0.94204327909322804757 0.02777140449196427788 0.00000000099999999999 0.03018531541480769589 
0.95421266353567391061 0.02806313581524154388 0.00000000100000000000 0.01772419964908455298 
0.93442151889228963757 0.05616069842295991210 0.00941769500400745432 0.00000008768074302575 
0.96592478576626661368 0.00000000099999999998 0.00000000099999999998 0.03407521223373347063 
0.12792828628149480186 0.00098101761319926810 0.00000000100000000000 0.87109069510530590108 
0.90807490101381027614 0.00824976205275471108 0.01761377683971611027 0.06606156009371887128 
0.99999999700000008485 0.00000000099999999991 0.00000000099999999991 0.00000000099999999991 
0.99149555985414550285 0.00850443814585446003 0.00000000099999999999 0.00000000099999999999 
0.94681771603596609488 0.00000000099999999999 0.05318228196403392005 0.00000000099999999999 
0.53859341237619184906 0.00001030419260760917 0.00000000100000000000 0.46139628243120067719 
0.97598160817760604147 0.02401838982239387285 0.00000000099999999999 0.00000000099999999999 
0.47075445472867688546 0.03667633224810638165 0.06156550080894816063 0.43100371221426847512 
0.82696778416550242863 0.02284120510159893050 0.02427364940691939185 0.12591736132597916575 
0.95292972513032758730 0.00731688554914145754 0.00469759343279608187 0.03505579588773495570 
0.60401212299620699042 0.00000000099999999999 0.00000000099999999999 0.39598787500379295512 
0.96851654493141237090 0.00001140609453363815 0.00000000100000000000 0.03147204797405397936 
0.18014705104218398102 0.00000000099999999999 0.81985294695781607555 0.00000000099999999999 
0.12103237019957406584 0.02509942142755778455 0.14424107440152300619 0.70962713397134524751 
0.95745823302639432306 0.01159662646631697512 0.00000000100000000000 0.03094513950728865204 
0.99999999700000008485 0.00000000099999999996 0.00000000099999999996 0.00000000099999999996 
0.99999999699999997382 0.00000000099999999997 0.00000000099999999997 0.00000000099999999997 
0.99999999699999997382 0.00000000099999999993 0.00000000099999999993 0.00000000099999999993 
0.00000000099999999993 0.99999999699999997382 0.00000000099999999993 0.00000000099999999993 
0.94436087206996655041 0.00000035837868351327 0.02170092194742084465 0.03393784760392912214 
0.97401003642495831425 0.01973050453980293786 0.00625945803523868249 0.00000000099999999999 
0.98978234855664792846 0.01021764944335205524 0.00000000099999999997 0.00000000099999999997 
0.94003353631256114653 0.03206911358976988202 0.00000000099999999999 0.02789734909766898585 
0.99999999699999997382 0.00000000099999999993 0.00000000099999999993 0.00000000099999999993 
0.00000000099999999982 0.99999999699999997382 0.00000000099999999982 0.00000000099999999982 
0.99999999700000008485 0.00000000099999999995 0.00000000099999999995 0.00000000099999999995 
0.99999999700000008485 0.00000000099999999996 0.00000000099999999996 0.00000000099999999996 
0.00000000099999999981 0.99999999699999997382 0.00000000099999999981 0.00000000099999999981 
0.00000000099999999990 0.99999999699999997382 0.00000000099999999990 0.00000000099999999990 
0.94428356891007980689 0.02122777843227962452 0.02131727174590070800 0.01317138091173989702 
0.99999999700000008485 0.00000000099999999990 0.00000000099999999990 0.00000000099999999990 
0.93141390627520426193 0.04890123574080137980 0.00963288046504757675 0.01005197751894660457 
0.99999999699999997382 0.00000000099999999995 0.00000000099999999995 0.00000000099999999995 
