0.00061611746134948315 0.00000000099999999999 0.11368694642559352970 0.33099445330223992157 0.55470248081081707792 0.00000000099999999999 
0.00000000099999999998 0.00000000099999999998 0.97276901005892024710 0.00000000099999999998 0.00000108743939276169 0.02722989950168702017 
0.00000000099999999999 0.02337134837535657927 0.83367324748956161962 0.00459397245794359015 0.13827786222045185260 0.00008356845668651274 
0.00000000099999999998 0.00000000099999999998 0.92482121133559613835 0.00000000099999999998 0.06528358747977636156 0.00989519818462752422 
0.00000000099999999997 0.00000000099999999997 0.89553366984628579583 0.00000000099999999997 0.10446632615371412300 0.00000000099999999997 
0.00000000099999999996 0.00000000099999999996 0.99999991308880564755 0.00000000099999999996 0.00000008291119428275 0.00000000099999999996 
0.00000000099999999991 0.97180846176404167558 0.00000000099999999991 0.00000000099999999991 0.00000000099999999991 0.02819153423595853469 
0.00000000099999999990 0.00000000099999999990 0.00000000099999999990 0.00000000099999999990 0.99999999500000003039 0.00000000099999999990 
0.01667177667988677114 0.00000000099999999994 0.92662274332840888214 0.00000000099999999994 0.05670547699170448014 0.00000000099999999994 
0.00000000099999999991 0.99999999500000003039 0.00000000099999999991 0.00000000099999999991 0.00000000099999999991 0.00000000099999999991 
0.00000000099999999995 0.99999948538464933367 0.00000000099999999995 0.00000007149898277077 0.00000000099999999995 0.00000044011636792400 
0.00000000099999999995 0.99999999500000003039 0.00000000099999999995 0.00000000099999999995 0.00000000099999999995 0.00000000099999999995 
0.00000000099999999989 0.00000000099999999989 0.00000000099999999989 0.00000000099999999989 0.00000000099999999989 0.99999999499999991937 
0.00000000099999999999 0.55072901414731267877 0.12485986072701917016 0.16977227052637722249 0.00000541934340444823 0.15463343425588665925 
0.00000000099999999999 0.00000000122493609632 0.00000000099999999999 0.41156406686751439983 0.16588148682883008256 0.42255444307871947718 
0.00000000099999999992 0.99994928088246015641 0.00000000099999999992 0.00000000099999999992 0.00000000099999999992 0.00005071511753983924 
0.00000000099999999999 0.44841046807881962399 0.00246551893694678349 0.24027121493953421116 0.10383008240475598283 0.20502271463994323208 
0.00000000099999999999 0.00000000099999999999 0.04249911675693453239 0.23995347396480365409 0.52776875229343189755 0.18977865498482993090 
0.00000000099999999977 0.00000000099999999977 0.00000000099999999977 0.99999999499999991937 0.00000000099999999977 0.00000000099999999977 
0.00000000099999999998 0.00000382262292259734 0.00000000099999999998 0.49519172717989856647 0.00000000099999999998 0.50480444719717876279 
0.00000000099999999980 0.00000000099999999980 0.00000000099999999980 0.00000000099999999980 0.00000000099999999980 0.99999999499999991937 
0.00000000099999999994 0.97829616376908778985 0.00000000099999999994 0.00000000099999999994 0.00000000099999999994 0.02170383223091230940 
0.00000000099999999984 0.00000000099999999984 0.00000000099999999984 0.99999999500000003039 0.00000000099999999984 0.00000000099999999984 
0.00000000099999999998 0.00000000099999999998 0.84281792016991585736 0.00000000099999999998 0.10604197964872533189 0.05114009718135886090 
0.00000000099999999994 0.97406702527682387238 0.00000000099999999994 0.00000000099999999994 0.00000000099999999994 0.02593297072317634483 
0.00000000099999999995 0.99905576181943445135 0.00000000099999999995 0.00000000099999999995 0.00000000099999999995 0.00094423418056567782 
0.00000000099999999994 0.00000000099999999994 0.00000000099999999994 0.00000000099999999994 0.00000000099999999994 0.99999999499999991937 
0.00653120029689338143 0.00000000099999999999 0.94306370204544665015 0.00355270197910821130 0.01929988538270190068 0.02755250929584985090 
0.00000000099999999996 0.00000000099999999996 0.93517857781996305278 0.00000000099999999996 0.06482141818003686606 0.00000000099999999996 
0.00000000099999999999 0.99991382371691173159 0.00000000099999999999 0.00000000099999999999 0.00000007094278350993 0.00008610234030475242 
0.00003623931033533997 0.88285562961623176292 0.00000000129986988367 0.03371341637408209468 0.08339410241695557890 0.00000061098252540438 
0.01484574366174541693 0.93365136130021342264 0.00000000099999999997 0.01663445801389470263 0.00000000099999999997 0.03486843502414650742 
0.00000007736434418260 0.00068561509488945381 0.91219165175308003501 0.00000000099999999999 0.01702986810013430372 0.07009278668755197783 
0.99999999500000003039 0.00000000099999999983 0.00000000099999999983 0.00000000099999999983 0.00000000099999999983 0.00000000099999999983 
0.04271361653219672011 0.00000000099999999999 0.84538698201348594363 0.00000000099999999999 0.10592737345840845531 0.00597202599590880220 
0.00000000099999999996 0.99848813063448016436 0.00000000099999999996 0.00151186536551995050 0.00000000099999999996 0.00000000099999999996 
0.00000000099999999989 0.00000000099999999989 0.00000000099999999989 0.99999999500000003039 0.00000000099999999989 0.00000000099999999989 
0.99999999500000003039 0.00000000099999999973 0.00000000099999999973 0.00000000099999999973 0.00000000099999999973 0.00000000099999999973 
0.00000000099999999996 0.99999999500000014141 0.00000000099999999996 0.00000000099999999996 0.00000000099999999996 0.00000000099999999996 
0.00000000099999999993 0.99190153185345764086 0.00000000099999999993 0.00809846414654227797 0.00000000099999999993 0.00000000099999999993 
0.00000000099999999995 0.95877707324605720984 0.00000000099999999995 0.00000977844677850548 0.00000000099999999995 0.04121314530716438385 
0.00000000099999999992 0.00000000099999999992 0.00000000099999999992 0.00000000099999999992 0.99999999499999991937 0.00000000099999999992 
0.00487953770182745442 0.08590045933177718751 0.07283207114539322347 0.00000000100000000000 0.83516490110437802130 0.00122302971662412619 
0.00000000099999999993 0.00000000099999999993 0.00000000099999999993 0.00000000099999999993 0.00000000099999999993 0.99999999500000003039 
0.00000000099999999998 0.00000000099999999998 0.50730169414356129920 0.00000000099999999998 0.00843491918625295482 0.48426338367018562092 
0.00000000099999999991 0.00000000099999999991 0.00000000099999999991 0.00000000099999999991 0.99999999499999991937 0.00000000099999999991 
0.00849633487224284514 0.98098761615286778071 0.00000000099999999998 0.00000000099999999998 0.00000000099999999998 0.01051604597488934104 
0.00000000099999999990 0.00000000099999999990 0.00000000099999999990 0.00000000099999999990 0.99999999500000003039 0.00000000099999999990 
0.00000000099999999993 0.00000000099999999993 0.00000000099999999993 0.00000000099999999993 0.99999999500000003039 0.00000000099999999993 
0.00000000099999999991 0.00000000099999999991 0.00000000099999999991 0.00000000099999999991 0.99999999499999991937 0.00000000099999999991 
0.02733061020284598824 0.00000000099999999998 0.85874567795322798158 0.00000000099999999998 0.11392299195947305779 0.00000071788445303476 
0.00000000099999999986 0.00000000099999999986 0.00000000099999999986 0.00000000099999999986 0.99999999499999991937 0.00000000099999999986 
0.00000000099999999990 0.00000000099999999990 0.00596386506469982671 0.00000000099999999990 0.99403613093530018840 0.00000000099999999990 
0.00045340250611604669 0.51755517311029619609 0.00000000099999999995 0.00182099983022533424 0.00000000099999999995 0.48017042255336245260 
0.00000011911504382923 0.00000001421514073337 0.80247516009398234260 0.01207310200611958623 0.16652705416066085342 0.01892455040905266853 
0.00298245252299680387 0.00000000099999999998 0.40400911107059434002 0.00000000099999999998 0.59300843340640874146 0.00000000099999999998 
0.00000000099999999994 0.00000000099999999994 0.00003132786660808333 0.00000000099999999994 0.99996866813339202462 0.00000000099999999994 
0.00826607377016736790 0.00000000099999999997 0.99169467836596469912 0.00000000099999999997 0.00003924486386791620 0.00000000099999999997 
0.00000000099999999993 0.00000000099999999993 0.00196155192187301040 0.00000000099999999993 0.99803844407812691841 0.00000000099999999993 
0.00000000099999999994 0.00000000099999999994 0.99999999499999991937 0.00000000099999999994 0.00000000099999999994 0.00000000099999999994 
0.00000000099999999995 0.00000000099999999995 0.97245197435372121575 0.00000000099999999995 0.02754802164627858860 0.00000000099999999995 
0.00000000099999999996 0.00000000099999999996 0.04066750131995852668 0.00000000099999999996 0.95933249468004133664 0.00000000099999999996 
0.00000000099999999991 0.00000000099999999991 0.00000000099999999991 0.00000000099999999991 0.99999999499999991937 0.00000000099999999991 
0.00000000099999999999 0.07582238548038451598 0.00000000827723256341 0.92417692105882198739 0.00000068318356082910 0.00000000099999999999 
0.00000000099999999995 0.00000000099999999995 0.96832468958380601975 0.00000000099999999995 0.03167530641619394072 0.00000000099999999995 
0.01701566346798259050 0.00000000099999999998 0.00021859705271026119 0.00466577541428364780 0.97809996206502336502 0.00000000099999999998 
0.00000000099999999990 0.00000000099999999990 0.00000000099999999990 0.99999999500000003039 0.00000000099999999990 0.00000000099999999990 
0.00934543044604818456 0.99057620981422733752 0.00000000099999999997 0.00007518202565112424 0.00000000099999999997 0.00000317571407350580 
0.00000000099999999996 0.00000000099999999996 0.99999998795005562435 0.00000000099999999996 0.00000000804994434654 0.00000000099999999996 
0.00000000099999999994 0.00000000099999999994 0.00000000099999999994 0.99999999499999991937 0.00000000099999999994 0.00000000099999999994 
0.00000000099999999992 0.00000000099999999992 0.00000000099999999992 0.99858511878477840273 0.00000000099999999992 0.00141487721522167700 
0.00000000099999999996 0.02174427545591789065 0.00000000099999999996 0.97825572054408216349 0.00000000099999999996 0.00000000099999999996 
0.00000000099999999992 0.00000000099999999992 0.00000000099999999992 0.00000000099999999992 0.00000000099999999992 0.99999999499999991937 
0.00282845490397915476 0.00000000099999999995 0.00000000099999999995 0.37737607567134112685 0.00000000099999999995 0.61979546642467975293 
0.02538471106392860624 0.02305000971422657696 0.00010216677177021410 0.27479340565964210930 0.14041230704607876589 0.53625739974435371327 
0.00000000099999999993 0.00000000099999999993 0.00000000099999999993 0.00000000099999999993 0.00000000099999999993 0.99999999499999991937 
0.00000000099999999993 0.99999999500000014141 0.00000000099999999993 0.00000000099999999993 0.00000000099999999993 0.00000000099999999993 
0.00000000099999999989 0.00000000099999999989 0.00000000099999999989 0.99999999500000003039 0.00000000099999999989 0.00000000099999999989 
0.01760194692086194251 0.00000000099999999993 0.00000000099999999993 0.34106551222153180802 0.00000000099999999993 0.64133253785760624410 
0.02394281751081997825 0.00000000099999999994 0.00000000099999999994 0.37449336208265321391 0.00000000099999999994 0.60156381740652675738 
0.03715971691359479939 0.07279276289357053398 0.00000000099999999999 0.85261208799400700631 0.00000000099999999999 0.03743543019882771689 
0.00916419675033893627 0.16038638263284429875 0.20222812504116624566 0.07584548107105731907 0.00030815745646610280 0.55206765704812721385 
0.00259075906952603574 0.78986794904300050568 0.13358334563731261158 0.07075829452396739661 0.00317843260776931591 0.00002121911842407083 
0.00000000099999999993 0.00000000099999999993 0.00000000099999999993 0.00000000099999999993 0.00000000099999999993 0.99999999499999991937 
0.00930809205054907059 0.00000767088267002548 0.00000000099999999998 0.99068407632589028378 0.00000000099999999998 0.00000015874089057850 
0.00000000099999999992 0.99999999500000014141 0.00000000099999999992 0.00000000099999999992 0.00000000099999999992 0.00000000099999999992 
0.00000000099999999997 0.93051211114160992111 0.00000000099999999997 0.03530706709493262180 0.00000000099999999997 0.03418081876345743092 
0.00000000099999999992 0.00000000113337066720 0.00000000099999999992 0.00000000099999999992 0.00000000099999999992 0.99999999486662938253 
0.00000000099999999996 0.98395080984030502957 0.00000000099999999996 0.01200492052545051001 0.00000000099999999996 0.00404426663424461898 
0.00998671979429607143 0.00000000099999999995 0.00000000099999999995 0.36815134384427039560 0.00000000099999999995 0.62186193336143358312 
0.00000000099999999998 0.00000000099999999998 0.00000000099999999998 0.00000000099999999998 0.03923651466441510638 0.96076348133558497899 
0.00000000099999999993 0.06810112930411743593 0.00000000099999999993 0.93189886669588251067 0.00000000099999999993 0.00000000099999999993 
0.00000000099999999997 0.01245934489239954035 0.00000000099999999997 0.00000000099999999997 0.00000000099999999997 0.98754065110760036461 
0.00000000099999999996 0.93245773334690529310 0.00000000099999999996 0.04875053331674218671 0.00000000099999999996 0.01879173033635263279 
0.00000000099999999991 0.00000000099999999991 0.00000000099999999991 0.00000000099999999991 0.99999999500000003039 0.00000000099999999991 
0.00000000099999999982 0.00000000099999999982 0.00000000099999999982 0.00000000099999999982 0.99999999500000003039 0.00000000099999999982 
0.02951127285701619918 0.00000000099999999996 0.95540453640173483851 0.00000000099999999996 0.01508418774124911134 0.00000000099999999996 
0.00000010984747611485 0.00000000099999999995 0.97945270198742728773 0.00000000099999999995 0.02054718516509660212 0.00000000099999999995 
0.04921697624903589863 0.00040406003213191603 0.00837701256523166148 0.90792753056018193902 0.02487496917081284675 0.00919945142260573251 
0.00000000099999999997 0.00000000099999999997 0.85960304458510616854 0.00000000099999999997 0.05885968703906464816 0.08153726537582922651 
0.00000304654290886374 0.00000000099999999997 0.99998437618338309463 0.00000000099999999997 0.00001257427370806365 0.00000000099999999997 
0.00424422020663714310 0.01855924367362228600 0.00000000099999999999 0.85340795210011211047 0.12378858201962844587 0.00000000099999999999 
0.02096807651276414233 0.10423614321342167255 0.75043333108590837277 0.00000000099999999999 0.10052718678291934495 0.02383526140498633261 
0.00000000099999999988 0.00000000099999999988 0.00000000099999999988 0.00000000099999999988 0.99999999500000003039 0.00000000099999999988 
0.00000000099999999999 0.00007212399356903801 0.04967679389705624560 0.82432064439867513972 0.12591908393076381434 0.00001135277993575290 
0.00000000099999999993 0.89290511957980844837 0.00000000099999999993 0.08531281708077798065 0.00000000099999999993 0.02178206033941361766 
0.00000000099999999988 0.00000000099999999988 0.00000000099999999988 0.99999999499999991937 0.00000000099999999988 0.00000000099999999988 
0.00000000099999999990 0.00000000099999999990 0.00000000099999999990 0.00000000099999999990 0.00000000099999999990 0.99999999500000003039 
0.00000000099999999996 0.99938802658534220402 0.00000000099999999996 0.00000000099999999996 0.00000000099999999996 0.00061196941465793090 
0.00000000099999999996 0.00000000099999999996 0.99999175448578569991 0.00000000099999999996 0.00000824151421420736 0.00000000099999999996 
0.00005217396906642241 0.00000038206627578698 0.77961205218210893886 0.17031819682917020975 0.04002633246221691532 0.00999086249116179839 
0.00000000099999999998 0.00000000099999999998 0.96679894302587032762 0.00000000099999999998 0.03303630985117456814 0.00016474412295493988 
0.00000000099999999997 0.00000000099999999997 0.93022313450929283718 0.00000000099999999997 0.06977686149070710941 0.00000000099999999997 
0.00000000099999999999 0.00090848541252628256 0.94118234074960382962 0.00000000099999999999 0.05790916872577858698 0.00000000311209130558 
0.00000000099999999992 0.00000000099999999992 0.91781932095748852696 0.00000000099999999992 0.08218067504251136413 0.00000000099999999992 
0.00000000099999999996 0.96663534554455721182 0.00000000099999999996 0.02554062772505358986 0.00000000099999999996 0.00782402373038929531 
0.00000000099999999996 0.00000000099999999996 0.00000000099999999996 0.00000000099999999996 0.00000000099999999996 0.99999999500000003039 
0.00000000099999999995 0.98549802980302936284 0.00000000099999999995 0.01428868851554646567 0.00000000099999999995 0.00021327868142434551 
0.00000000099999999997 0.99999888263264125055 0.00000000099999999997 0.00000111336735874497 0.00000000099999999997 0.00000000099999999997 
0.00000000099999999989 0.00000000099999999989 0.00000000099999999989 0.00000000099999999989 0.00000000099999999989 0.99999999500000003039 
0.00000000099999999984 0.00000000099999999984 0.00000000099999999984 0.99999999499999991937 0.00000000099999999984 0.00000000099999999984 
0.00000000099999999990 0.00000000099999999990 0.00000000099999999990 0.99999999500000003039 0.00000000099999999990 0.00000000099999999990 
0.00000000099999999991 0.99999999500000003039 0.00000000099999999991 0.00000000099999999991 0.00000000099999999991 0.00000000099999999991 
0.00000000099999999993 0.99999999500000003039 0.00000000099999999993 0.00000000099999999993 0.00000000099999999993 0.00000000099999999993 
0.00000000099999999992 0.99999987308303683875 0.00000000099999999992 0.00000012291696315743 0.00000000099999999992 0.00000000099999999992 
0.00000000099999999991 0.00000000099999999991 0.00000000099999999991 0.99999999499999991937 0.00000000099999999991 0.00000000099999999991 
0.00000000175569057779 0.03870697561761032163 0.00000000099999999998 0.96129299098148379699 0.00000000099999999998 0.00000002964521532935 
0.00000000099999999993 0.99999999500000014141 0.00000000099999999993 0.00000000099999999993 0.00000000099999999993 0.00000000099999999993 
0.00000000099999999991 0.00000000099999999991 0.00000000099999999991 0.00000000099999999991 0.00000000099999999991 0.99999999500000003039 
0.03349328069392749213 0.87770762517895473120 0.00000000099999999999 0.03095562212853472314 0.00000000099999999999 0.05784346999858325927 
0.00000000099999999986 0.00000000099999999986 0.00000000099999999986 0.99999999500000003039 0.00000000099999999986 0.00000000099999999986 
0.00000000099999999992 0.99997356413311022649 0.00000000099999999992 0.00002643186688987396 0.00000000099999999992 0.00000000099999999992 
0.01193906937789469304 0.00000000099999999999 0.86410328732594432477 0.00000000099999999999 0.09451314236386673673 0.02944449893229416151 
0.00000119985635299430 0.00818014249505289934 0.00000000099999999996 0.83403326682234724121 0.00000000099999999996 0.15778538882624681960 
0.01554305849540514248 0.07447707483300648745 0.90915163584789515649 0.00000000099999999998 0.00082822882369329963 0.00000000099999999998 
0.00000000099999999986 0.00000000099999999986 0.00000000099999999986 0.99999999499999991937 0.00000000099999999986 0.00000000099999999986 
0.00000000099999999995 0.99979491692622413090 0.00000000099999999995 0.00000009862607658191 0.00000000099999999995 0.00020498144769931278 
0.00000000099999999991 0.99999999500000014141 0.00000000099999999991 0.00000000099999999991 0.00000000099999999991 0.00000000099999999991 
0.00000000099999999989 0.00000000099999999989 0.00000000099999999989 0.99999999500000003039 0.00000000099999999989 0.00000000099999999989 
0.00000000099999999992 0.99999999500000003039 0.00000000099999999992 0.00000000099999999992 0.00000000099999999992 0.00000000099999999992 
0.07034755067758488578 0.64358301997337530320 0.19307808338191678743 0.01342151210963373961 0.03445018293903749640 0.04511965091845179798 
0.00000000099999999991 0.00000000099999999991 0.00000000099999999991 0.99999999500000003039 0.00000000099999999991 0.00000000099999999991 
0.00000000099999999999 0.99922847854318608274 0.00000000099999999999 0.00076551540800370074 0.00000600304881019172 0.00000000099999999999 
0.00466129015880934524 0.00000000099999999996 0.13787730454121832624 0.00000000099999999996 0.85746140229997225291 0.00000000099999999996 
0.99999999500000014141 0.00000000099999999969 0.00000000099999999969 0.00000000099999999969 0.00000000099999999969 0.00000000099999999969 
0.00000000099999999993 0.00000000099999999993 0.99981604061671081052 0.00000000099999999993 0.00018395538328916839 0.00000000099999999993 
0.00000000099999999995 0.00000000099999999995 0.98761217203867035508 0.00000000099999999995 0.01238782396132947182 0.00000000099999999995 
0.00000000099999999997 0.00000000099999999997 0.99999789567371732968 0.00000000099999999997 0.00000210032628265009 0.00000000099999999997 
0.00000000099999999997 0.00000000099999999997 0.99580240711865164460 0.00000000099999999997 0.00419758804850100305 0.00000000183284729346 
0.00000000099999999998 0.00000000099999999998 0.95857881421227353336 0.01450405137992557929 0.02691713140780075536 0.00000000099999999998 
0.00577661437441500877 0.08036278797290055675 0.71607514219835521896 0.02051182332913641104 0.17727363112519278765 0.00000000100000000000 
0.00000000099999999994 0.00000000099999999994 0.99999999499999991937 0.00000000099999999994 0.00000000099999999994 0.00000000099999999994 
0.00000000099999999985 0.00000000099999999985 0.00000000099999999985 0.99999999499999991937 0.00000000099999999985 0.00000000099999999985 
0.01618218319260587498 0.00000000099999999998 0.94155791966577173646 0.00000000099999999998 0.04225989414162252544 0.00000000099999999998 
0.99999999500000003039 0.00000000099999999970 0.00000000099999999970 0.00000000099999999970 0.00000000099999999970 0.00000000099999999970 
0.00000000099999999997 0.00000000099999999997 0.96214151087401300622 0.00000000099999999997 0.03785848512598687793 0.00000000099999999997 
0.00000000099999999990 0.00000000099999999990 0.00000000137296186143 0.00000000099999999990 0.99999999462703814679 0.00000000099999999990 
0.00000000099999999992 0.99999999500000003039 0.00000000099999999992 0.00000000099999999992 0.00000000099999999992 0.00000000099999999992 
0.00000000099999999987 0.00000000099999999987 0.00000000099999999987 0.00000000099999999987 0.99999999500000003039 0.00000000099999999987 
0.00000000099999999990 0.00000000099999999990 0.00000000252654903745 0.00000000099999999990 0.99999999347345103207 0.00000000099999999990 
0.00571100934707334355 0.00993455155369185779 0.91384907593257447278 0.00000002401229075686 0.05676466486163377068 0.01374067429273592711 
0.00000000099999999997 0.00000000099999999997 0.89605890061677484493 0.00000000099999999997 0.07732869483982190983 0.02661240154340337866 
0.00000000099999999993 0.00000000099999999993 0.00000000099999999993 0.00000000099999999993 0.99999999499999991937 0.00000000099999999993 
0.00000000099999999990 0.00000000099999999990 0.00000000099999999990 0.00000000099999999990 0.99999999499999991937 0.00000000099999999990 
0.00000341533120056332 0.00000000099999999998 0.91716328520716849937 0.00000000099999999998 0.08283323956926008647 0.00000005789237094719 
0.00000000099999999992 0.99999999500000014141 0.00000000099999999992 0.00000000099999999992 0.00000000099999999992 0.00000000099999999992 
0.01026657498861783570 0.00000000100000000000 0.88305753123583741182 0.01700942662330037769 0.08965948096626194519 0.00000698518598257920 
0.00000000099999999989 0.00000000099999999989 0.00000000099999999989 0.00000000099999999989 0.99999999499999991937 0.00000000099999999989 
0.00026145577180978227 0.00000000099999999999 0.93715181993315910258 0.00000000099999999999 0.03025276344722764924 0.03233395884780351781 
0.00000000099999999997 0.00000000099999999997 0.94156818110784490372 0.00000000099999999997 0.05843181489215492491 0.00000000099999999997 
0.00000000099999999991 0.00000000099999999991 0.00000000099999999991 0.00000000099999999991 0.99999999499999991937 0.00000000099999999991 
0.00000000099999999992 0.99999999500000014141 0.00000000099999999992 0.00000000099999999992 0.00000000099999999992 0.00000000099999999992 
0.00000000099999999995 0.00000000099999999995 0.00000000099999999995 0.00000000099999999995 0.99999999500000003039 0.00000000099999999995 
0.00000000099999999999 0.00000000130826064920 0.96877077777880737930 0.00410900246044707072 0.02712021645248481258 0.00000000099999999999 
0.00000000100000000000 0.00000000100000000000 0.93218798857410278824 0.00141889613577724774 0.02633731087492756362 0.04005580241519235418 
0.00000000099999999996 0.00000000099999999996 0.94940759030409160868 0.00000000099999999996 0.04529718895728994388 0.00529521773861839438 
0.00000000099999999991 0.99999999500000003039 0.00000000099999999991 0.00000000099999999991 0.00000000099999999991 0.00000000099999999991 
0.00000000099999999998 0.00000000099999999998 0.79998886497429699816 0.00000000099999999998 0.05856303926164717344 0.14144809276405589937 
0.00922582807229198852 0.00000000099999999998 0.91614867885801498648 0.00000000099999999998 0.07376478157518910617 0.00086070949450385516 
0.00000000099999999994 0.00000000099999999994 0.99999999500000003039 0.00000000099999999994 0.00000000099999999994 0.00000000099999999994 
0.02105269558776378877 0.00000000099999999999 0.97684964299451748637 0.00000000099999999999 0.00209765841771872817 0.00000000099999999999 
0.00000000099999999999 0.02158637877234298105 0.13798625721588150816 0.00000000099999999999 0.82322991975268999809 0.01719744225908545823 
0.00000000207628169562 0.86558405038234453865 0.00000023485753300395 0.00000000099999999999 0.13441571068384081111 0.00000000099999999999 
0.00000000099999999999 0.00000000099999999999 0.91482614320608590663 0.00000000099999999999 0.01623882643066658707 0.06893502736324738644 
0.00000000099999999984 0.00000000099999999984 0.00000000099999999984 0.00000000099999999984 0.99999999499999991937 0.00000000099999999984 
0.00000000099999999998 0.00000000099999999998 0.00145683850994148532 0.00000000099999999998 0.99854315749005839731 0.00000000099999999998 
0.00000000099999999999 0.00000000099999999999 0.31849037435395938234 0.05294229784636039077 0.62856707937905209604 0.00000024642062810655 
0.00000350720007263607 0.39567974345331236030 0.17926628385607620841 0.00000000099999999999 0.35546986479363495981 0.06958059969690372215 
0.00000000099999999992 0.00000000099999999992 0.99999987630393805116 0.00000000099999999992 0.00000011969606183155 0.00000000099999999992 
0.02621314100455126445 0.41177440080283100876 0.40770664571333292692 0.06120128804679252771 0.09268156234591179432 0.00042296208658042017 
0.00000003682908364771 0.00000000099999999998 0.77457219778052788239 0.00000000099999999998 0.01795326148599071456 0.20747450190439789552 
0.00000000099999999999 0.00000000099999999999 0.99999335008865108954 0.00000000099999999999 0.00000000099999999999 0.00000664591134892290 
0.00000000099999999999 0.35642356543179848360 0.63949934960219356750 0.00000000099999999999 0.00000661143755514246 0.00407047152845279540 
0.00000000099999999999 0.02115929622705969154 0.63226955718747068769 0.00000000099999999999 0.34657114358546958766 0.00000000099999999999 
0.00000000099999999999 0.00000000099999999999 0.18279381444410344737 0.80907292708596911801 0.00813325546992737895 0.00000000099999999999 
0.00000000099999999989 0.00000000099999999989 0.00000000099999999989 0.00000000099999999989 0.00000000099999999989 0.99999999500000003039 
0.00000002614184313305 0.00000000099999999998 0.93810151144724129857 0.00000000099999999998 0.06187149271452164340 0.00002696769639396155 
0.00000000099999999991 0.00000000099999999991 0.00000000099999999991 0.00000000099999999991 0.99999999500000003039 0.00000000099999999991 
0.00000000099999999994 0.00000000099999999994 0.00000000099999999994 0.00000000099999999994 0.99999999500000003039 0.00000000099999999994 
0.00000000099999999991 0.00000000099999999991 0.00000000099999999991 0.00000000099999999991 0.99999999500000003039 0.00000000099999999991 
0.99999999500000014141 0.00000000099999999989 0.00000000099999999989 0.00000000099999999989 0.00000000099999999989 0.00000000099999999989 
0.00000000100000000000 0.00008961961194432115 0.96749699528168198182 0.00000002538426690583 0.02603174854429743737 0.00638161017780941326 
0.00000000099999999994 0.00000000099999999994 0.99096253027615621711 0.00000000099999999994 0.00903746572384383703 0.00000000099999999994 
0.01601702239359795513 0.00000000099999999996 0.04915969936983381056 0.00000000099999999996 0.93482327523656816304 0.00000000099999999996 
0.00001226583648592827 0.00000000099999999998 0.90303061921189131667 0.00000000099999999998 0.08296568497759865268 0.01399142797402419883 
0.00000000099999999990 0.00000000099999999990 0.00000000099999999990 0.00000000099999999990 0.99999999500000003039 0.00000000099999999990 
0.99999999500000014141 0.00000000099999999969 0.00000000099999999969 0.00000000099999999969 0.00000000099999999969 0.00000000099999999969 
0.00000000099999999992 0.00000000099999999992 0.00000000099999999992 0.00000000099999999992 0.99999999499999991937 0.00000000099999999992 
0.00000000099999999994 0.00000000099999999994 0.00018710569196541053 0.00000000099999999994 0.99981289030803444096 0.00000000099999999994 
0.99999999500000014141 0.00000000099999999969 0.00000000099999999969 0.00000000099999999969 0.00000000099999999969 0.00000000099999999969 
0.99999999500000003039 0.00000000099999999983 0.00000000099999999983 0.00000000099999999983 0.00000000099999999983 0.00000000099999999983 
0.00951945221605654882 0.00000000099999999998 0.98944735841449560354 0.00000000099999999998 0.00000000202488110659 0.00103318534456682239 
0.00000000099999999985 0.00000000099999999985 0.00000000099999999985 0.00000000099999999985 0.99999999500000003039 0.00000000099999999985 
0.02491280907161027777 0.00000000099999999998 0.92630139538309685943 0.00000000099999999998 0.03726874759425662098 0.01151704595103614920 
0.00000000099999999989 0.00000000099999999989 0.00000000099999999989 0.00000000099999999989 0.99999999499999991937 0.00000000099999999989 
