0.66909770706977089727 0.33089567250748114224 0.00000662042274804927 
0.93841231865993623984 0.00232959142325505535 0.05925808991680866361 
0.93728348519979409748 0.01035850346422633426 0.05235801133597969143 
0.95739566999269176684 0.01172253980398594436 0.03088179020332232350 
0.97885474280083106802 0.01022675091614996638 0.01091850628301897254 
0.96712543102002790363 0.00625044329210790867 0.02662412568786426056 
0.00000000099999999995 0.00000000099999999995 0.99999999800000005656 
0.99999999800000005656 0.00000000099999999996 0.00000000099999999996 
0.99134393290424360767 0.00232633973365823504 0.00632972736209819285 
0.00000000099999999996 0.00000000099999999996 0.99999999799999994554 
0.00000000099999999997 0.00000096996951229964 0.99999902903048765168 
0.00000000099999999998 0.00000132960461783404 0.99999866939538206712 
0.13628711353514372240 0.15794065967939516226 0.70577222678546125412 
0.13432342178268344424 0.19317764467472267609 0.67249893354259382416 
0.21706271065548632393 0.50751085819661834186 0.27542643114789533421 
0.00000000099999999996 0.00000000099999999996 0.99999999800000005656 
0.12581860235575478835 0.26479635290909231404 0.60938504473515298088 
0.61108544639666961817 0.27797647877678738348 0.11093807482654295671 
0.00000000099999999991 0.99999999799999994554 0.00000000099999999991 
0.04344579980704027511 0.61683715314553400066 0.33971704704742577974 
0.10761757247653436220 0.18222326736663785329 0.71015916015682778450 
0.00000000099999999997 0.00000043720949368804 0.99999956179050619731 
0.00000000099999999994 0.99999999800000005656 0.00000000099999999994 
0.93597281523741049369 0.00279334731431345098 0.06123383744827613079 
0.00000000099999999997 0.00000001592459986232 0.99999998307540005626 
0.00000000099999999997 0.00000000099999999997 0.99999999799999994554 
0.14224854083525814707 0.16098020854136119162 0.69677125062338074457 
0.93816549318102115951 0.02408286631525175317 0.03775164050372706998 
0.98506521095307464364 0.01482710397879274770 0.00010768506813266688 
0.00000220738335986156 0.00000202956352126987 0.99999576305311876911 
0.07617933296926179820 0.03306788387661067918 0.89075278315412764751 
0.00000000099999999999 0.03034036954816303824 0.96965962945183692412 
0.91034410258310138886 0.00008779378239148690 0.08956810363450722068 
0.29707224957371036744 0.70292756990480553814 0.00000018052148410089 
0.94857457248072485356 0.04193269999336898812 0.00949272752590606464 
0.00000000099999999998 0.00011226042733239636 0.99988773857266755041 
0.00000000099999999994 0.99999999799999994554 0.00000000099999999994 
0.27380660415479929348 0.70716123896957949757 0.01903215687562117078 
0.00000000099999999999 0.00002629073223955876 0.99997370826776044161 
0.00000000099999999997 0.00803012689515574841 0.99196987210484410813 
0.00000000099999999998 0.00029667889942611153 0.99970332010057383343 
0.99999999799999994554 0.00000000099999999996 0.00000000099999999996 
0.91846344244777156085 0.00001335400946472128 0.08152320354276386405 
0.13697418994163121364 0.15708570757973167042 0.70594010247863714369 
0.59140349554036253377 0.06954475476316984706 0.33905174969646756367 
0.99999999799999994554 0.00000000099999999995 0.00000000099999999995 
0.00000000099999999999 0.00000435641991764314 0.99999564258008222239 
0.99999999799999994554 0.00000000099999999995 0.00000000099999999995 
0.99999999799999994554 0.00000000099999999997 0.00000000099999999997 
0.99999999799999994554 0.00000000099999999996 0.00000000099999999996 
0.95883856754432250646 0.02329930292891122662 0.01786212952676622528 
0.99999999799999994554 0.00000000099999999993 0.00000000099999999993 
0.99999999800000005656 0.00000000099999999994 0.00000000099999999994 
0.00099528364933878892 0.11093474295182009781 0.88806997339884108378 
0.93542175248306658197 0.02881572186585758255 0.03576252565107587711 
0.99999993951771737333 0.00000004902863753503 0.00000001145364514304 
0.99999999799999994554 0.00000000099999999995 0.00000000099999999995 
0.96756021895402533062 0.02710885700372061419 0.00533092404225409249 
0.99999999800000005656 0.00000000099999999996 0.00000000099999999996 
0.97061623171533151222 0.01411347036255291079 0.01527029792211561342 
0.97468965865411139049 0.00000000099999999999 0.02531034034588863779 
0.99999999799999994554 0.00000000099999999997 0.00000000099999999997 
0.99999999800000005656 0.00000000099999999995 0.00000000099999999995 
0.00000658439058572830 0.93205278687363013468 0.06794062873578415873 
0.98548765919070224761 0.01450854527355342587 0.00000379553574436787 
0.98950311156579684457 0.01049688743420310218 0.00000000099999999999 
0.00000000099999999996 0.99999999799999994554 0.00000000099999999996 
0.00000000099999999998 0.00990126185469811064 0.99009873714530183264 
0.96490770788691848647 0.00684524240819309963 0.02824704970488843905 
0.00000000099999999998 0.99999728878015470279 0.00000271021984538520 
0.00000000099999999997 0.99887565665102251433 0.00112434234897754930 
0.00000000099999999998 0.96222393792446847538 0.03777606107553163617 
0.13013391091498846541 0.16673710212906608930 0.70312898695594538978 
0.04441702944750276078 0.58750228660384828938 0.36808068394864884576 
0.22980130078631685886 0.44338462812865703233 0.32681407108502597003 
0.13744737501542464431 0.20482119816778970867 0.65773142681678564703 
0.00000000099999999998 0.00000001483350758966 0.99999998416649238386 
0.00000000099999999995 0.99999999799999994554 0.00000000099999999995 
0.01577289488681378124 0.57828705290595272537 0.40594005220723344829 
0.03926409563482698845 0.60066805803976430767 0.36006784632540866919 
0.00000098574562201760 0.89824370014791832251 0.10175531410645966002 
0.28234485192010355670 0.20391327901422018343 0.51374186906567631539 
0.12065287078869449400 0.07776584163709691910 0.80158128757420865629 
0.15611947477130660999 0.12348938236515438760 0.72039114286353911343 
0.00000000099999999998 0.99655661692141306318 0.00344338207858696076 
0.00000000099999999997 0.00000000717943103617 0.99999999182056897862 
0.00000000099999999999 0.03279413792340873240 0.96720586107659123343 
0.10492182407639949471 0.14765419665061801924 0.74742397927298243054 
0.00000000099999999998 0.00718856584198630105 0.99281143315801378968 
0.03838565447771535161 0.57720221607617638870 0.38441212944610825275 
0.19373550602028119516 0.15543407212113255489 0.65083042185858630546 
0.00000000099999999997 0.92755018905065189649 0.07244980994934809015 
0.15824772464134204131 0.14115304540050974125 0.70059922995814816193 
0.00000000099999999998 0.04438398059156276748 0.95561601840843735101 
0.99999999800000005656 0.00000000099999999995 0.00000000099999999995 
0.99999999799999994554 0.00000000099999999993 0.00000000099999999993 
0.97059240232574162111 0.02075851208193204428 0.00864908559232632941 
0.99736597205775678887 0.00006390957747126720 0.00257011836477190380 
0.03897187971499715964 0.94595981296166942176 0.01506830732333340472 
0.92164940803997341678 0.02804823946436598922 0.05030235249566063910 
0.97207899740455250281 0.01467885792751126919 0.01324214466793620718 
0.11121986273724025762 0.86160573532899664695 0.02717440193376308155 
0.83202133384324195031 0.01597815695042694925 0.15200050920633109697 
0.99999999799999994554 0.00000000099999999995 0.00000000099999999995 
0.16427169548461012516 0.82120881657536770604 0.01451948794002219656 
0.00000000099999999997 0.07268696560302044529 0.92731303339697945809 
0.00000000099999999995 0.99999999799999994554 0.00000000099999999995 
0.12272463407798762935 0.19355492703129220655 0.68372043889072020573 
0.00000000099999999998 0.00000000099999999998 0.99999999800000005656 
0.96192944419587478322 0.03807032405637315875 0.00000023174775217377 
0.77372797628990874763 0.19134065774751427003 0.03493136596257692683 
0.95323752276264628325 0.01999826478860032564 0.02676421244875342581 
0.96429879933489381916 0.00590541507261841628 0.02979578559248782441 
0.94883451756210734906 0.00000420110299909260 0.05116128133489351859 
0.99868937713597294437 0.00000079478628011569 0.00130982807774689624 
0.00000000099999999998 0.01535342246150943682 0.98464657653849063657 
0.13399906536845465621 0.18341424770716230341 0.68258668692438317915 
0.00000000099999999998 0.01012697039412285838 0.98987302860587700337 
0.00000000099999999999 0.00009175211339559929 0.99990824688660440156 
0.09926093320747478299 0.16121116884754319032 0.73952789794498208220 
0.00000000099999999993 0.99999999799999994554 0.00000000099999999993 
0.00000000099999999995 0.99999999800000005656 0.00000000099999999995 
0.00000000099999999996 0.00000000099999999996 0.99999999799999994554 
0.00000000099999999996 0.00000000099999999996 0.99999999800000005656 
0.00000000099999999997 0.00008043628007736492 0.99991956271992277205 
0.00000000099999999996 0.99999217127432993291 0.00000782772567021614 
0.00000000099999999999 0.96442199062509714746 0.03557800837490282531 
0.00000000099999999996 0.00000000099999999996 0.99999999799999994554 
0.11104913800356057407 0.15521604760521168220 0.73373481439122767434 
0.00000519182315764939 0.06420849863571442828 0.93578630954112784757 
0.00000000099999999993 0.99999999800000005656 0.00000000099999999993 
0.00000000099999999997 0.00010123481332664273 0.99989876418667333891 
0.93406676784368714017 0.02087784181838741107 0.04505539033792556325 
0.00000000099999999998 0.88125810503997858980 0.11874189396002154950 
0.88789409565373567101 0.00110726993456095957 0.11099863441170325362 
0.00000000099999999995 0.99999999800000005656 0.00000000099999999995 
0.00000000099999999998 0.00007530109949968780 0.99992469790050042544 
0.00000000099999999997 0.00000000099999999997 0.99999999800000005656 
0.00000000099999999995 0.99999999800000005656 0.00000000099999999995 
0.00000000099999999996 0.00000000099999999996 0.99999999799999994554 
0.24626048116780063779 0.06901539426124447818 0.68472412457095477301 
0.00000000099999999996 0.99999999800000005656 0.00000000099999999996 
0.00000000099999999999 0.00155830391586752682 0.99844169508413238567 
0.99999999799999994554 0.00000000099999999998 0.00000000099999999998 
0.27855257281109152556 0.72144742618890844721 0.00000000099999999999 
0.98286589958930614674 0.01713374321601219760 0.00000035719468155599 
0.97667419386523512959 0.02332560356469422572 0.00000020257007057915 
0.96019428847862842158 0.03908255249863062247 0.00072315902274109603 
0.96250913303537610766 0.01507529121871157077 0.02241557574591239443 
0.94859004500515209379 0.03141619470887910964 0.01999376028596882085 
0.86604531282252528168 0.03513717904798623060 0.09881750812948862650 
0.97528346510084540366 0.02466261977008380249 0.00005391512907083071 
0.00000000099999999994 0.99999999799999994554 0.00000000099999999994 
0.96003066749940502156 0.01744768134509634000 0.02252165115549860375 
0.26756217501414192306 0.73243782398585810522 0.00000000099999999999 
0.97722630991889158913 0.02276568708824966078 0.00000800299285882941 
0.99999999799999994554 0.00000000099999999994 0.00000000099999999994 
0.00000000099999999996 0.00000000099999999996 0.99999999799999994554 
0.99999999799999994554 0.00000000099999999994 0.00000000099999999994 
0.99999999799999994554 0.00000000099999999994 0.00000000099999999994 
0.92444500099428084106 0.02351272579358547679 0.05204227321213369256 
0.95471730391092080037 0.02910723833251563711 0.01617545775656355558 
0.99999999800000005656 0.00000000099999999997 0.00000000099999999997 
0.99999999800000005656 0.00000000099999999995 0.00000000099999999995 
0.96176106986799092535 0.02071863380834768065 0.01752029632366144951 
0.00000000099999999997 0.00000012198842486229 0.99999987701157511122 
0.94015855724511698810 0.04017552708814259299 0.01966591566674051605 
0.99999999799999994554 0.00000000099999999995 0.00000000099999999995 
0.93422724584724825547 0.02699455035075197518 0.03877820380199973466 
0.96707074546761795375 0.00183091259523163901 0.03109834193715050113 
0.99999926993359455896 0.00000000099999999999 0.00000072906640543876 
0.00000000099999999997 0.00000000099999999997 0.99999999799999994554 
0.99999999800000005656 0.00000000099999999997 0.00000000099999999997 
0.95727605192737352802 0.02142002137138012546 0.02130392670124632917 
0.91700322159909308795 0.02979042881209877092 0.05320634958880807175 
0.95858474085181721858 0.00002036208238651566 0.04139489706579620870 
0.00000000099999999996 0.00000000099999999996 0.99999999799999994554 
0.85940445509384710832 0.04903625312658538293 0.09155929177956761977 
0.95805848268161220016 0.00002396228095713271 0.04191755503743063715 
0.97042894237198573659 0.00070267026842227005 0.02886838735959192104 
0.95489776199609843754 0.04387667600630391213 0.00122556199759767744 
0.96840406229740372268 0.00000000099999999999 0.03159593670259633336 
0.12897705012777743727 0.00000272331348778403 0.87102022655873490020 
0.91141343639016703104 0.02077685233645683999 0.06780971127337609428 
0.99999999800000005656 0.00000000099999999993 0.00000000099999999993 
0.99990906141142332775 0.00008821458301267024 0.00000272400556400508 
0.94884399535465480113 0.05115553068780540058 0.00000047395753985484 
0.53999063205753650152 0.00000036759307528564 0.46000900034938824179 
0.99897196725551773433 0.00034355515697028199 0.00068447758751206977 
0.48245195391484063663 0.08740110924718276497 0.43014693683797666779 
0.83750894307181211751 0.03520372508833091024 0.12728733183985696531 
0.95754327263094207723 0.00531023724307838792 0.03714649012597950883 
0.60404550600534245852 0.00000003769294216198 0.39595445630171538509 
0.96794931745979440052 0.00016541279964763170 0.03188526974055793523 
0.17625326350464179392 0.82321870461305213240 0.00052803188230604657 
0.12527216215868583471 0.17062360762667977410 0.70410423021463441895 
0.96513077439497030330 0.00032216961376722002 0.03454705599126254439 
0.99999999799999994554 0.00000000099999999997 0.00000000099999999997 
0.99999999799999994554 0.00000000099999999998 0.00000000099999999998 
0.99999999799999994554 0.00000000099999999994 0.00000000099999999994 
0.32146547050868240492 0.67853452849131745683 0.00000000099999999999 
0.94550192287674461600 0.02111405375887511274 0.03338402336438039270 
0.98145498941128461734 0.01854500225225081192 0.00000000833646451998 
0.99999999799999994554 0.00000000099999999998 0.00000000099999999998 
0.95794795348469674590 0.00000035348186415464 0.04205169303343912063 
0.99999999799999994554 0.00000000099999999995 0.00000000099999999995 
0.26957718127688040655 0.73042281772311945520 0.00000000099999999999 
0.99999999799999994554 0.00000000099999999996 0.00000000099999999996 
0.99999999800000005656 0.00000000099999999997 0.00000000099999999997 
0.29319126818118318445 0.70680873081881667730 0.00000000099999999999 
0.32828889603550920340 0.67171110145471113473 0.00000000250977978759 
0.95247361121120877048 0.03148754673382649777 0.01603884205496475257 
0.99999999800000005656 0.00000000099999999993 0.00000000099999999993 
0.95635193772343385366 0.03520916968299257765 0.00843889259357350104 
0.99999999799999994554 0.00000000099999999995 0.00000000099999999995 
