0.00032904263157388860 0.32934650956096822583 0.00000000099999999999 0.00000000099999999999 0.54628406525541717276 0.12404037955204062771 0.00000000099999999999 
0.42743779160495537495 0.00000000099999999997 0.02078477674876485701 0.00000000099999999997 0.00000000099999999997 0.55177742764627957239 0.00000000099999999997 
0.00000000099999999995 0.00000000099999999995 0.00000000099999999995 0.00000000099999999995 0.08423218150839074936 0.91576781349160929491 0.00000000099999999995 
0.18625039493794171008 0.00000000099999999996 0.00000000099999999996 0.00000000099999999996 0.04197375681529749714 0.77177584424676082264 0.00000000099999999996 
0.56481946561181683997 0.00000000099999999996 0.00000000099999999996 0.00000000099999999996 0.08754858684149639803 0.34763194354668680575 0.00000000099999999996 
0.00000000099999999987 0.00000000099999999987 0.00000000099999999987 0.00000000099999999987 0.00000000099999999987 0.99999999400000005867 0.00000000099999999987 
0.00000000099999999988 0.00000000099999999988 0.02813474400564319744 0.00000000099999999988 0.00000000099999999988 0.00000000099999999988 0.97186525099435672193 
0.00000000099999999990 0.00000000099999999990 0.00000000099999999990 0.00000000099999999990 0.99999999400000005867 0.00000000099999999990 0.00000000099999999990 
0.00000000099999999988 0.00000000099999999988 0.00000000099999999988 0.00000000099999999988 0.00000000099999999988 0.99999999400000005867 0.00000000099999999988 
0.00000000099999999988 0.00000000099999999988 0.00000000099999999988 0.00000000099999999988 0.00000000099999999988 0.00000000099999999988 0.99999999399999994765 
0.00000000099999999992 0.00000000099999999992 0.00000000099999999992 0.00000000099999999992 0.00000000099999999992 0.00000000099999999992 0.99999999400000005867 
0.00000000099999999994 0.00000000099999999994 0.00000000099999999994 0.00000000099999999994 0.00000000099999999994 0.00000000099999999994 0.99999999400000005867 
0.00000000099999999987 0.00000000099999999987 0.99999999399999994765 0.00000000099999999987 0.00000000099999999987 0.00000000099999999987 0.00000000099999999987 
0.12863162521731938415 0.17019713999338970112 0.14964833402210009350 0.00000000099999999999 0.00000000099999999999 0.00000000099999999999 0.55152289776719076730 
0.00000000099999999999 0.41244894218911060113 0.42051135754832902336 0.00000000099999999999 0.16703969626256037762 0.00000000099999999999 0.00000000099999999999 
0.00000000099999999990 0.00000000099999999990 0.00000000487544667230 0.00000000099999999990 0.00000000099999999990 0.00000000099999999990 0.99999999012455342839 
0.00247873963408874569 0.24025676374674861946 0.20490237173523179193 0.00000000099999999999 0.10378874670396974478 0.00000000150028885603 0.44857337567967209280 
0.00000000099999999999 0.23944039077212711519 0.18886960618889894747 0.00000000099999999999 0.51874880056613270618 0.05294119947284117722 0.00000000099999999999 
0.00000000099999999972 0.99999999400000016969 0.00000000099999999972 0.00000000099999999972 0.00000000099999999972 0.00000000099999999972 0.00000000099999999972 
0.00000000099999999997 0.49475569678633313231 0.50524429821366700910 0.00000000099999999997 0.00000000099999999997 0.00000000099999999997 0.00000000099999999997 
0.00000000099999999975 0.00000000099999999975 0.99999999399999994765 0.00000000099999999975 0.00000000099999999975 0.00000000099999999975 0.00000000099999999975 
0.00000000099999999992 0.00000000099999999992 0.02136864632224656432 0.00000000099999999992 0.00000000099999999992 0.00000000099999999992 0.97863134867775347647 
0.00000000099999999980 0.99999999400000016969 0.00000000099999999980 0.00000000099999999980 0.00000000099999999980 0.00000000099999999980 0.00000000099999999980 
0.41259999453266138492 0.00000000099999999998 0.04814287352924302016 0.00000000099999999998 0.08457820127651299869 0.45467892766158257700 0.00000000099999999998 
0.00000000099999999992 0.00000000099999999992 0.02600343136024839061 0.00000000099999999992 0.00000000099999999992 0.00000000099999999992 0.97399656363975151141 
0.00000000099999999993 0.00000000099999999993 0.00008345696390738725 0.00000000099999999993 0.00000000099999999993 0.00000000099999999993 0.99991653803609270579 
0.00000000099999999993 0.00000000099999999993 0.99999999399999994765 0.00000000099999999993 0.00000000099999999993 0.00000000099999999993 0.00000000099999999993 
0.74263817604640847136 0.00000000099999999999 0.03117024230487503225 0.00073526182081544303 0.00000000447817096698 0.22545631334973004201 0.00000000099999999999 
0.37179903522614865530 0.00000000099999999995 0.00000000099999999995 0.00000000099999999995 0.04956218080369151346 0.57863877997015966681 0.00000000099999999995 
0.00000000099999999998 0.00000000099999999998 0.00000000931757091945 0.00000000099999999998 0.00000000099999999998 0.00000000276250270681 0.99999998391992628299 
0.00000000099999999999 0.03425891321660579081 0.00000000099999999999 0.00000165729212303691 0.08329833877442266443 0.00000000099999999999 0.88244108771684848236 
0.00000000099999999996 0.01688407159602836952 0.03476806481121406944 0.01474194612620844357 0.00000000099999999996 0.00000000099999999996 0.93360591446654905834 
0.54676954713386005658 0.00000000099999999998 0.06750336517066676811 0.00000000099999999998 0.00000849565868688848 0.38571858541553266653 0.00000000462125376822 
0.00000000099999999979 0.00000000099999999979 0.00000000099999999979 0.99999999399999994765 0.00000000099999999979 0.00000000099999999979 0.00000000099999999979 
0.83442105415905698518 0.00000000099999999999 0.00003880533372634637 0.04247830671569575306 0.11524139606656290391 0.00782043572495809934 0.00000000099999999999 
0.00000000099999999994 0.00083976059811869015 0.00000000099999999994 0.00000000099999999994 0.00000000099999999994 0.00000000099999999994 0.99916023440188139748 
0.00000000099999999985 0.99999999400000005867 0.00000000099999999985 0.00000000099999999985 0.00000000099999999985 0.00000000099999999985 0.00000000099999999985 
0.00000000099999999967 0.00000000099999999967 0.00000000099999999967 0.99999999400000005867 0.00000000099999999967 0.00000000099999999967 0.00000000099999999967 
0.00000000099999999995 0.00000000099999999995 0.00000000099999999995 0.00000000099999999995 0.00000000099999999995 0.00000000099999999995 0.99999999400000005867 
0.00000000099999999991 0.00792229868630027305 0.00000000099999999991 0.00000000099999999991 0.00000000099999999991 0.00000000099999999991 0.99207769631369968621 
0.00000000099999999993 0.00000000099999999993 0.04121422887562318366 0.00000000099999999993 0.00000000099999999993 0.00000000099999999993 0.95878576612437682591 
0.00000000099999999991 0.00000000099999999991 0.00000000099999999991 0.00000000099999999991 0.99999999400000005867 0.00000000099999999991 0.00000000099999999991 
0.09212233481734220797 0.00000000100000000000 0.00000003421929092033 0.00337111708363204733 0.82006827049932573548 0.00000000100000000000 0.08443824138040925686 
0.00000000099999999991 0.00000000099999999991 0.99999999399999994765 0.00000000099999999991 0.00000000099999999991 0.00000000099999999991 0.00000000099999999991 
0.12102517542549749707 0.00000000099999999997 0.48454251864161229646 0.00000000099999999997 0.00000000099999999997 0.39443230193289036123 0.00000000099999999997 
0.00000027584327383647 0.00000000099999999990 0.00000000099999999990 0.00000000099999999990 0.99999971915672603018 0.00000000099999999990 0.00000000099999999990 
0.00000000099999999997 0.00000000099999999997 0.01090394205502648144 0.00850629649011580904 0.00000000099999999997 0.00000000099999999997 0.98058975745485776887 
0.00000000099999999990 0.00000000099999999990 0.00000000099999999990 0.00000000099999999990 0.99999999399999994765 0.00000000099999999990 0.00000000099999999990 
0.00000000099999999992 0.00000000099999999992 0.00000000099999999992 0.00000000099999999992 0.99999999400000005867 0.00000000099999999992 0.00000000099999999992 
0.00000000099999999990 0.00000000099999999990 0.00000000099999999990 0.00000000099999999990 0.99999999399999994765 0.00000000099999999990 0.00000000099999999990 
0.52454990479544816306 0.00000000099999999998 0.00000000099999999998 0.02290640543289633804 0.09845890000480325699 0.35408478676685212205 0.00000000099999999998 
0.00000000099999999986 0.00000000099999999986 0.00000000099999999986 0.00000000099999999986 0.99999999399999994765 0.00000000099999999986 0.00000000099999999986 
0.00000000099999999989 0.00000000099999999989 0.00000000099999999989 0.00000000099999999989 0.95712674852709433981 0.04287324647290557955 0.00000000099999999989 
0.00000000099999999992 0.00090746309476917044 0.48062473740923178367 0.00046767940994043341 0.00000000099999999992 0.00000000099999999992 0.51800011708605864236 
0.28828643582645330223 0.00260224281891201009 0.01372982236542479029 0.00000000099999999999 0.14377243769320408040 0.55160905929600567710 0.00000000099999999999 
0.42393044359241210950 0.00000000099999999997 0.00000000099999999997 0.00102135805133060859 0.57504819435625720292 0.00000000099999999997 0.00000000099999999997 
0.00000000099999999994 0.00000000099999999994 0.00000000099999999994 0.00000000099999999994 0.99999993108934692732 0.00000006391065313981 0.00000000099999999994 
0.67707829543378950099 0.00000000099999999996 0.00000000099999999996 0.01070572719358315120 0.00000000099999999996 0.31221597337262735339 0.00000000099999999996 
0.00014471283869804316 0.00000000099999999993 0.00000000099999999993 0.00000000099999999993 0.99478554077538217104 0.00506974238591990749 0.00000000099999999993 
0.37417446659013031685 0.00000000099999999992 0.00000000099999999992 0.00000000099999999992 0.00000000099999999992 0.62582552840986949150 0.00000000099999999992 
0.50010817317949352034 0.00000000099999999995 0.00000000099999999995 0.00000000099999999995 0.00697098033289055875 0.49292084248761591780 0.00000000099999999995 
0.00000000099999999995 0.00000000099999999995 0.00000000099999999995 0.00000000099999999995 0.92774897114181364977 0.07225102385818624184 0.00000000099999999995 
0.00000000099999999991 0.00000000099999999991 0.00000000099999999991 0.00000000099999999991 0.99999999400000005867 0.00000000099999999991 0.00000000099999999991 
0.00000000099999999998 0.92398093911295187119 0.00000000099999999998 0.00000000099999999998 0.00000000099999999998 0.00000000099999999998 0.07601905588704828409 
0.45800663823036952271 0.00000000099999999994 0.00000000099999999994 0.00000000099999999994 0.00747261180699572685 0.53452074596263465800 0.00000000099999999994 
0.01643883421456097602 0.00306796924853252467 0.00000000099999999998 0.01663826979378999621 0.96385492374311654284 0.00000000099999999998 0.00000000099999999998 
0.00000000099999999986 0.99999999400000005867 0.00000000099999999986 0.00000000099999999986 0.00000000099999999986 0.00000000099999999986 0.00000000099999999986 
0.00000000099999999996 0.00000013530035168462 0.00000000099999999996 0.00941532296097004513 0.00000000099999999996 0.00000000099999999996 0.99058453773867827241 
0.00000000099999999989 0.00000000099999999989 0.00000000099999999989 0.00000000099999999989 0.00000000099999999989 0.99999999399999994765 0.00000000099999999989 
0.00000000099999999992 0.99999999400000005867 0.00000000099999999992 0.00000000099999999992 0.00000000099999999992 0.00000000099999999992 0.00000000099999999992 
0.00000000099999999989 0.99914201170880689862 0.00085798329119321168 0.00000000099999999989 0.00000000099999999989 0.00000000099999999989 0.00000000099999999989 
0.00000000099999999995 0.97803408618286358234 0.00000000099999999995 0.00000000099999999995 0.00000000099999999995 0.00000000099999999995 0.02196590881713667009 
0.00000000099999999990 0.00000000099999999990 0.99999999399999994765 0.00000000099999999990 0.00000000099999999990 0.00000000099999999990 0.00000000099999999990 
0.00000000099999999993 0.37738178264607236123 0.61878200102248503978 0.00383621233144278888 0.00000000099999999993 0.00000000099999999993 0.00000000099999999993 
0.00000000100000000000 0.27365639752638326598 0.53670705848110855651 0.02586659339057660600 0.13965401718307679513 0.00131678447129947936 0.02279914794755516505 
0.00000000099999999991 0.00000000099999999991 0.99999999400000005867 0.00000000099999999991 0.00000000099999999991 0.00000000099999999991 0.00000000099999999991 
0.00000000099999999991 0.00000000099999999991 0.00000000099999999991 0.00000000099999999991 0.00000000099999999991 0.00000000099999999991 0.99999999399999994765 
0.00000000099999999985 0.99999999400000005867 0.00000000099999999985 0.00000000099999999985 0.00000000099999999985 0.00000000099999999985 0.00000000099999999985 
0.00000000099999999990 0.34089849809557593030 0.64102859055880423433 0.01807290734561975420 0.00000000099999999990 0.00000000099999999990 0.00000000099999999990 
0.00000000099999999992 0.37390904879677167028 0.60163709111867869073 0.02445385608454957518 0.00000000099999999992 0.00000000099999999992 0.00000000099999999992 
0.00000000099999999999 0.85229055418350063711 0.03769290378682255832 0.03716088881019553175 0.00000000099999999999 0.00000000099999999999 0.07285565021948123277 
0.20583415156368811694 0.07616359347445192385 0.54902502513801321182 0.00852341562386434159 0.00000000456184548593 0.00000007467160772529 0.16045373496652923229 
0.00018781232100347826 0.07519542508661036795 0.00000002125570236420 0.00023637092488723431 0.00000000100000000000 0.13698077138785808016 0.78739959802393844068 
0.00000000099999999991 0.00000000099999999991 0.99999999400000005867 0.00000000099999999991 0.00000000099999999991 0.00000000099999999991 0.00000000099999999991 
0.00000000099999999996 0.99045213246338048574 0.00000000099999999996 0.00954786191302392853 0.00000000099999999996 0.00000000099999999996 0.00000000162359573717 
0.00000000099999999990 0.00000000099999999990 0.00000000099999999990 0.00000000099999999990 0.00000000099999999990 0.00000000099999999990 0.99999999399999994765 
0.00000000099999999996 0.03534479755616585367 0.03469930909648731576 0.00000000099999999996 0.00000000099999999996 0.00000000099999999996 0.92995588934734685349 
0.00000000099999999989 0.00000000099999999989 0.99999999399999994765 0.00000000099999999989 0.00000000099999999989 0.00000000099999999989 0.00000000099999999989 
0.00000000099999999995 0.01133719010385592085 0.00308802366661514770 0.00000000099999999995 0.00000000099999999995 0.00000000099999999995 0.98557478222952887847 
0.00000000099999999993 0.36770624271431978647 0.62218310404328847074 0.01011064924239180214 0.00000000099999999993 0.00000000099999999993 0.00000000099999999993 
0.00000000099999999998 0.00000000099999999998 0.96053988407332602240 0.00000000099999999998 0.03946011092667397330 0.00000000099999999998 0.00000000099999999998 
0.00000000099999999991 0.93179892988767143436 0.00000000099999999991 0.00000000099999999991 0.00000000099999999991 0.00000000099999999991 0.06820106511232874869 
0.00000000099999999996 0.00000000099999999996 0.98598893045294666582 0.00000000099999999996 0.00000000099999999996 0.00000000099999999996 0.01401106454705328824 
0.00000000099999999994 0.04859773325131677008 0.01913622230213072109 0.00000000099999999994 0.00000000099999999994 0.00000000099999999994 0.93226604044655259074 
0.00000000099999999991 0.00000000099999999991 0.00000000099999999991 0.00000000099999999991 0.99999999399999994765 0.00000000099999999991 0.00000000099999999991 
0.00000000099999999981 0.00000000099999999981 0.00000000099999999981 0.00000000099999999981 0.99999999399999994765 0.00000000099999999981 0.00000000099999999981 
0.38912371407738255424 0.00000000099999999995 0.00000000099999999995 0.02393498008078066147 0.00000000099999999995 0.58694130184183657128 0.00000000099999999995 
0.99999999400000005867 0.00000000099999999991 0.00000000099999999991 0.00000000099999999991 0.00000000099999999991 0.00000000099999999991 0.00000000099999999991 
0.00000000099999999999 0.90792058682897358590 0.00137867274063731889 0.04531885210986832252 0.00000000099999999999 0.04530831957840233265 0.00007356674211847412 
0.56812398324680546402 0.00000000099999999997 0.07938636995053913181 0.00000000099999999997 0.03860337847812109202 0.31388626532453434148 0.00000000099999999997 
0.56004489842902849261 0.00000000099999999996 0.00000000099999999996 0.00000000099999999996 0.00000000099999999996 0.43995509657097170431 0.00000000099999999996 
0.00000000099999999999 0.85352159722683418330 0.00000000099999999999 0.00475469095533148558 0.12349091152197368138 0.00000000099999999999 0.01823279729586067474 
0.57182135291702529400 0.00000000099999999999 0.02146144794709590672 0.01971077225332348165 0.08475269691724800214 0.19646355734273357463 0.10579017162257384199 
0.00000000099999999986 0.00000000099999999986 0.00000000099999999986 0.00000000099999999986 0.99999999399999994765 0.00000000099999999986 0.00000000099999999986 
0.06444838704793807993 0.82172845860030008236 0.00000000099999999999 0.00000000099999999999 0.11382300692900546024 0.00000000099999999999 0.00000014442275653046 
0.00000000099999999991 0.08504905298097222011 0.02184511252516107768 0.00000000099999999991 0.00000000099999999991 0.00000000099999999991 0.89310583049386671473 
0.00000000099999999985 0.99999999400000016969 0.00000000099999999985 0.00000000099999999985 0.00000000099999999985 0.00000000099999999985 0.00000000099999999985 
0.00000000099999999988 0.00000000099999999988 0.99999999400000005867 0.00000000099999999988 0.00000000099999999988 0.00000000099999999988 0.00000000099999999988 
0.00000000099999999995 0.00000000099999999995 0.00000815606276941479 0.00000000099999999995 0.00000000099999999995 0.00000000099999999995 0.99999183893723064820 
0.47488482203786686053 0.00000000099999999995 0.00000000099999999995 0.00000000099999999995 0.00000000099999999995 0.52511517296213294781 0.00000000099999999995 
0.38849541314475027898 0.16747891129104183761 0.00979278143416485725 0.00000000160926928343 0.01884572969511299004 0.41538716182566060020 0.00000000100000000000 
0.00000000099999999990 0.00000000099999999990 0.00000000099999999990 0.00000000099999999990 0.00000000099999999990 0.99999999400000005867 0.00000000099999999990 
0.99999999400000005867 0.00000000099999999991 0.00000000099999999991 0.00000000099999999991 0.00000000099999999991 0.00000000099999999991 0.00000000099999999991 
0.59069098358753346911 0.00000000099999999998 0.00000000099999999998 0.00000000099999999998 0.03059538528097612009 0.37871362713149053780 0.00000000099999999998 
0.99660291963647795743 0.00000000099999999988 0.00000000099999999988 0.00000000099999999988 0.00339707536352218528 0.00000000099999999988 0.00000000099999999988 
0.00000000099999999994 0.02578697060118329346 0.00684638705682185083 0.00000000099999999994 0.00000000099999999994 0.00000000099999999994 0.96736663834199498879 
0.00000000099999999994 0.00000000099999999994 0.99999999399999994765 0.00000000099999999994 0.00000000099999999994 0.00000000099999999994 0.00000000099999999994 
0.00000000099999999994 0.01441631090466120521 0.00000084726957025853 0.00000000099999999994 0.00000000099999999994 0.00000000099999999994 0.98558283782576860954 
0.00000000099999999996 0.00000000099999999996 0.00000000099999999996 0.00000000099999999996 0.00000000099999999996 0.00000000099999999996 0.99999999400000005867 
0.00000000099999999986 0.00000000099999999986 0.99999999400000005867 0.00000000099999999986 0.00000000099999999986 0.00000000099999999986 0.00000000099999999986 
0.00000000099999999979 0.99999999400000005867 0.00000000099999999979 0.00000000099999999979 0.00000000099999999979 0.00000000099999999979 0.00000000099999999979 
0.00000000099999999986 0.99999999400000016969 0.00000000099999999986 0.00000000099999999986 0.00000000099999999986 0.00000000099999999986 0.00000000099999999986 
0.00000000099999999988 0.00000000099999999988 0.00000000099999999988 0.00000000099999999988 0.00000000099999999988 0.00000000099999999988 0.99999999400000005867 
0.00000000099999999991 0.00000000099999999991 0.00000000099999999991 0.00000000099999999991 0.00000000099999999991 0.00000000099999999991 0.99999999400000005867 
0.00000000099999999989 0.00000000099999999989 0.00000000099999999989 0.00000000099999999989 0.00000000099999999989 0.00000000099999999989 0.99999999400000005867 
0.00000000099999999988 0.99999999400000005867 0.00000000099999999988 0.00000000099999999988 0.00000000099999999988 0.00000000099999999988 0.00000000099999999988 
0.00000000099999999996 0.96138731615887351722 0.00000000099999999996 0.00000000099999999996 0.00000000099999999996 0.00000000099999999996 0.03861267884112654092 
0.00000000099999999990 0.00000000099999999990 0.00000000099999999990 0.00000000099999999990 0.00000000099999999990 0.00000000099999999990 0.99999999400000005867 
0.00000000099999999989 0.00000000099999999989 0.99999999400000005867 0.00000000099999999989 0.00000000099999999989 0.00000000099999999989 0.00000000099999999989 
0.00000000099999999998 0.03098778769466659089 0.05701873301695346841 0.03363254771034875773 0.00000000099999999998 0.00000000099999999998 0.87836092857803105272 
0.00000000099999999982 0.99999999400000016969 0.00000000099999999982 0.00000000099999999982 0.00000000099999999982 0.00000000099999999982 0.00000000099999999982 
0.00000000099999999989 0.00000001025991062513 0.00000000099999999989 0.00000000099999999989 0.00000000099999999989 0.00000000099999999989 0.99999998474008933158 
0.63531422651898206144 0.00000000099999999999 0.02500420688884888443 0.01434274420490964930 0.07510435022531171401 0.25023447016194766412 0.00000000099999999999 
0.00000000099999999993 0.83432142133083631030 0.15793436930715573641 0.00000000099999999993 0.00000000099999999993 0.00000000099999999993 0.00774420536200790335 
0.53080433151291916971 0.00000000099999999998 0.00000000099999999998 0.01444936654213049322 0.00000000099999999998 0.38309760164314771158 0.07164869730180259411 
0.00000000099999999982 0.99999999400000005867 0.00000000099999999982 0.00000000099999999982 0.00000000099999999982 0.00000000099999999982 0.00000000099999999982 
0.00000000099999999993 0.00000000099999999993 0.00000173839210674359 0.00000000099999999993 0.00000000099999999993 0.00000000099999999993 0.99999825660789332105 
0.00000000099999999989 0.00000000099999999989 0.00000000099999999989 0.00000000099999999989 0.00000000099999999989 0.00000000099999999989 0.99999999400000005867 
0.00000000099999999985 0.99999999400000016969 0.00000000099999999985 0.00000000099999999985 0.00000000099999999985 0.00000000099999999985 0.00000000099999999985 
0.00000000099999999989 0.00000000099999999989 0.00000000099999999989 0.00000000099999999989 0.00000000099999999989 0.00000000099999999989 0.99999999400000005867 
0.20861884020351789681 0.01458026204174696534 0.03908247053733546889 0.06999950091060411217 0.02161856186357600032 0.00000001972859720980 0.64610034471462240990 
0.00000000099999999988 0.99999999400000005867 0.00000000099999999988 0.00000000099999999988 0.00000000099999999988 0.00000000099999999988 0.00000000099999999988 
0.00000000099999999998 0.00008722503862379603 0.00000000099999999998 0.00000000099999999998 0.00000002361905326664 0.00000000099999999998 0.99991274734232293842 
0.15850608533906385134 0.00000000099999999996 0.00000000099999999996 0.00341652194610042115 0.83807738871483561383 0.00000000099999999996 0.00000000099999999996 
0.00000000099999999962 0.00000000099999999962 0.00000000099999999962 0.99999999400000005867 0.00000000099999999962 0.00000000099999999962 0.00000000099999999962 
0.00000000099999999986 0.00000000099999999986 0.00000000099999999986 0.00000000099999999986 0.00000000099999999986 0.99999999399999994765 0.00000000099999999986 
0.99999999400000016969 0.00000000099999999989 0.00000000099999999989 0.00000000099999999989 0.00000000099999999989 0.00000000099999999989 0.00000000099999999989 
0.99999999400000005867 0.00000000099999999993 0.00000000099999999993 0.00000000099999999993 0.00000000099999999993 0.00000000099999999993 0.00000000099999999993 
0.67310716827471073209 0.00000000099999999996 0.00000000099999999996 0.00000000099999999996 0.00000000099999999996 0.32689282672528935381 0.00000000099999999996 
0.99999999400000016969 0.00000000099999999992 0.00000000099999999992 0.00000000099999999992 0.00000000099999999992 0.00000000099999999992 0.00000000099999999992 
0.47746647782819984229 0.02051635804094246660 0.00000000100000000000 0.00301355594469039905 0.16065073363605322787 0.25860357642843995185 0.07974929712167422302 
0.99999999400000016969 0.00000000099999999989 0.00000000099999999989 0.00000000099999999989 0.00000000099999999989 0.00000000099999999989 0.00000000099999999989 
0.00000000099999999981 0.99999999400000005867 0.00000000099999999981 0.00000000099999999981 0.00000000099999999981 0.00000000099999999981 0.00000000099999999981 
0.28526511966107825913 0.00000000099999999997 0.00000000099999999997 0.00956443825264891197 0.02709761529028505145 0.67807282379598776689 0.00000000099999999997 
0.00000000099999999964 0.00000000099999999964 0.00000000099999999964 0.99999999399999994765 0.00000000099999999964 0.00000000099999999964 0.00000000099999999964 
0.41911707191419661500 0.00000000099999999996 0.00000000099999999996 0.00000000099999999996 0.01230439118244340026 0.56857853290335991225 0.00000000099999999996 
0.00000005856137680881 0.00000000099999999990 0.00000000099999999990 0.00000000099999999990 0.99999993643862328252 0.00000000099999999990 0.00000000099999999990 
0.00000000099999999989 0.00000000099999999989 0.00000000099999999989 0.00000000099999999989 0.00000000099999999989 0.00000000099999999989 0.99999999400000005867 
0.00000000099999999987 0.00000000099999999987 0.00000000099999999987 0.00000000099999999987 0.99999999399999994765 0.00000000099999999987 0.00000000099999999987 
0.00000000099999999990 0.00000000099999999990 0.00000000099999999990 0.00000000099999999990 0.99999973715730028356 0.00000025784269977429 0.00000000099999999990 
0.35360178441753958856 0.00000000099999999999 0.02304581117516501382 0.00000000099999999999 0.03953403473258764594 0.58381759792849274859 0.00000076974621501922 
0.69375508915888628447 0.00000000099999999997 0.02380268136387558506 0.00000000099999999997 0.04592222346790564985 0.23652000300933234689 0.00000000099999999997 
0.00000000099999999992 0.00000000099999999992 0.00000000099999999992 0.00000000099999999992 0.99999999399999994765 0.00000000099999999992 0.00000000099999999992 
0.00000000099999999990 0.00000000099999999990 0.00000000099999999990 0.00000000099999999990 0.99999999399999994765 0.00000000099999999990 0.00000000099999999990 
0.95221281371793398129 0.00000000099999999994 0.00000000099999999994 0.00000000099999999994 0.04778718128206620869 0.00000000099999999994 0.00000000099999999994 
0.00000000099999999989 0.00000000099999999989 0.00000000099999999989 0.00000000099999999989 0.00000000099999999989 0.00000000099999999989 0.99999999400000005867 
0.31756141772710272386 0.01346763763402220732 0.00000000099999999999 0.00000000099999999999 0.06568398015529336442 0.60328696148358162965 0.00000000099999999999 
0.00000000099999999989 0.00000000099999999989 0.00000000099999999989 0.00000000099999999989 0.99999999400000005867 0.00000000099999999989 0.00000000099999999989 
0.68453365892929929348 0.00000000099999999999 0.01888715038623066736 0.00000260678001685901 0.00001794727763439517 0.29655863462681869569 0.00000000099999999999 
0.67436947026685800655 0.00000000099999999996 0.00000000099999999996 0.00000000099999999996 0.03672425355206737629 0.28890627218107467478 0.00000000099999999996 
0.00000000099999999990 0.00000000099999999990 0.00000000099999999990 0.00000000099999999990 0.99999999399999994765 0.00000000099999999990 0.00000000099999999990 
0.00000000099999999990 0.00000000099999999990 0.00000000099999999990 0.00000000099999999990 0.00000000099999999990 0.00000000099999999990 0.99999999400000005867 
0.00000000099999999995 0.00000000099999999995 0.00000000099999999995 0.00000000099999999995 0.99999999400000005867 0.00000000099999999995 0.00000000099999999995 
0.99999999400000016969 0.00000000099999999992 0.00000000099999999992 0.00000000099999999992 0.00000000099999999992 0.00000000099999999992 0.00000000099999999992 
0.60816281709237807185 0.00051009755465014758 0.03692864808629198886 0.00000000100000000000 0.00321459097021495159 0.35118384429646487543 0.00000000100000000000 
0.99999999400000016969 0.00000000099999999992 0.00000000099999999992 0.00000000099999999992 0.00000000099999999992 0.00000000099999999992 0.00000000099999999992 
0.00000000099999999989 0.00000000099999999989 0.00000000099999999989 0.00000000099999999989 0.00000000099999999989 0.00000000099999999989 0.99999999400000005867 
0.81666981892821199907 0.00000000099999999997 0.13798951593241431945 0.00000000099999999997 0.04534066113937371134 0.00000000099999999997 0.00000000099999999997 
0.00000000099999999990 0.00000000099999999990 0.00000000099999999990 0.00000000099999999990 0.00000000099999999990 0.99999999399999994765 0.00000000099999999990 
0.53620229516745676612 0.00000000099999999994 0.00000000099999999994 0.00000000099999999994 0.00000000099999999994 0.46379769983254326426 0.00000000099999999994 
0.00000013982660529679 0.00000000099999999997 0.00000000099999999997 0.00000035199492874662 0.00000000099999999997 0.99999950417846594775 0.00000000099999999997 
0.00000102436822737056 0.00000000099999999999 0.00000918601847901991 0.00000000099999999999 0.80976009211203847649 0.16586527684339966160 0.02436441865785540090 
0.00005560345552353729 0.00000000099999999999 0.00000000099999999999 0.00000000099999999999 0.13456862387599707875 0.00000000099999999999 0.86537576866847942814 
0.30162324515242650014 0.00000000099999999998 0.05217575798634078998 0.00000000099999999998 0.00118079675437853080 0.64502019710685409848 0.00000000099999999998 
0.00000000099999999983 0.00000000099999999983 0.00000000099999999983 0.00000000099999999983 0.99999999399999994765 0.00000000099999999983 0.00000000099999999983 
0.00268602667975870527 0.00000000099999999998 0.00000000099999999998 0.00000000099999999998 0.99730974721131415706 0.00000422210892703837 0.00000000099999999998 
0.00011886157925848453 0.05469583067343386507 0.00000000099999999998 0.00000000099999999998 0.61724559819923041637 0.32793970654807713672 0.00000000099999999998 
0.11371159238788901280 0.00000000099999999999 0.06902269421973829255 0.00000000099999999999 0.35370196059777359032 0.06796277144868351217 0.39560097934591548219 
0.99999999400000005867 0.00000000099999999986 0.00000000099999999986 0.00000000099999999986 0.00000000099999999986 0.00000000099999999986 0.00000000099999999986 
0.00000028800713732166 0.06177101553830943031 0.00000001418035324220 0.02238740861680922969 0.05786547589445415612 0.45342624597231656614 0.40454955179062007664 
0.79169286540757100035 0.00000000099999999998 0.20669030631348522808 0.00000000099999999998 0.00000631625712323188 0.00161050902182057138 0.00000000099999999998 
0.99999999400000016969 0.00000000099999999996 0.00000000099999999996 0.00000000099999999996 0.00000000099999999996 0.00000000099999999996 0.00000000099999999996 
0.36243542376597204235 0.00000000099999999999 0.00144497284019427753 0.00000000099999999999 0.00000000099999999999 0.28085381868767839153 0.35526578170615524810 
0.65017972038695170944 0.00000000099999999999 0.00000000099999999999 0.00000000099999999999 0.34142992847955311309 0.00455531677768838180 0.00383503135580688702 
0.18805544925071307483 0.81194454325931308958 0.00000000099999999998 0.00000000099999999998 0.00000000348997401407 0.00000000099999999998 0.00000000099999999998 
0.00000000099999999987 0.00000000099999999987 0.99999999400000005867 0.00000000099999999987 0.00000000099999999987 0.00000000099999999987 0.00000000099999999987 
0.00000000099999999990 0.00000000099999999990 0.00000000099999999990 0.00000000099999999990 0.00000000099999999990 0.99999999400000005867 0.00000000099999999990 
0.00000000099999999991 0.00000000099999999991 0.00000000099999999991 0.00000000099999999991 0.99999999400000005867 0.00000000099999999991 0.00000000099999999991 
0.00000000099999999993 0.00000000099999999993 0.00000000099999999993 0.00000000099999999993 0.99999999399999994765 0.00000000099999999993 0.00000000099999999993 
0.00000000099999999990 0.00000000099999999990 0.00000000099999999990 0.00000000099999999990 0.99999999400000005867 0.00000000099999999990 0.00000000099999999990 
0.00000000099999999987 0.00000000099999999987 0.00000000099999999987 0.99999999399999994765 0.00000000099999999987 0.00000000099999999987 0.00000000099999999987 
0.99799120023710286009 0.00000000099999999995 0.00000000099999999995 0.00000000099999999995 0.00200879476289732512 0.00000000099999999995 0.00000000099999999995 
0.41129454031548395854 0.00000000099999999993 0.00000000099999999993 0.00000000099999999993 0.00000000099999999993 0.58870545468451596083 0.00000000099999999993 
0.00000000099999999996 0.00000000099999999996 0.00000000099999999996 0.01489144260385787469 0.92897347277614417127 0.05613508061999780002 0.00000000099999999996 
0.58939648171950553834 0.00000000099999999998 0.00366805099693173504 0.00000432723375132135 0.05964976471768119320 0.34728137333213021654 0.00000000099999999998 
0.00000000099999999990 0.00000000099999999990 0.00000000099999999990 0.00000000099999999990 0.99999999400000005867 0.00000000099999999990 0.00000000099999999990 
0.00000000099999999962 0.00000000099999999962 0.00000000099999999962 0.99999999399999994765 0.00000000099999999962 0.00000000099999999962 0.00000000099999999962 
0.00000000099999999991 0.00000000099999999991 0.00000000099999999991 0.00000000099999999991 0.98003161317660481000 0.01996838182339526549 0.00000000099999999991 
0.00000000109329319377 0.00000000099999999994 0.00000000099999999994 0.00000000099999999994 0.99999340651198909136 0.00000658839471767640 0.00000000099999999994 
0.00000000099999999962 0.00000000099999999962 0.00000000099999999962 0.99999999400000005867 0.00000000099999999962 0.00000000099999999962 0.00000000099999999962 
0.00000000099999999979 0.00000000099999999979 0.00000000099999999979 0.99999999399999994765 0.00000000099999999979 0.00000000099999999979 0.00000000099999999979 
0.00000000099999999991 0.00000000099999999991 0.00000000099999999991 0.00000000099999999991 0.00000000099999999991 0.99999999400000005867 0.00000000099999999991 
0.00000000099999999984 0.00000000099999999984 0.00000000099999999984 0.00000000099999999984 0.99999999399999994765 0.00000000099999999984 0.00000000099999999984 
0.00000000099999999992 0.00000000099999999992 0.00000000099999999992 0.00000000099999999992 0.00000000099999999992 0.99999999400000005867 0.00000000099999999992 
0.00000000099999999988 0.00000000099999999988 0.00000000099999999988 0.00000000099999999988 0.99999999399999994765 0.00000000099999999988 0.00000000099999999988 
