0.00000000099999999999 0.55221545841308283809 0.33587190084437568149 0.11191263874254160637 0.00000000099999999999 
0.02581537861050814744 0.00000007359169750919 0.00000000099999999998 0.97418454579779423241 0.00000000099999999998 
0.00037308973356324216 0.13599162871391171081 0.00000005266641105865 0.83742100990188950149 0.02621421898422461594 
0.00916457333598014352 0.06453668415401341008 0.00000000099999999998 0.92629874051000649082 0.00000000099999999998 
0.00000000099999999998 0.10391217131622250414 0.00000000099999999998 0.89608782568377742805 0.00000000099999999998 
0.00000000099999999997 0.00000000099999999997 0.00000000099999999997 0.99999999599999989108 0.00000000099999999997 
0.02823129137171949410 0.00000000099999999993 0.00000000099999999993 0.00000000099999999993 0.97176870562828066014 
0.00000000099999999992 0.99999999600000000211 0.00000000099999999992 0.00000000099999999992 0.00000000099999999992 
0.00000000099999999995 0.05972146064041825020 0.00000000099999999995 0.94027853635958180689 0.00000000099999999995 
0.00000000099999999992 0.00000000099999999992 0.00000000099999999992 0.00000000099999999992 0.99999999599999989108 
0.00000038017160460101 0.00000000099999999995 0.00000000099999999995 0.00000000099999999995 0.99999961682839544341 
0.00000000099999999996 0.00000000099999999996 0.00000000099999999996 0.00000000099999999996 0.99999999600000000211 
0.99999999600000011313 0.00000000099999999991 0.00000000099999999991 0.00000000099999999991 0.00000000099999999991 
0.15923296133654965545 0.00000060881600653943 0.16321618369646886948 0.12322136459491907223 0.55432888155605586356 
0.42409209998996877378 0.16374848824445559226 0.41215921177566650080 0.00000000100000000000 0.00000019898990911814 
0.00004223575231905330 0.00000000099999999994 0.00000000099999999994 0.00000000099999999994 0.99995776124768087634 
0.21101083711594703640 0.10019398385797603779 0.22854805022581797802 0.00412907482431652383 0.45611805397594251676 
0.19546282229768999206 0.54118314687188051604 0.24100557577484993388 0.02234845405557971815 0.00000000100000000000 
0.00000000099999999983 0.00000000099999999983 0.99999999600000000211 0.00000000099999999983 0.00000000099999999983 
0.50549379447041931090 0.00000000099999999998 0.49385150701083174729 0.00000000099999999998 0.00065469651874899035 
0.99999999600000000211 0.00000000099999999984 0.00000000099999999984 0.00000000099999999984 0.00000000099999999984 
0.02128192235530701470 0.00000000099999999995 0.00000000099999999995 0.00000000099999999995 0.97871807464469307014 
0.00000000099999999989 0.00000000099999999989 0.99999999600000000211 0.00000000099999999989 0.00000000099999999989 
0.05052850083601555242 0.10698733640151515678 0.00000000099999999998 0.84248416076246934736 0.00000000099999999998 
0.02538152607291457863 0.00000000099999999995 0.00000000099999999995 0.00000000099999999995 0.97461847092708542295 
0.00102090360450791148 0.00000000099999999996 0.00000000099999999996 0.00000000099999999996 0.99897909339549217922 
0.99999999600000011313 0.00000000099999999995 0.00000000099999999995 0.00000000099999999995 0.00000000099999999995 
0.02645933846464790240 0.02018606152444855223 0.00713715778274400577 0.94621744122815942823 0.00000000099999999999 
0.00000000099999999997 0.06463246284171000888 0.00000000099999999997 0.93536753415828999270 0.00000000099999999997 
0.00006156851437032538 0.00000001285675473315 0.00000000099999999999 0.00000000099999999999 0.99993841662887483768 
0.00000082991465544551 0.08397788443964618321 0.02632207053711381819 0.00000000100000000000 0.88969921410858454625 
0.03572274771700962442 0.00000000099999999997 0.03061084598408345125 0.00000000099999999997 0.93366640429890690456 
0.06936626032754018845 0.01758780164197019241 0.00000000099999999999 0.91269228061167717581 0.00035365641881245660 
0.00000000099999999999 0.28724764221508297668 0.71275226940878488868 0.00000008637613201337 0.00000000099999999999 
0.01285599474958609885 0.12069864412240960405 0.01619833981617650395 0.85024702031182775031 0.00000000100000000000 
0.00000000099999999996 0.00000000099999999996 0.00000108774416859511 0.00000000099999999996 0.99999890925583134749 
0.00000000099999999990 0.00000000099999999990 0.99999999600000000211 0.00000000099999999990 0.00000000099999999990 
0.00000000100000000000 0.24209192834155482399 0.71141357999546539492 0.02689655706184361506 0.01959793360113615962 
0.00000000099999999997 0.00000000099999999997 0.00000000099999999997 0.00000000099999999997 0.99999999600000000211 
0.00000000099999999994 0.00000000099999999994 0.00110857534770525488 0.00000000099999999994 0.99889142165229460879 
0.04247959374663849708 0.00000000099999999996 0.00000000099999999996 0.00000000099999999996 0.95752040325336151838 
0.00000000099999999994 0.99999999600000011313 0.00000000099999999994 0.00000000099999999994 0.00000000099999999994 
0.00262011026067621080 0.83645489605830125601 0.00000005116729803976 0.07365638077733786815 0.08726856173638659897 
0.99999999600000011313 0.00000000099999999994 0.00000000099999999994 0.00000000099999999994 0.00000000099999999994 
0.48211826052441963952 0.00831502396345737589 0.00000000099999999998 0.50956671351212279308 0.00000000099999999998 
0.00000000099999999992 0.99999999600000000211 0.00000000099999999992 0.00000000099999999992 0.00000000099999999992 
0.01250047747392126450 0.00000000099999999998 0.00000000099999999998 0.00000000099999999998 0.98749951952607883943 
0.00000000099999999992 0.99999999600000000211 0.00000000099999999992 0.00000000099999999992 0.00000000099999999992 
0.00000000099999999994 0.99999999600000000211 0.00000000099999999994 0.00000000099999999994 0.00000000099999999994 
0.00000000099999999992 0.99999999600000000211 0.00000000099999999992 0.00000000099999999992 0.00000000099999999992 
0.00823997574801464162 0.12641762670418243975 0.00000000099999999999 0.86534239554780290060 0.00000000099999999999 
0.00000000099999999989 0.99999999600000000211 0.00000000099999999989 0.00000000099999999989 0.00000000099999999989 
0.00000000099999999992 0.99393444925351470687 0.00000000099999999992 0.00606554774648533808 0.00000000099999999992 
0.47605247965728475501 0.00000000099999999995 0.00975170779738614678 0.00000000099999999995 0.51419581054532903508 
0.01737408974916363272 0.16462144639229273069 0.01151660155894266777 0.80648783545593694111 0.00000002684366414522 
0.00000000099999999998 0.59512771209089154745 0.00000000099999999998 0.40487228490910842638 0.00000000099999999998 
0.00000000099999999995 0.99999339984983004470 0.00000000099999999995 0.00000659715016992747 0.00000000099999999995 
0.00000000099999999997 0.00002233647040845812 0.00000000099999999997 0.99997766052959158323 0.00000000099999999997 
0.00000000099999999994 0.99838776692578290461 0.00000000099999999994 0.00161223007421711908 0.00000000099999999994 
0.00000000099999999995 0.00000000099999999995 0.00000000099999999995 0.99999999600000000211 0.00000000099999999995 
0.00000000099999999996 0.02840849415066820649 0.00000000099999999996 0.97159150284933171182 0.00000000099999999996 
0.00000000099999999996 0.95894563794580012228 0.00000000099999999996 0.04105435905419992093 0.00000000099999999996 
0.00000000099999999993 0.99999999600000000211 0.00000000099999999993 0.00000000099999999993 0.00000000099999999993 
0.00000000100000000000 0.00002341711619146004 0.92726099059647082434 0.00000000350485815286 0.07271558778247964872 
0.00000000099999999996 0.02978074457101436909 0.00000000099999999996 0.97021925242898565678 0.00000000099999999996 
0.00000000099999999998 0.98750917716255637302 0.01233129366439285161 0.00015952717305085795 0.00000000099999999998 
0.00000000099999999991 0.00000000099999999991 0.99999999600000000211 0.00000000099999999991 0.00000000099999999991 
0.00000154735447339038 0.00000000099999999997 0.00908142399222242394 0.00000000099999999997 0.99091702665330427813 
0.00000000099999999997 0.00000000099999999997 0.00000000099999999997 0.99999999599999989108 0.00000000099999999997 
0.00000000099999999995 0.00000000099999999995 0.99999999600000000211 0.00000000099999999995 0.00000000099999999995 
0.02635392717762480991 0.00000000099999999993 0.97364606982237511534 0.00000000099999999993 0.00000000099999999993 
0.00000000099999999997 0.00000000099999999997 0.95950054331725365131 0.00000000099999999997 0.04049945368274629476 
0.99999999600000000211 0.00000000099999999994 0.00000000099999999994 0.00000000099999999994 0.00000000099999999994 
0.61136914856322899237 0.00000000099999999995 0.38863084843677114799 0.00000000099999999995 0.00000000099999999995 
0.54398853814095460280 0.14529774649778776086 0.29190871400973295025 0.00010651659978161814 0.01869848475174296434 
0.99999999600000011313 0.00000000099999999994 0.00000000099999999994 0.00000000099999999994 0.00000000099999999994 
0.00000000099999999994 0.00000000099999999994 0.00000000099999999994 0.00000000099999999994 0.99999999600000000211 
0.00000000099999999991 0.00000000099999999991 0.99999999600000000211 0.00000000099999999991 0.00000000099999999991 
0.63390751687222268718 0.00000000099999999993 0.36609248012777728665 0.00000000099999999993 0.00000000099999999993 
0.59925787879673153569 0.00000000099999999994 0.40074211820326854916 0.00000000099999999994 0.00000000099999999994 
0.04109528077759172504 0.00000000100000000000 0.88194066225291589678 0.00000000133361165282 0.07696405463588071316 
0.54938762458754120122 0.00022061420084866482 0.08674535807433278456 0.20351651074490978433 0.16012989239236746775 
0.00002978170540809293 0.00346204060066258737 0.07085113177518473360 0.13366357221748600970 0.79199347370125861012 
0.99999999600000011313 0.00000000099999999994 0.00000000099999999994 0.00000000099999999994 0.00000000099999999994 
0.00000007238047348769 0.00000000099999999997 0.98503516208836106038 0.00000000099999999997 0.01496476353116558446 
0.00000000099999999993 0.00000000099999999993 0.00000000099999999993 0.00000000099999999993 0.99999999599999989108 
0.03629931122849237163 0.00000000099999999998 0.02929027360931816398 0.00000000099999999998 0.93441041316218953483 
0.99999999600000011313 0.00000000099999999993 0.00000000099999999993 0.00000000099999999993 0.00000000099999999993 
0.00672176082260280035 0.00000000099999999997 0.00635184296035799182 0.00000000099999999997 0.98692639421703909353 
0.61350833590798037331 0.00000000099999999995 0.38649166109201982255 0.00000000099999999995 0.00000000099999999995 
0.96122168841359567626 0.03877830858640433226 0.00000000099999999999 0.00000000099999999999 0.00000000099999999999 
0.00000000099999999995 0.00000000099999999995 0.92335058620316856626 0.00000000099999999995 0.07664941079683150471 
0.98764737268113456103 0.00000000099999999998 0.00000000099999999998 0.00000000099999999998 0.01235262431886554116 
0.01950182279248082948 0.00000000099999999996 0.04663286552062773788 0.00000000099999999996 0.93386530968689152044 
0.00000000099999999992 0.99999999600000011313 0.00000000099999999992 0.00000000099999999992 0.00000000099999999992 
0.00000000099999999986 0.99999999600000011313 0.00000000099999999986 0.00000000099999999986 0.00000000099999999986 
0.00000000099999999997 0.01979877596088087596 0.00000000099999999997 0.98020122103911910827 0.00000000099999999997 
0.00000000099999999995 0.02053237614858941656 0.00000000099999999995 0.97946762085141048093 0.00000000099999999995 
0.01835644901890027061 0.04209461600266251047 0.93513583153828194749 0.00000279406518742305 0.00441030937496798316 
0.08115304767172977496 0.05895590601980812973 0.00000000099999999998 0.85989104430846219351 0.00000000099999999998 
0.00000000099999999997 0.00002085378564640060 0.00000000099999999997 0.99997914321435343865 0.00000000099999999997 
0.00000000099999999999 0.11761862028402809977 0.85877032701764954847 0.00000000099999999999 0.02361105069832247424 
0.02853005624044117547 0.10604814160466394246 0.00000000100000000000 0.75601185816702554110 0.10940994298786943517 
0.00000000099999999990 0.99999999600000000211 0.00000000099999999990 0.00000000099999999990 0.00000000099999999990 
0.00101691350486678850 0.11840364880930140390 0.81303034768929027809 0.05351088185314519657 0.01403820814339625835 
0.02855750565866494242 0.00000000099999999995 0.06989159958476302836 0.00000000099999999995 0.90155089275657207537 
0.00000000099999999991 0.00000000099999999991 0.99999999600000000211 0.00000000099999999991 0.00000000099999999991 
0.99999999600000011313 0.00000000099999999992 0.00000000099999999992 0.00000000099999999992 0.00000000099999999992 
0.00083052189478696986 0.00000000099999999997 0.00000000099999999997 0.00000000099999999997 0.99916947510521303411 
0.00000000099999999997 0.00000043300718580962 0.00000000099999999997 0.99999956399281408892 0.00000000099999999997 
0.01881792431367576568 0.03981751861173807999 0.16555717297636809993 0.77579910318572287142 0.00000828091249505482 
0.00014791076434963381 0.03510874217440047851 0.00000000099999999999 0.96474334506124992394 0.00000000099999999999 
0.00000000099999999997 0.06797664347255776007 0.00000000099999999997 0.93202335352744225538 0.00000000099999999997 
0.00000000804688657878 0.05830176162400844270 0.00000000099999999999 0.94150289841156853399 0.00019533091753645061 
0.00000000099999999994 0.08083183645286691477 0.00000000099999999994 0.91916816054713301742 0.00000000099999999994 
0.01172240491461724009 0.00000000099999999997 0.01685888475696989408 0.00000000099999999997 0.97141870832841292760 
0.99999999600000000211 0.00000000099999999996 0.00000000099999999996 0.00000000099999999996 0.00000000099999999996 
0.00030150381714648394 0.00000000099999999996 0.00575125280759632498 0.00000000099999999996 0.99394724137525714003 
0.00000000099999999998 0.00000000099999999998 0.00000001135277684652 0.00000000099999999998 0.99999998564722325511 
0.99999999600000000211 0.00000000099999999991 0.00000000099999999991 0.00000000099999999991 0.00000000099999999991 
0.00000000099999999987 0.00000000099999999987 0.99999999599999989108 0.00000000099999999987 0.00000000099999999987 
0.00000000099999999991 0.00000000099999999991 0.99999999600000000211 0.00000000099999999991 0.00000000099999999991 
0.00000000099999999992 0.00000000099999999992 0.00000000099999999992 0.00000000099999999992 0.99999999600000000211 
0.00000000099999999994 0.00000000099999999994 0.00000000099999999994 0.00000000099999999994 0.99999999600000000211 
0.00000000099999999993 0.00000000099999999993 0.00000000099999999993 0.00000000099999999993 0.99999999600000000211 
0.00000000099999999992 0.00000000099999999992 0.99999845399135134372 0.00000000099999999992 0.00000154300864852827 
0.00000038902283166919 0.00000000099999999998 0.95963544202108996828 0.00000000099999999998 0.04036416695607829286 
0.00000000099999999994 0.00000000099999999994 0.00000000099999999994 0.00000000099999999994 0.99999999599999989108 
0.99999999600000011313 0.00000000099999999993 0.00000000099999999993 0.00000000099999999993 0.00000000099999999993 
0.06637147105179627693 0.00000000100000000000 0.05331242904276967814 0.00000003149419467106 0.88031606741123935578 
0.00000000099999999987 0.00000000099999999987 0.99999999599999989108 0.00000000099999999987 0.00000000099999999987 
0.00000000099999999993 0.00000000099999999993 0.00000000099999999993 0.00000000099999999993 0.99999999600000000211 
0.03516563601617906515 0.09836111431082880663 0.00000000099999999999 0.86647324767299194193 0.00000000099999999999 
0.14541061704723609593 0.00000000099999999995 0.83754705592351752497 0.00000000099999999995 0.01704232502924641138 
0.00000000099999999999 0.00152852216159401100 0.00000000099999999999 0.91886117323001981205 0.07961030260838619643 
0.00000000099999999989 0.00000000099999999989 0.99999999599999989108 0.00000000099999999989 0.00000000099999999989 
0.00020688082546110878 0.00000000099999999996 0.00000000099999999996 0.00000000099999999996 0.99979311617453892058 
0.00000000099999999993 0.00000000099999999993 0.00000000099999999993 0.00000000099999999993 0.99999999600000000211 
0.00000000099999999990 0.00000000099999999990 0.99999999600000000211 0.00000000099999999990 0.00000000099999999990 
0.00000000099999999993 0.00000000099999999993 0.00000000099999999993 0.00000000099999999993 0.99999999599999989108 
0.03830171171634472876 0.04851539416549222050 0.06385068720322512048 0.20702893624908791370 0.64230327066585013451 
0.00000000099999999992 0.00000000099999999992 0.99999999600000000211 0.00000000099999999992 0.00000000099999999992 
0.00000000099999999999 0.00003796840237865488 0.00000022569240066182 0.00000000099999999999 0.99996180390522060311 
0.00000000099999999997 0.85962502283213615417 0.00000000099999999997 0.14037497416786384741 0.00000000099999999997 
0.00000003316214512463 0.17179510544030288099 0.71658353866853907732 0.11162132172901291505 0.00000000099999999999 
0.00000000099999999994 0.00004771894127780684 0.00000000099999999994 0.99995227805872222149 0.00000000099999999994 
0.00000000099999999996 0.01208428056407091257 0.00000000099999999996 0.98791571643592901442 0.00000000099999999996 
0.00000000099999999997 0.00000019008788811139 0.00000000099999999997 0.99999980691211176609 0.00000000099999999997 
0.00000000099999999997 0.00437841491771491596 0.00000000099999999997 0.99562158208228512812 0.00000000099999999997 
0.00000000516905090040 0.02189135465553554774 0.00533138151334350014 0.97277725766207001623 0.00000000099999999999 
0.00000000100000000000 0.17840642637423542727 0.02359857886756297485 0.71784319281070962937 0.08015180094749203843 
0.00000000099999999995 0.00000000099999999995 0.00000000099999999995 0.99999999600000000211 0.00000000099999999995 
0.00000000099999999989 0.00000000099999999989 0.99999999600000000211 0.00000000099999999989 0.00000000099999999989 
0.00000027970473750189 0.04955212083881981033 0.00000000099999999999 0.95044759745644258331 0.00000000099999999999 
0.00000000099999999998 0.23916029087119050622 0.73343987232716267854 0.02739983480164691343 0.00000000099999999998 
0.00000000099999999997 0.04012902519883667501 0.00000000099999999997 0.95987097180116331963 0.00000000099999999997 
0.00000000099999999992 0.99999999537710049236 0.00000000099999999992 0.00000000162289943043 0.00000000099999999992 
0.00000000099999999993 0.00000000099999999993 0.00000000099999999993 0.00000000099999999993 0.99999999599999989108 
0.00000000099999999990 0.99999999600000011313 0.00000000099999999990 0.00000000099999999990 0.00000000099999999990 
0.00000000099999999992 0.99999999600000000211 0.00000000099999999992 0.00000000099999999992 0.00000000099999999992 
0.01257981086272552673 0.05924673989377182703 0.00001621396205434740 0.91532943520408449611 0.01282780007736381706 
0.02583614067460944866 0.07533754883820677206 0.00000000099999999998 0.89882630848718370054 0.00000000099999999998 
0.00000000099999999994 0.99999999600000000211 0.00000000099999999994 0.00000000099999999994 0.00000000099999999994 
0.00000000099999999992 0.99999999600000011313 0.00000000099999999992 0.00000000099999999992 0.00000000099999999992 
0.00000000106243738156 0.08249975095276057546 0.00000000099999999998 0.91750024598480206528 0.00000000099999999998 
0.00000000099999999993 0.00000000099999999993 0.00000000099999999993 0.00000000099999999993 0.99999999600000000211 
0.00000075614142891547 0.09054545373613470671 0.02156228986093286504 0.88789149926150345848 0.00000000100000000000 
0.00000000099999999991 0.99999999600000011313 0.00000000099999999991 0.00000000099999999991 0.00000000099999999991 
0.03182840618496451252 0.03173715914839152913 0.00000000099999999999 0.93643443266664405655 0.00000000099999999999 
0.00000000099999999998 0.05989210689482965533 0.00000000099999999998 0.94010789010517026298 0.00000000099999999998 
0.00000000099999999993 0.99999999600000000211 0.00000000099999999993 0.00000000099999999993 0.00000000099999999993 
0.00000000099999999993 0.00000000099999999993 0.00000000099999999993 0.00000000099999999993 0.99999999600000000211 
0.00000000099999999996 0.99999999600000000211 0.00000000099999999996 0.00000000099999999996 0.00000000099999999996 
0.00000000099999999999 0.02527792796954230620 0.00006121496437601264 0.97466083692150662365 0.00000001914457493301 
0.04042096465167241415 0.02807769516164725435 0.00000037831715648588 0.93150096086952371977 0.00000000100000000000 
0.00408543463016933662 0.04165209632080230095 0.00000000099999999997 0.95426246704902828455 0.00000000099999999997 
0.00000000099999999993 0.00000000099999999993 0.00000000099999999993 0.00000000099999999993 0.99999999600000000211 
0.14016895299564846589 0.06004817123178260441 0.00000000099999999998 0.79978287377256884749 0.00000000099999999998 
0.00106991860286793569 0.07266220103734181979 0.00000000099999999998 0.92626787835979018659 0.00000000099999999998 
0.00000000099999999995 0.00000000099999999995 0.00000000099999999995 0.99999999599999989108 0.00000000099999999995 
0.00000025960449213143 0.00182259888725355658 0.00000934200265594060 0.99816779850559844700 0.00000000099999999999 
0.01734566354047246961 0.82370560842123508039 0.00000000099999999999 0.13844357209425101063 0.02050515494404130806 
0.00000000099999999999 0.13447793134981053664 0.00000000099999999999 0.00000012016612440103 0.86552194648406510780 
0.06741831335526400626 0.01165675807335882219 0.00000000099999999999 0.92092492657137703382 0.00000000099999999999 
0.00000000099999999987 0.99999999600000011313 0.00000000099999999987 0.00000000099999999987 0.00000000099999999987 
0.00000000099999999999 0.99657757445401540242 0.00000000099999999999 0.00342242254598466942 0.00000000099999999999 
0.00000389881099845598 0.62237728904241762518 0.05002798623745707135 0.32759082490912677654 0.00000000099999999999 
0.06730722398244524951 0.35857082411471802308 0.00000000100000000000 0.17776274289532029149 0.39635920800751633930 
0.00000000099999999993 0.00000001690629265886 0.00000000099999999993 0.99999998009370738572 0.00000000099999999993 
0.00018759450590232591 0.09502044824121866351 0.08223450419663644317 0.41286833820060048206 0.40968911485564224462 
0.20485864599996320146 0.02645404103953884895 0.00000000099999999998 0.76868731096049791596 0.00000000099999999998 
0.00000784014617757196 0.00000000099999999999 0.00000000099999999999 0.99999215685382236707 0.00000000099999999999 
0.00309807745538196030 0.00000085562468391283 0.00000000099999999999 0.64106102167499545708 0.35584004424493881347 
0.00000000099999999999 0.34376449455283664136 0.00000000099999999999 0.63486121818908847203 0.02137428525807478705 
0.00000000100000000000 0.01296815595008011385 0.81365327996739933436 0.17331025317202372604 0.00006830991049690208 
0.99999999600000011313 0.00000000099999999991 0.00000000099999999991 0.00000000099999999991 0.00000000099999999991 
0.00000137490767876144 0.06505808724389336439 0.00000000099999999998 0.93494053584842784499 0.00000000099999999998 
0.00000000099999999993 0.99999999600000000211 0.00000000099999999993 0.00000000099999999993 0.00000000099999999993 
0.00000000099999999995 0.99999999600000000211 0.00000000099999999995 0.00000000099999999995 0.00000000099999999995 
0.00000000099999999992 0.99999999600000011313 0.00000000099999999992 0.00000000099999999992 0.00000000099999999992 
0.00000000099999999998 0.25149711843284822121 0.67562269673640840129 0.07288018283074339243 0.00000000099999999998 
0.00393890872818813617 0.02461196224640623334 0.00000000100000000000 0.97144304035186401780 0.00000608767354165226 
0.00000000099999999995 0.00604111804751037394 0.00000000099999999995 0.99395887895248968835 0.00000000099999999995 
0.00000000099999999998 0.94238515467545469484 0.00000000099999999998 0.05761484232454529286 0.00000000099999999998 
0.01232222843137469569 0.08480080911790545406 0.00000000099999999998 0.90287696045071974549 0.00000000099999999998 
0.00000000099999999991 0.99999999600000000211 0.00000000099999999991 0.00000000099999999991 0.00000000099999999991 
0.00000000099999999998 0.22355820420064040355 0.73061257605194929177 0.04582921774741016696 0.00000000099999999998 
0.00000000099999999993 0.99999999600000000211 0.00000000099999999993 0.00000000099999999993 0.00000000099999999993 
0.00000000099999999995 0.99989329712518304483 0.00000000099999999995 0.00010669987481695265 0.00000000099999999995 
0.00000000099999999998 0.24737883431827956127 0.70671703284836584480 0.04590413083335467825 0.00000000099999999998 
0.00000000099999999999 0.28325837772974787887 0.66972506558099709206 0.04701655468925509257 0.00000000099999999999 
0.00321477952662016075 0.00000000099999999998 0.00000000099999999998 0.99678521747337989201 0.00000000099999999998 
0.00000000099999999988 0.99999999600000011313 0.00000000099999999988 0.00000000099999999988 0.00000000099999999988 
0.02129993501531035616 0.04248490560130954025 0.00000000099999999999 0.93621515738338001444 0.00000000099999999999 
0.00000000099999999990 0.99999999600000000211 0.00000000099999999990 0.00000000099999999990 0.00000000099999999990 
