0.07025030904265552878 0.00000000099999999998 0.05425683431300125370 0.35945495341591354732 0.00000000099999999998 0.00000000099999999998 0.18766137025444903919 0.32837652697398062029 0.00000000099999999998 0.00000000099999999998 0.00000000099999999998 
0.14595345536173814915 0.00000000099999999996 0.54927476431712529692 0.00000000099999999996 0.00000000099999999996 0.00000001181549799293 0.00000000099999999996 0.00000000099999999996 0.28091483900541658336 0.02385692350022193889 0.00000000099999999996 
0.00000000099999999990 0.00000000099999999990 0.92263803734287896940 0.00000000099999999990 0.00000000099999999990 0.00000000099999999990 0.07736195365712125738 0.00000000099999999990 0.00000000099999999990 0.00000000099999999990 0.00000000099999999990 
0.23298753026488902562 0.00000000099999999993 0.00000000099999999993 0.00000000099999999993 0.00000000099999999993 0.00000000099999999993 0.08361925343311504832 0.00000000099999999993 0.68339320830199590251 0.00000000099999999993 0.00000000099999999993 
0.20692513892487951477 0.00000000099999999993 0.49890213551490986132 0.09734274856846680812 0.00000000099999999993 0.00000000099999999993 0.00000000099999999993 0.00000000099999999993 0.19682996999174393049 0.00000000099999999993 0.00000000099999999993 
0.00000000099999999983 0.00000000099999999983 0.00000000099999999983 0.00000000099999999983 0.00000000099999999983 0.00000000099999999983 0.00000000099999999983 0.00000000099999999983 0.99999998999999994975 0.00000000099999999983 0.00000000099999999983 
0.00000000099999999981 0.00000000099999999981 0.00000000099999999981 0.00000000099999999981 0.00000000099999999981 0.00000000099999999981 0.00000000099999999981 0.00000000099999999981 0.00000000099999999981 0.04492800209909885573 0.95507198890090116983 
0.00000000099999999974 0.00000000099999999974 0.00000000099999999974 0.99999999000000006077 0.00000000099999999974 0.00000000099999999974 0.00000000099999999974 0.00000000099999999974 0.00000000099999999974 0.00000000099999999974 0.00000000099999999974 
0.99999999000000028282 0.00000000099999999961 0.00000000099999999961 0.00000000099999999961 0.00000000099999999961 0.00000000099999999961 0.00000000099999999961 0.00000000099999999961 0.00000000099999999961 0.00000000099999999961 0.00000000099999999961 
0.00000000099999999981 0.00000000099999999981 0.00000000099999999981 0.00000000099999999981 0.00000000099999999981 0.00000000099999999981 0.00000000099999999981 0.00000000099999999981 0.00000000099999999981 0.00000000099999999981 0.99999998999999994975 
0.00000000099999999987 0.00000000099999999987 0.00000000099999999987 0.00000000099999999987 0.00000000099999999987 0.00000000099999999987 0.00000000099999999987 0.00000000099999999987 0.00000000099999999987 0.01309514218872572487 0.98690484881127438221 
0.00000000099999999990 0.00000000099999999990 0.00000000099999999990 0.00000000099999999990 0.02221720466435209498 0.00000000099999999990 0.00000000099999999990 0.00000000099999999990 0.00000000099999999990 0.00000000099999999990 0.97778278633564796873 
0.00000000099999999971 0.00000000099999999971 0.00000000099999999971 0.00000000099999999971 0.00000000099999999971 0.00000000099999999971 0.00000000099999999971 0.00000000099999999971 0.00000000099999999971 0.99999999000000006077 0.00000000099999999971 
0.13312709294765265322 0.00000000099999999990 0.00000000099999999990 0.00000000099999999990 0.00000000099999999990 0.25114990806397641254 0.00000000099999999990 0.06473116116011913557 0.00000000099999999990 0.00000000099999999990 0.55099183082825176072 
0.00000000099999999983 0.00000000099999999983 0.00000000099999999983 0.00000000099999999983 0.00000000099999999983 0.99999999000000017180 0.00000000099999999983 0.00000000099999999983 0.00000000099999999983 0.00000000099999999983 0.00000000099999999983 
0.00000000099999999983 0.00000000099999999983 0.00000000099999999983 0.00000000099999999983 0.00000000099999999983 0.04017460077082742054 0.00000000099999999983 0.00000000099999999983 0.00000000099999999983 0.00000000099999999983 0.95982539022917245930 
0.00000000099999999994 0.00000000099999999994 0.00000000099999999994 0.03646686357422696673 0.00000000099999999994 0.38835488829837894187 0.00000000099999999994 0.10460427395096057179 0.00000000099999999994 0.00000000099999999994 0.47057396717643351636 
0.00000000099999999994 0.00000000099999999994 0.00000000099999999994 0.38129070148481136737 0.00000000099999999994 0.41137426715854080728 0.15596130914105557630 0.05137371521559212090 0.00000000099999999994 0.00000000099999999994 0.00000000099999999994 
0.00000000099999999943 0.00000000099999999943 0.00000000099999999943 0.00000000099999999943 0.00000000099999999943 0.23884408162823808630 0.00000000099999999943 0.76115590937176191844 0.00000000099999999943 0.00000000099999999943 0.00000000099999999943 
0.00000000099999999985 0.00000000099999999985 0.00000000099999999985 0.00000000099999999985 0.17584824132916088146 0.59508182898887729273 0.00000000099999999985 0.22906992168196194104 0.00000000099999999985 0.00000000099999999985 0.00000000099999999985 
0.00000000099999999915 0.00000000099999999915 0.00000000099999999915 0.00000000099999999915 0.00000000099999999915 0.99999999000000006077 0.00000000099999999915 0.00000000099999999915 0.00000000099999999915 0.00000000099999999915 0.00000000099999999915 
0.00000000099999999986 0.00000000099999999986 0.00000000099999999986 0.00000000099999999986 0.03869485687706234606 0.00000000099999999986 0.00000000099999999986 0.00000000099999999986 0.00000000099999999986 0.00385041890265290206 0.95745471622028477388 
0.00000000099999999967 0.00000000099999999967 0.00000000099999999967 0.00000000099999999967 0.00000000099999999967 0.00000000099999999967 0.00000000099999999967 0.99999998999999994975 0.00000000099999999967 0.00000000099999999967 0.00000000099999999967 
0.00000000099999999994 0.00000000099999999994 0.51179716275782805024 0.07585308271604651598 0.00000000099999999994 0.00000000099999999994 0.00321709282717411388 0.00000000099999999994 0.35539518772516509593 0.05373746797378612522 0.00000000099999999994 
0.00000000099999999986 0.00000000099999999986 0.00000000099999999986 0.00000000099999999986 0.00192546505252138168 0.00000000099999999986 0.00000000099999999986 0.00000000099999999986 0.00000000099999999986 0.04305278113652766248 0.95502174581095100603 
0.00000000099999999989 0.00000000099999999989 0.00000000099999999989 0.00000000099999999989 0.01031779750496922450 0.01028927611898447329 0.00000000099999999989 0.00000000099999999989 0.00000000099999999989 0.00000000099999999989 0.97939291837604636193 
0.00000000099999999981 0.00000000099999999981 0.00000000099999999981 0.00000000099999999981 0.00000000099999999981 0.00000000099999999981 0.00000000099999999981 0.00000000099999999981 0.00000000099999999981 0.99999999000000006077 0.00000000099999999981 
0.00000000099999999991 0.00000000099999999991 0.99999999000000006077 0.00000000099999999991 0.00000000099999999991 0.00000000099999999991 0.00000000099999999991 0.00000000099999999991 0.00000000099999999991 0.00000000099999999991 0.00000000099999999991 
0.30011751373915107610 0.00000000099999999992 0.25608365953462186582 0.06720198155181740518 0.00000000099999999992 0.00000000099999999992 0.00000000099999999992 0.00000000099999999992 0.37659683817440975373 0.00000000099999999992 0.00000000099999999992 
0.00520816580500323232 0.00000000099999999997 0.00000000099999999997 0.00000000099999999997 0.02187482640062419353 0.00000000099999999997 0.00000000099999999997 0.00000000099999999997 0.00000000099999999997 0.00000000099999999997 0.97291699979437251677 
0.00000000099999999998 0.00000000099999999998 0.00000000099999999998 0.06734709774445021835 0.00000000099999999998 0.07818666839457999451 0.00088416534943102666 0.00000000099999999998 0.00000000099999999998 0.00000000099999999998 0.85358206151153870334 
0.00000000099999999992 0.01461756894723022920 0.00000000099999999992 0.00000000099999999992 0.01785993291019158380 0.03675290658600553761 0.00000000099999999992 0.00132358327747410178 0.00000000099999999992 0.00000000099999999992 0.92944600227909845991 
0.30862073641841014648 0.00000000099999999994 0.62735575409588395512 0.00000000099999999994 0.00000000099999999994 0.00000000099999999994 0.00050053937743357662 0.00000000099999999994 0.00000000099999999994 0.06352296310827235115 0.00000000099999999994 
0.00000000099999999965 0.99999999000000028282 0.00000000099999999965 0.00000000099999999965 0.00000000099999999965 0.00000000099999999965 0.00000000099999999965 0.00000000099999999965 0.00000000099999999965 0.00000000099999999965 0.00000000099999999965 
0.24400745766325665498 0.02945210420073515051 0.00000000099999999999 0.13041382900912235066 0.00000000099999999999 0.00000000099999999999 0.00000000099999999999 0.00000000099999999999 0.59612460117020515948 0.00000200195668053336 0.00000000099999999999 
0.00000000099999999990 0.00000000099999999990 0.00000000099999999990 0.00000000099999999990 0.00000000099999999990 0.00000000099999999990 0.00000000099999999990 0.00412625620938717168 0.00000000099999999990 0.00000000099999999990 0.99587373479061291892 
0.00000000099999999974 0.00000000099999999974 0.00000000099999999974 0.00000000099999999974 0.00000000099999999974 0.00000000099999999974 0.00000000099999999974 0.99999998999999994975 0.00000000099999999974 0.00000000099999999974 0.00000000099999999974 
0.00000000099999999943 0.99999999000000017180 0.00000000099999999943 0.00000000099999999943 0.00000000099999999943 0.00000000099999999943 0.00000000099999999943 0.00000000099999999943 0.00000000099999999943 0.00000000099999999943 0.00000000099999999943 
0.00000000099999999991 0.00000000099999999991 0.00000000099999999991 0.00000000099999999991 0.00000000099999999991 0.01818699508426897121 0.00000000099999999991 0.00000000099999999991 0.00000000099999999991 0.00000000099999999991 0.98181299591573112373 
0.00000000099999999985 0.00000000099999999985 0.00000000099999999985 0.00000000099999999985 0.00000000099999999985 0.00000000099999999985 0.00000000099999999985 0.01353615381814648327 0.00000000099999999985 0.00000000099999999985 0.98646383718185359779 
0.00000000099999999988 0.00000000099999999988 0.00000000099999999988 0.00000000099999999988 0.05271225859684462722 0.00000000099999999988 0.00000000099999999988 0.00000000099999999988 0.00000000099999999988 0.00000000099999999988 0.94728773240315544690 
0.00000000099999999987 0.00000000099999999987 0.00000000099999999987 0.58293314853384170515 0.00000000099999999987 0.00000000099999999987 0.41706684246615832734 0.00000000099999999987 0.00000000099999999987 0.00000000099999999987 0.00000000099999999987 
0.11363766759252356964 0.00297535233046687967 0.00000000099999999998 0.44185745067123549656 0.00000000099999999998 0.00716079199489385362 0.35845430097858860252 0.00000000099999999998 0.00000000099999999998 0.00000000099999999998 0.07591443143229176238 
0.00000000099999999978 0.00000000099999999978 0.00000000099999999978 0.00000000099999999978 0.00000000099999999978 0.00000000099999999978 0.00000000099999999978 0.00000000099999999978 0.00000000099999999978 0.99999998999999994975 0.00000000099999999978 
0.08854460847097078702 0.00000000099999999996 0.27447366763859049055 0.00000000099999999996 0.00000000099999999996 0.01376234591362223217 0.01753885432938853683 0.00000000099999999996 0.13247857018472428137 0.47320194846270358102 0.00000000099999999996 
0.00000000099999999985 0.00000000099999999985 0.00000000099999999985 0.59208265575828478156 0.00000000099999999985 0.00000000099999999985 0.40791733524171519543 0.00000000099999999985 0.00000000099999999985 0.00000000099999999985 0.00000000099999999985 
0.00000000099999999995 0.00904548418429835556 0.00000000099999999995 0.00000000099999999995 0.00000000099999999995 0.00000000099999999995 0.00000000099999999995 0.00000000099999999995 0.00000000099999999995 0.02830131537536113850 0.96265319244034042168 
0.00000000099999999963 0.00000000099999999963 0.00000000099999999963 0.00000000099999999963 0.00000000099999999963 0.00000000099999999963 0.99999999000000006077 0.00000000099999999963 0.00000000099999999963 0.00000000099999999963 0.00000000099999999963 
0.00000000099999999980 0.00000000099999999980 0.00000000099999999980 0.99999999000000017180 0.00000000099999999980 0.00000000099999999980 0.00000000099999999980 0.00000000099999999980 0.00000000099999999980 0.00000000099999999980 0.00000000099999999980 
0.00000000099999999984 0.00000000099999999984 0.00000000099999999984 0.53963150628513356644 0.00000000099999999984 0.00000000099999999984 0.46036848471486657708 0.00000000099999999984 0.00000000099999999984 0.00000000099999999984 0.00000000099999999984 
0.00000000099999999996 0.02325785377939654230 0.51369294431284440172 0.09707941994019497756 0.00000000099999999996 0.00000003037718213505 0.00000000099999999996 0.00000000099999999996 0.36596974559038220054 0.00000000099999999996 0.00000000099999999996 
0.00000000099999999972 0.00000000099999999972 0.00000000099999999972 0.99999999000000017180 0.00000000099999999972 0.00000000099999999972 0.00000000099999999972 0.00000000099999999972 0.00000000099999999972 0.00000000099999999972 0.00000000099999999972 
0.05596328684611506094 0.00000000099999999984 0.00000000099999999984 0.58479399918742847042 0.00000000099999999984 0.00000000099999999984 0.35924270596645652143 0.00000000099999999984 0.00000000099999999984 0.00000000099999999984 0.00000000099999999984 
0.00000000099999999986 0.00000000099999999986 0.00000000099999999986 0.00000000099999999986 0.06786168930619557171 0.02761923991589367022 0.00000000099999999986 0.00000000099999999986 0.00000000099999999986 0.41096497538921622494 0.49355408838869457844 
0.26612848812994832626 0.00000000099999999998 0.28063253178060382220 0.17338597552674084312 0.02203950311431327955 0.00000000099999999998 0.00000000099999999998 0.00000000099999999998 0.25781349544839399224 0.00000000099999999998 0.00000000099999999998 
0.00000000099999999995 0.00177779637254608805 0.45043584064170971715 0.29376734873354432009 0.00000000099999999995 0.00000000099999999995 0.25401900725220005750 0.00000000099999999995 0.00000000099999999995 0.00000000099999999995 0.00000000099999999995 
0.00000000099999999983 0.00000000099999999983 0.00000000099999999983 0.99999999000000006077 0.00000000099999999983 0.00000000099999999983 0.00000000099999999983 0.00000000099999999983 0.00000000099999999983 0.00000000099999999983 0.00000000099999999983 
0.19331626028284029650 0.00016348426588449664 0.27934062186745767242 0.00000000099999999994 0.00000000099999999994 0.00000000099999999994 0.00000000099999999994 0.00000000099999999994 0.52717962658381745111 0.00000000099999999994 0.00000000099999999994 
0.00000000099999999985 0.00000000099999999985 0.00000000099999999985 0.42885386307671202744 0.00000000099999999985 0.00000000099999999985 0.57114612792328789403 0.00000000099999999985 0.00000000099999999985 0.00000000099999999985 0.00000000099999999985 
0.00000000099999999980 0.00000000099999999980 0.99999999000000017180 0.00000000099999999980 0.00000000099999999980 0.00000000099999999980 0.00000000099999999980 0.00000000099999999980 0.00000000099999999980 0.00000000099999999980 0.00000000099999999980 
0.99999999000000028282 0.00000000099999999965 0.00000000099999999965 0.00000000099999999965 0.00000000099999999965 0.00000000099999999965 0.00000000099999999965 0.00000000099999999965 0.00000000099999999965 0.00000000099999999965 0.00000000099999999965 
0.07619172189592036959 0.00000000099999999990 0.00000000099999999990 0.51539599816705528035 0.00000000099999999990 0.00000000099999999990 0.40841227193702445142 0.00000000099999999990 0.00000000099999999990 0.00000000099999999990 0.00000000099999999990 
0.00000000099999999969 0.00000000099999999969 0.00000000099999999969 0.00000000099999999969 0.00000000099999999969 0.00000000099999999969 0.99999998999999994975 0.00000000099999999969 0.00000000099999999969 0.00000000099999999969 0.00000000099999999969 
0.00000000099999999997 0.00000000099999999997 0.00000000099999999997 0.00000000099999999997 0.00000000099999999997 0.00000000099999999997 0.00000000099999999997 0.91882991593766916161 0.00000000099999999997 0.00000000099999999997 0.08117007506233091252 
0.38856375129381642841 0.00000000099999999986 0.61143623970618365959 0.00000000099999999986 0.00000000099999999986 0.00000000099999999986 0.00000000099999999986 0.00000000099999999986 0.00000000099999999986 0.00000000099999999986 0.00000000099999999986 
0.00000000099999999997 0.01165221265970806976 0.00000000099999999997 0.53913636672477338596 0.00000000099999999997 0.00000000099999999997 0.44921131994884933025 0.00000000154297887335 0.00000009312369036424 0.00000000099999999997 0.00000000099999999997 
0.00000000099999999976 0.00000000099999999976 0.00000000099999999976 0.00000000099999999976 0.00000000099999999976 0.00000000099999999976 0.00000000099999999976 0.99999999000000006077 0.00000000099999999976 0.00000000099999999976 0.00000000099999999976 
0.00000000099999999993 0.01004046842013073260 0.00000000099999999993 0.00000000099999999993 0.00000000099999999993 0.00000000099999999993 0.00000000099999999993 0.00225057333322085332 0.00000000099999999993 0.00803591976531783242 0.97967303148133044743 
0.00000000099999999990 0.00000000099999999990 0.55225737168374999797 0.00000000099999999990 0.00000000099999999990 0.00000000099999999990 0.00000000099999999990 0.00000000099999999990 0.44774261931625003452 0.00000000099999999990 0.00000000099999999990 
0.00000000099999999985 0.00000000099999999985 0.00000000099999999985 0.00000000099999999985 0.07115730630762547027 0.00000000099999999985 0.00000000099999999985 0.92884268469237452059 0.00000000099999999985 0.00000000099999999985 0.00000000099999999985 
0.00000000099999999980 0.00000000099999999980 0.00000000099999999980 0.00000000099999999980 0.00000000099999999980 0.00000000099999999980 0.00000000099999999980 0.98368848559880550653 0.00000000099999999980 0.01631150540119442882 0.00000000099999999980 
0.00000000099999999992 0.00000000099999999992 0.00000000099999999992 0.00000000099999999992 0.00000000099999999992 0.00000000099999999992 0.00000000099999999992 0.97850653350551153320 0.00000000099999999992 0.00000000099999999992 0.02149345749448845072 
0.00000000099999999977 0.00000000099999999977 0.00000000099999999977 0.00000000099999999977 0.00000000099999999977 0.00000000099999999977 0.00000000099999999977 0.00000000099999999977 0.00000000099999999977 0.99999999000000006077 0.00000000099999999977 
0.00000000099999999960 0.00000000099999999960 0.00000000099999999960 0.00000000099999999960 0.99999999000000006077 0.00000000099999999960 0.00000000099999999960 0.00000000099999999960 0.00000000099999999960 0.00000000099999999960 0.00000000099999999960 
0.00000000099999999995 0.00000000099999999995 0.00000000099999999995 0.00000000099999999995 0.85981218233311162980 0.00000000099999999995 0.14018780866688854148 0.00000000099999999995 0.00000000099999999995 0.00000000099999999995 0.00000000099999999995 
0.00000000099999999982 0.00000000099999999982 0.00000000099999999982 0.00000000099999999982 0.00000000099999999982 0.00000000099999999982 0.00000000099999999982 0.00000000099999999982 0.00000000099999999982 0.99999998999999994975 0.00000000099999999982 
0.00000000099999999985 0.00000000099999999985 0.00000000099999999985 0.00000000099999999985 0.00000000099999999985 0.00000000099999999985 0.00000000099999999985 0.00000000099999999985 0.00000000099999999985 0.00000000099999999985 0.99999998999999994975 
0.00000000099999999975 0.00000000099999999975 0.00000000099999999975 0.00000000099999999975 0.00000000099999999975 0.00000000099999999975 0.00000000099999999975 0.99999999000000006077 0.00000000099999999975 0.00000000099999999975 0.00000000099999999975 
0.00000000099999999939 0.00000000099999999939 0.00000000099999999939 0.00000000099999999939 0.99999999000000017180 0.00000000099999999939 0.00000000099999999939 0.00000000099999999939 0.00000000099999999939 0.00000000099999999939 0.00000000099999999939 
0.00000000099999999947 0.00000000099999999947 0.00000000099999999947 0.00000000099999999947 0.99999999000000006077 0.00000000099999999947 0.00000000099999999947 0.00000000099999999947 0.00000000099999999947 0.00000000099999999947 0.00000000099999999947 
0.03319722794357574808 0.02797442475781117613 0.00000000099999999995 0.00000000099999999995 0.01767158618876726872 0.00000000099999999995 0.00000000099999999995 0.83354484185747046432 0.00000000099999999995 0.02124473507931773711 0.06636717917305770542 
0.00000000099999999999 0.00104518914572913489 0.02088033984706562027 0.00000000099999999999 0.09981873070995006536 0.08000302562670358331 0.00000000099999999999 0.02033175426747198256 0.17793985701267298061 0.43601625641268576539 0.16396484397772104202 
0.00000095034408949368 0.00000000099999999999 0.12559752866148721218 0.00894239395168802860 0.05545744663871102209 0.00000000099999999999 0.00000000099999999999 0.04736879369337025636 0.00000000099999999999 0.00000000099999999999 0.76263288171065402032 
0.00000000099999999982 0.00000000099999999982 0.00000000099999999982 0.00000000099999999982 0.00000000099999999982 0.00000000099999999982 0.00000000099999999982 0.00000000099999999982 0.00000000099999999982 0.99999998999999994975 0.00000000099999999982 
0.00000000099999999989 0.00000000099999999989 0.00000000099999999989 0.00000000099999999989 0.09737736118910315930 0.00000000099999999989 0.00000000099999999989 0.90262262981089680380 0.00000000099999999989 0.00000000099999999989 0.00000000099999999989 
0.00000000099999999984 0.00000000099999999984 0.00000000099999999984 0.00000000099999999984 0.00000000099999999984 0.00000000099999999984 0.00000000099999999984 0.00000000099999999984 0.00000000099999999984 0.00000000099999999984 0.99999999000000006077 
0.00000000099999999994 0.00000000099999999994 0.00000000099999999994 0.00000000099999999994 0.05004190872518077954 0.00000000099999999994 0.00000000099999999994 0.01503532184202605558 0.00000000099999999994 0.00627254415847183083 0.92865021827432137069 
0.00000000099999999975 0.00000000099999999975 0.00000000099999999975 0.00000000099999999975 0.00000000099999999975 0.00000000099999999975 0.00000000099999999975 0.00000000099999999975 0.00000000099999999975 0.99999998999999994975 0.00000000099999999975 
0.00000000099999999989 0.00000000099999999989 0.00000000099999999989 0.00000000099999999989 0.00000000099999999989 0.00000000099999999989 0.00000000099999999989 0.01392317219203136405 0.00000000099999999989 0.03964573768621321159 0.94643108212175530713 
0.00000000099999999946 0.00000000099999999946 0.00000000099999999946 0.00000000099999999946 0.99999999000000006077 0.00000000099999999946 0.00000000099999999946 0.00000000099999999946 0.00000000099999999946 0.00000000099999999946 0.00000000099999999946 
0.00000000099999999991 0.00000000099999999991 0.00000000099999999991 0.00000000099999999991 0.00000000099999999991 0.00000000099999999991 0.00000000099999999991 0.00000000099999999991 0.00000000099999999991 0.99999999000000006077 0.00000000099999999991 
0.00000000099999999986 0.00000000099999999986 0.00000000099999999986 0.00000000099999999986 0.00000000099999999986 0.00000000099999999986 0.00000000099999999986 0.93323856147166084352 0.00000000099999999986 0.00000000099999999986 0.06676142952833920285 
0.00000000099999999987 0.00000000099999999987 0.00000000099999999987 0.00000000099999999987 0.00000000099999999987 0.00000000099999999987 0.00000000099999999987 0.00000000099999999987 0.00000000099999999987 0.99999999000000006077 0.00000000099999999987 
0.00000000099999999990 0.00000000099999999990 0.00000000099999999990 0.00000000099999999990 0.03179769299802999438 0.00000000099999999990 0.00000000099999999990 0.03681735560805204227 0.00000000099999999990 0.00419621113810759311 0.92718873325581041556 
0.00000000099999999979 0.00000000099999999979 0.00000000099999999979 0.99999999000000006077 0.00000000099999999979 0.00000000099999999979 0.00000000099999999979 0.00000000099999999979 0.00000000099999999979 0.00000000099999999979 0.00000000099999999979 
0.00000000099999999973 0.00000000099999999973 0.00000000099999999973 0.58666262980716554765 0.00000000099999999973 0.00000000099999999973 0.41333736119283465138 0.00000000099999999973 0.00000000099999999973 0.00000000099999999973 0.00000000099999999973 
0.00000000099999999989 0.00000000099999999989 0.00000000099999999989 0.00000000099999999989 0.00000000099999999989 0.00000000099999999989 0.00000000099999999989 0.00000000099999999989 0.99999998999999994975 0.00000000099999999989 0.00000000099999999989 
0.00000000099999999987 0.00000000099999999987 0.75560688053099067663 0.00144273849027834618 0.00000000099999999987 0.00000000099999999987 0.00000000099999999987 0.00000000099999999987 0.24295037297873098292 0.00000000099999999987 0.00000000099999999987 
0.00000000099999999999 0.04636576762245233491 0.00000000099999999999 0.00000000099999999999 0.00000000099999999999 0.03044789608055876312 0.03269035320742282730 0.88994528584504317692 0.00055069124452288400 0.00000000099999999999 0.00000000099999999999 
0.27467614202790607836 0.00000000099999999993 0.28292271726215117988 0.00000000099999999993 0.00000000099999999993 0.00000000099999999993 0.06117296177503869087 0.00000000099999999993 0.29544647259584483345 0.08578170033905944958 0.00000000099999999993 
0.99999999000000028282 0.00000000099999999963 0.00000000099999999963 0.00000000099999999963 0.00000000099999999963 0.00000000099999999963 0.00000000099999999963 0.00000000099999999963 0.00000000099999999963 0.00000000099999999963 0.00000000099999999963 
0.00000000099999999997 0.00202551119412758968 0.00000000099999999997 0.12711927536004200001 0.00000000099999999997 0.00000000099999999997 0.00000000099999999997 0.85851880081612585993 0.00000000099999999997 0.00000000099999999997 0.01233640562970461999 
0.07558163501934807293 0.02036967956213063882 0.49944943347728137928 0.00000000099999999999 0.00000000099999999999 0.00901221545464106141 0.10799436740121369505 0.00000000099999999999 0.17015297355499231502 0.02009553647041117594 0.09734415605998185395 
0.00000000099999999973 0.00000000099999999973 0.00000000099999999973 0.99999999000000017180 0.00000000099999999973 0.00000000099999999973 0.00000000099999999973 0.00000000099999999973 0.00000000099999999973 0.00000000099999999973 0.00000000099999999973 
0.06474855644676578981 0.00000000099999999998 0.00000000099999999998 0.12140885849601627811 0.00000014764234581643 0.00000000099999999998 0.00000000099999999998 0.81384243041487225323 0.00000000099999999998 0.00000000099999999998 0.00000000099999999998 
0.00000000099999999983 0.00000000099999999983 0.00000000099999999983 0.00000000099999999983 0.00000000099999999983 0.07780089488041691537 0.00000000099999999983 0.04753587787270059650 0.00000000099999999983 0.00000000099999999983 0.87466321924688261724 
0.00000000099999999976 0.00000000099999999976 0.00000000099999999976 0.00000000099999999976 0.00000000099999999976 0.00000000099999999976 0.00000000099999999976 0.99999998999999994975 0.00000000099999999976 0.00000000099999999976 0.00000000099999999976 
0.00000000099999999981 0.00000000099999999981 0.00000000099999999981 0.00000000099999999981 0.00000000099999999981 0.16008368722075602686 0.00000000099999999981 0.00000000099999999981 0.00000000099999999981 0.83991630377924386686 0.00000000099999999981 
0.00000000099999999992 0.00000000099999999992 0.00000000099999999992 0.00000000099999999992 0.00000000099999999992 0.00000000099999999992 0.00000000099999999992 0.00000000099999999992 0.00000000099999999992 0.01558757763274378101 0.98441241336725626709 
0.00000000099999999984 0.00000000099999999984 0.00000000099999999984 0.00000000099999999984 0.00000000099999999984 0.00000000099999999984 0.00000000099999999984 0.00000000099999999984 0.99999999000000006077 0.00000000099999999984 0.00000000099999999984 
0.18646437394563192269 0.00000000099999999999 0.14382246485634134214 0.00000000099999999999 0.00000000099999999999 0.01978731623188079505 0.05951460169573358217 0.15836226384130930311 0.43204897442910294991 0.00000000099999999999 0.00000000099999999999 
0.00000000099999999994 0.00000000099999999994 0.38123685299477366728 0.00000000099999999994 0.00000000099999999994 0.00000000099999999994 0.00677742882143389340 0.00000000099999999994 0.61198571018379244180 0.00000000099999999994 0.00000000099999999994 
0.39355216471458998040 0.00000000099999999988 0.55110558570596035466 0.05281502417672392924 0.00000000099999999988 0.00000000099999999988 0.00000000099999999988 0.00000000099999999988 0.00252721840272589595 0.00000000099999999988 0.00000000099999999988 
0.00000000099999999985 0.00000000099999999985 0.99999999000000006077 0.00000000099999999985 0.00000000099999999985 0.00000000099999999985 0.00000000099999999985 0.00000000099999999985 0.00000000099999999985 0.00000000099999999985 0.00000000099999999985 
0.00000000099999999981 0.00000000099999999981 0.00000000099999999981 0.10976593573099324708 0.00000000099999999981 0.00000000099999999981 0.00000000099999999981 0.00000000099999999981 0.89023405526900678542 0.00000000099999999981 0.00000000099999999981 
0.00000000099999999989 0.00000000099999999989 0.00000000099999999989 0.00000000099999999989 0.06580182874621749722 0.00000000099999999989 0.00000000099999999989 0.00000000099999999989 0.00000000099999999989 0.00000000099999999989 0.93419816225378249364 
0.00000000099999999986 0.00000000099999999986 0.00000000099999999986 0.00000000099999999986 0.00000000099999999986 0.00000000099999999986 0.00000000099999999986 0.00000000099999999986 0.00000000099999999986 0.99999998999999994975 0.00000000099999999986 
0.00000000099999999988 0.00000000099999999988 0.00000000099999999988 0.00000000099999999988 0.00000000099999999988 0.00000000099999999988 0.00000000099999999988 0.01738744189011052002 0.00000000099999999988 0.02499222583697971456 0.95762032427290988412 
0.00000000099999999993 0.00000000099999999993 0.00000000099999999993 0.00000000099999999993 0.00000000099999999993 0.00000000099999999993 0.00000000099999999993 0.00000000099999999993 0.00000000099999999993 0.00000000099999999993 0.99999998999999994975 
0.00000000099999999973 0.00000000099999999973 0.00000000099999999973 0.00000000099999999973 0.00000000099999999973 0.00000000099999999973 0.00000000099999999973 0.00000000099999999973 0.00000000099999999973 0.99999999000000006077 0.00000000099999999973 
0.00000000099999999965 0.00000000099999999965 0.00000000099999999965 0.00000000099999999965 0.00000000099999999965 0.00000000099999999965 0.00000000099999999965 0.99999998999999994975 0.00000000099999999965 0.00000000099999999965 0.00000000099999999965 
0.00000000099999999977 0.00000000099999999977 0.00000000099999999977 0.00000000099999999977 0.03409941091599091173 0.00000000099999999977 0.00000000099999999977 0.96590058008400903056 0.00000000099999999977 0.00000000099999999977 0.00000000099999999977 
0.00000000099999999981 0.00000000099999999981 0.00000000099999999981 0.00000000099999999981 0.00000000099999999981 0.00000000099999999981 0.00000000099999999981 0.00000000099999999981 0.00000000099999999981 0.00000000099999999981 0.99999998999999994975 
0.00000000099999999987 0.00000000099999999987 0.00000000099999999987 0.00000000099999999987 0.00000000099999999987 0.01052845905930375157 0.00000000099999999987 0.00000000099999999987 0.00000000099999999987 0.00000000099999999987 0.98947153194069636939 
0.00000000099999999983 0.00000000099999999983 0.00000000099999999983 0.00000000099999999983 0.00000000099999999983 0.00000000099999999983 0.00000000099999999983 0.00000000099999999983 0.00000000099999999983 0.00000000099999999983 0.99999999000000006077 
0.00000000099999999978 0.00000000099999999978 0.00000000099999999978 0.00000000099999999978 0.00000000099999999978 0.00000000099999999978 0.00000000099999999978 0.99999998999999994975 0.00000000099999999978 0.00000000099999999978 0.00000000099999999978 
0.00000000099999999993 0.00000000099999999993 0.00000000099999999993 0.00000000099999999993 0.00000000558568730089 0.00000000099999999993 0.00000000099999999993 0.96300845971958048963 0.00000000099999999993 0.00000001230569612536 0.03699151538903608372 
0.00000000099999999984 0.00000000099999999984 0.00000000099999999984 0.00000000099999999984 0.00000000099999999984 0.00000000099999999984 0.00000000099999999984 0.00000000099999999984 0.00000000099999999984 0.00000007166237867666 0.99999991933762133467 
0.00000000099999999974 0.00000000099999999974 0.00000000099999999974 0.00000000099999999974 0.00000000099999999974 0.00000000099999999974 0.00000000099999999974 0.00000000099999999974 0.00000000099999999974 0.99999998999999994975 0.00000000099999999974 
0.00000000099999999996 0.03164094923052680058 0.00000000099999999996 0.00000000099999999996 0.01587067423971941921 0.00000000099999999996 0.00000000099999999996 0.02640621226641864591 0.00000000099999999996 0.06073632694140528726 0.86534583132192988142 
0.00000000099999999969 0.00000000099999999969 0.00000000099999999969 0.00000000099999999969 0.00000000099999999969 0.00000000099999999969 0.00000000099999999969 0.99999998999999994975 0.00000000099999999969 0.00000000099999999969 0.00000000099999999969 
0.00000000099999999983 0.00000000099999999983 0.00000000099999999983 0.00000000099999999983 0.01123179781004885261 0.00000000099999999983 0.00000000099999999983 0.00000000099999999983 0.00000000099999999983 0.00000000099999999983 0.98876819318995112784 
0.28345016542262191361 0.00988272520761700017 0.61923980890267837918 0.00000000099999999998 0.00000000099999999998 0.01757492261878128292 0.06985237184830143942 0.00000000099999999998 0.00000000099999999998 0.00000000099999999998 0.00000000099999999998 
0.00000000099999999987 0.00000000099999999987 0.00000000099999999987 0.00000000099999999987 0.10895214879608189351 0.00000000099999999987 0.00000000099999999987 0.77974950524020147924 0.00000000099999999987 0.10511619602620483893 0.00618214293751187527 
0.00000009395724377327 0.00160706865859380852 0.00000000099999999995 0.00000000099999999995 0.00000000099999999995 0.00000000099999999995 0.00000000099999999995 0.00000000099999999995 0.92531234939798734374 0.00000000099999999995 0.07308048098617513089 
0.00000000099999999969 0.00000000099999999969 0.00000000099999999969 0.00000000099999999969 0.00000000099999999969 0.00000000099999999969 0.00000000099999999969 0.99999998999999994975 0.00000000099999999969 0.00000000099999999969 0.00000000099999999969 
0.00000000099999999988 0.00000000099999999988 0.00000000099999999988 0.00000000099999999988 0.00000000321768588981 0.00000000099999999988 0.00000000099999999988 0.00000000099999999988 0.00000000099999999988 0.00796604323258352613 0.99203394554973067798 
0.00000000099999999983 0.00000000099999999983 0.00000000099999999983 0.00000000099999999983 0.00000000099999999983 0.00000000099999999983 0.00000000099999999983 0.00000000099999999983 0.00000000099999999983 0.00000000099999999983 0.99999999000000006077 
0.00000000099999999976 0.00000000099999999976 0.00000000099999999976 0.00000000099999999976 0.00000000099999999976 0.00000000099999999976 0.00000000099999999976 0.99999999000000006077 0.00000000099999999976 0.00000000099999999976 0.00000000099999999976 
0.00000000099999999983 0.00000000099999999983 0.00000000099999999983 0.00000000099999999983 0.00155447522369589865 0.00000000099999999983 0.00000000099999999983 0.00000000099999999983 0.00000000099999999983 0.00000000099999999983 0.99844551577630424877 
0.00000000099999999999 0.05907938558986821492 0.00000000099999999999 0.00000000099999999999 0.00000000099999999999 0.04160305026160421304 0.00323887077398129098 0.01011226149589355972 0.23689009246827735788 0.01420876476719292944 0.63486757064318244392 
0.00000000099999999981 0.00000000099999999981 0.00000000099999999981 0.00000000099999999981 0.00000000099999999981 0.00000000099999999981 0.00000000099999999981 0.99999999000000006077 0.00000000099999999981 0.00000000099999999981 0.00000000099999999981 
0.00000000099999999997 0.00000000099999999997 0.00000000099999999997 0.00000000099999999997 0.00000000099999999997 0.00000000099999999997 0.00336397447119609304 0.00348725608394797422 0.00000000099999999997 0.00000000099999999997 0.99314876144485597642 
0.00000000099999999990 0.00000000099999999990 0.00003233910347798241 0.27156799043923918191 0.00000000099999999990 0.00000000099999999990 0.61979859219845434559 0.00000000099999999990 0.10860107125882856316 0.00000000099999999990 0.00000000099999999990 
0.00000000099999999937 0.99999999000000017180 0.00000000099999999937 0.00000000099999999937 0.00000000099999999937 0.00000000099999999937 0.00000000099999999937 0.00000000099999999937 0.00000000099999999937 0.00000000099999999937 0.00000000099999999937 
0.00000000099999999986 0.00000000099999999986 0.65723059508041647980 0.00000000099999999986 0.00000000099999999986 0.00000000099999999986 0.00000000099999999986 0.00000000099999999986 0.34276939591958355269 0.00000000099999999986 0.00000000099999999986 
0.00000000099999999983 0.00000000099999999983 0.00000000099999999983 0.00000000099999999983 0.00000000099999999983 0.00000000099999999983 0.00000000099999999983 0.00000000099999999983 0.99999998999999994975 0.00000000099999999983 0.00000000099999999983 
0.00000000099999999984 0.00000000099999999984 0.99999999000000017180 0.00000000099999999984 0.00000000099999999984 0.00000000099999999984 0.00000000099999999984 0.00000000099999999984 0.00000000099999999984 0.00000000099999999984 0.00000000099999999984 
0.25359850844970954764 0.00000000099999999992 0.00000000099999999992 0.00000000099999999992 0.00000000099999999992 0.00000000099999999992 0.00000000099999999992 0.00000000099999999992 0.74640148255029037383 0.00000000099999999992 0.00000000099999999992 
0.00000000099999999987 0.00000000099999999987 0.99999999000000006077 0.00000000099999999987 0.00000000099999999987 0.00000000099999999987 0.00000000099999999987 0.00000000099999999987 0.00000000099999999987 0.00000000099999999987 0.00000000099999999987 
0.00000000099999999999 0.00127015951583991146 0.35565449066382215371 0.19065381214636997753 0.00000000099999999999 0.02129796268340271304 0.00000000099999999999 0.00246527488819364747 0.35042461144145864438 0.00000000099999999999 0.07823368466091293327 
0.00000000099999999983 0.00000000099999999983 0.00000000099999999983 0.00000000099999999983 0.00000000099999999983 0.00000000099999999983 0.00000000099999999983 0.00000000099999999983 0.99999999000000006077 0.00000000099999999983 0.00000000099999999983 
0.00000000099999999970 0.00000000099999999970 0.00000000099999999970 0.00000000099999999970 0.00000000099999999970 0.00000000099999999970 0.00000000099999999970 0.99999999000000006077 0.00000000099999999970 0.00000000099999999970 0.00000000099999999970 
0.00000000099999999985 0.00000000099999999985 0.99999999000000017180 0.00000000099999999985 0.00000000099999999985 0.00000000099999999985 0.00000000099999999985 0.00000000099999999985 0.00000000099999999985 0.00000000099999999985 0.00000000099999999985 
0.00000000099999999939 0.99999999000000028282 0.00000000099999999939 0.00000000099999999939 0.00000000099999999939 0.00000000099999999939 0.00000000099999999939 0.00000000099999999939 0.00000000099999999939 0.00000000099999999939 0.00000000099999999939 
0.00000000099999999982 0.00000000099999999982 0.99999999000000017180 0.00000000099999999982 0.00000000099999999982 0.00000000099999999982 0.00000000099999999982 0.00000000099999999982 0.00000000099999999982 0.00000000099999999982 0.00000000099999999982 
0.00000000099999999975 0.00000000099999999975 0.00000000099999999975 0.99999999000000017180 0.00000000099999999975 0.00000000099999999975 0.00000000099999999975 0.00000000099999999975 0.00000000099999999975 0.00000000099999999975 0.00000000099999999975 
