0.42657556988199746284 0.00293778073364962550 0.33049206242586581794 0.00000000099999999999 0.15078318498036363815 0.00000000099999999999 0.00000000099999999999 0.08921139897812362107 
0.00000000099999999997 0.00000000099999999997 0.00000000099999999997 0.00000000099999999997 0.06799810855152223221 0.00000000099999999997 0.02926548284733081207 0.90273640360114693060 
0.19083923288076737323 0.00000000099999999999 0.00000272114613965992 0.00000000099999999999 0.00259528980351970929 0.01762540055169415851 0.01461335307806869120 0.77432400053981031984 
0.00000000099999999997 0.00000000099999999997 0.00000000099999999997 0.01682446698058634449 0.12317591533981198104 0.00000000099999999997 0.00000000099999999997 0.85999961267960156608 
0.16812519908055006956 0.00000000099999999996 0.00000000099999999996 0.00000000099999999996 0.00000000099999999996 0.00000000099999999996 0.00000000099999999996 0.83187479491944993359 
0.00000000099999999995 0.00000000099999999995 0.00000000099999999995 0.00000000099999999995 0.04367565567747421634 0.00000000099999999995 0.00000000099999999995 0.95632433832252572437 
0.00000000099999999987 0.00000000099999999987 0.00000000099999999987 0.00000000099999999987 0.00000000099999999987 0.95857649340140971272 0.04142350059859038758 0.00000000099999999987 
0.99999999300000008695 0.00000000099999999978 0.00000000099999999978 0.00000000099999999978 0.00000000099999999978 0.00000000099999999978 0.00000000099999999978 0.00000000099999999978 
0.13177562585795199457 0.01952300332358260920 0.00000000099999999992 0.00000000099999999992 0.00000000099999999992 0.00000000099999999992 0.00000000099999999992 0.84870136581846533641 
0.00000000099999999988 0.00000000099999999988 0.00000000099999999988 0.00000000099999999988 0.00000000099999999988 0.99999999300000008695 0.00000000099999999988 0.00000000099999999988 
0.00000000099999999992 0.00000000099999999992 0.00000000099999999992 0.00000000099999999992 0.00000000099999999992 0.99511186358042913458 0.00488813041957080786 0.00000000099999999992 
0.00000000099999999994 0.00000000099999999994 0.00000000099999999994 0.00744097389673638483 0.00000000099999999994 0.99255902010326357843 0.00000000099999999994 0.00000000099999999994 
0.00000000099999999980 0.00000000099999999980 0.00000000099999999980 0.00000000099999999980 0.00000000099999999980 0.00000000099999999980 0.99999999299999997593 0.00000000099999999980 
0.00633079313940467132 0.00000000099999999999 0.12626898143262996199 0.19004723366630868475 0.00000000270750644412 0.55866442251246606343 0.00000000099999999999 0.11868856454168408288 
0.00001022261718645308 0.00000000099999999998 0.24255001045133700588 0.60627832866687236812 0.15116143426460421084 0.00000000099999999998 0.00000000099999999998 0.00000000099999999998 
0.00000000099999999990 0.00000000099999999990 0.00000000099999999990 0.00000000099999999990 0.00000000099999999990 0.99999999299999997593 0.00000000099999999990 0.00000000099999999990 
0.11009244715095711786 0.00000000099999999997 0.16351311341515917253 0.28444119133721007531 0.00000000099999999997 0.44195324409667374743 0.00000000099999999997 0.00000000099999999997 
0.36407385940318059969 0.00000000099999999998 0.15752022430659315400 0.28533978686677841097 0.19181475194855798772 0.00000000099999999998 0.00000000099999999998 0.00125137447488969829 
0.00000000099999999970 0.00000000099999999970 0.99999999300000008695 0.00000000099999999970 0.00000000099999999970 0.00000000099999999970 0.00000000099999999970 0.00000000099999999970 
0.00000000099999999992 0.00000000099999999992 0.31598572396162982745 0.68401427003837023122 0.00000000099999999992 0.00000000099999999992 0.00000000099999999992 0.00000000099999999992 
0.00000000099999999966 0.00000000099999999966 0.00000000099999999966 0.99999999299999997593 0.00000000099999999966 0.00000000099999999966 0.00000000099999999966 0.00000000099999999966 
0.00000000099999999992 0.00000000099999999992 0.00000000099999999992 0.00000000099999999992 0.00000000099999999992 0.97164354222982629583 0.02835645177017383917 0.00000000099999999992 
0.00000000099999999978 0.00000000099999999978 0.99999999299999997593 0.00000000099999999978 0.00000000099999999978 0.00000000099999999978 0.00000000099999999978 0.00000000099999999978 
0.00000000099999999996 0.00000000099999999996 0.00000000099999999996 0.00000000099999999996 0.17044408006779643294 0.00000000099999999996 0.06169638295312285248 0.76785953197908085599 
0.00000000099999999992 0.00000000099999999992 0.00000000099999999992 0.00000000099999999992 0.00000000099999999992 0.96470323755716991254 0.03529675644283023633 0.00000000099999999992 
0.00000000099999999992 0.00000000099999999992 0.00000000099999999992 0.02328302086991805922 0.00000000099999999992 0.97671697313008187802 0.00000000099999999992 0.00000000099999999992 
0.00000000099999999987 0.00000000099999999987 0.00000000099999999987 0.00000000099999999987 0.00000000099999999987 0.00000000099999999987 0.99999999299999997593 0.00000000099999999987 
0.05070487860685270881 0.00000000099999999999 0.00000000099999999999 0.03726985557742554939 0.03299865207940659573 0.00000000099999999999 0.00000000099999999999 0.87902660973631518981 
0.14799299905707205549 0.00000000099999999994 0.00000000099999999994 0.00000000099999999994 0.00000000099999999994 0.00000000099999999994 0.00000000099999999994 0.85200699494292786440 
0.00000000099999999998 0.00000000099999999998 0.00000000099999999998 0.00464180052311109759 0.00000000099999999998 0.99535819347688880843 0.00000000099999999998 0.00000000099999999998 
0.08628457126643122865 0.00000000099999999999 0.02618005208790298230 0.00000000099999999999 0.00000000099999999999 0.88753537164566587148 0.00000000099999999999 0.00000000099999999999 
0.00000000099999999995 0.01243096420951391064 0.00000000099999999995 0.06115881812835602394 0.00000000099999999995 0.92641021266212997265 0.00000000099999999995 0.00000000099999999995 
0.00000000099999999998 0.00000000099999999998 0.00000000099999999998 0.00000000099999999998 0.08274283764230196125 0.00000000099999999998 0.07607716350477544687 0.84117999385292252512 
0.00000000099999999976 0.99999999300000019797 0.00000000099999999976 0.00000000099999999976 0.00000000099999999976 0.00000000099999999976 0.00000000099999999976 0.00000000099999999976 
0.16036714940985191680 0.04038372241089625142 0.00000000099999999999 0.00000000099999999999 0.00000000099999999999 0.00000000099999999999 0.00583780266573793744 0.79341132151351378976 
0.00000000099999999995 0.00000000099999999995 0.00042398612207179061 0.00000000639565367569 0.00000000099999999995 0.99957600248227451711 0.00000000099999999995 0.00000000099999999995 
0.00000000099999999984 0.00000000099999999984 0.99999999300000008695 0.00000000099999999984 0.00000000099999999984 0.00000000099999999984 0.00000000099999999984 0.00000000099999999984 
0.00000000099999999961 0.99999999300000019797 0.00000000099999999961 0.00000000099999999961 0.00000000099999999961 0.00000000099999999961 0.00000000099999999961 0.00000000099999999961 
0.00000000099999999994 0.00000000099999999994 0.00000000099999999994 0.00000000099999999994 0.00000000099999999994 0.99999999299999997593 0.00000000099999999994 0.00000000099999999994 
0.00000000099999999990 0.00000000099999999990 0.01053581112828415149 0.00000000099999999990 0.00000000099999999990 0.98946418287171589157 0.00000000099999999990 0.00000000099999999990 
0.00000000099999999992 0.00000000099999999992 0.00000000099999999992 0.05355613413049541832 0.00000000099999999992 0.94644385986950463341 0.00000000099999999992 0.00000000099999999992 
0.00000000099999999984 0.00000000099999999984 0.00000000099999999984 0.00000000099999999984 0.99999999299999997593 0.00000000099999999984 0.00000000099999999984 0.00000000099999999984 
0.61567479512953471321 0.00482516765961968352 0.00000000099999999999 0.00000000099999999999 0.22974548545670531174 0.08134748607820814492 0.00398011640441878027 0.06442694727151335177 
0.00000000099999999985 0.00000000099999999985 0.00000000099999999985 0.00000000099999999985 0.00000000099999999985 0.00000000099999999985 0.99999999299999997593 0.00000000099999999985 
0.00000000099999999997 0.00000000099999999997 0.00000000099999999997 0.00006730312255361801 0.06034178447142621998 0.00000000099999999997 0.49051094018762342319 0.44907996821839657464 
0.59196585411157987000 0.00000000099999999987 0.00000000099999999987 0.00000000099999999987 0.40803413988842018867 0.00000000099999999987 0.00000000099999999987 0.00000000099999999987 
0.00000000099999999997 0.00903091250377939005 0.00000000099999999997 0.00000000099999999997 0.00000000099999999997 0.97426188031861427064 0.01670720217760630899 0.00000000099999999997 
0.53042543409056508441 0.00000000099999999987 0.00000000099999999987 0.00000000099999999987 0.46957455990943502977 0.00000000099999999987 0.00000000099999999987 0.00000000099999999987 
0.00000000099999999983 0.00000000099999999983 0.00000000099999999983 0.00000000099999999983 0.99999999300000008695 0.00000000099999999983 0.00000000099999999983 0.00000000099999999983 
0.00000000099999999982 0.00000000099999999982 0.00000000099999999982 0.00000000099999999982 0.99999999300000008695 0.00000000099999999982 0.00000000099999999982 0.00000000099999999982 
0.00000000099999999998 0.02492121765448402498 0.00000000099999999998 0.00000000099999999998 0.16439137433842393454 0.00000000099999999998 0.00000000099999999998 0.81068740300709218882 
0.47149423649129135194 0.00000000099999999983 0.00000000099999999983 0.00000000099999999983 0.52850575750870854019 0.00000000099999999983 0.00000000099999999983 0.00000000099999999983 
0.36257308579686287064 0.00000000099999999987 0.00000000099999999987 0.00000000099999999987 0.63060120184563706047 0.00000000099999999987 0.00000000099999999987 0.00682570735750001167 
0.00000000099999999991 0.00000000099999999991 0.00000000099999999991 0.10661582637154230768 0.00000000099999999991 0.49715823710878181974 0.39622593151967583358 0.00000000099999999991 
0.23565831486313598697 0.00000000099999999999 0.00267255204306286872 0.02791584303394618535 0.00000000099999999999 0.00000000099999999999 0.00000000099999999999 0.73375328605985479236 
0.67415989417066413125 0.00000438411423148377 0.00000000099999999997 0.00000000099999999997 0.00000000099999999997 0.00000000099999999997 0.00000000099999999997 0.32583571671510452861 
0.99999999300000008695 0.00000000099999999981 0.00000000099999999981 0.00000000099999999981 0.00000000099999999981 0.00000000099999999981 0.00000000099999999981 0.00000000099999999981 
0.04242335873601986440 0.00821047136495192502 0.00000000099999999996 0.00000000099999999996 0.00358311328745117069 0.00000000099999999996 0.00000000099999999996 0.94578305261157691319 
0.99999999300000008695 0.00000000099999999980 0.00000000099999999980 0.00000000099999999980 0.00000000099999999980 0.00000000099999999980 0.00000000099999999980 0.00000000099999999980 
0.03161138232007524446 0.00000000099999999993 0.00000000099999999993 0.00000000099999999993 0.00000000099999999993 0.00000000099999999993 0.00000000099999999993 0.96838861167992473789 
0.09538744032375236215 0.00000000099999999994 0.00000000099999999994 0.00000000099999999994 0.00000000099999999994 0.00000000099999999994 0.00000000099999999994 0.90461255367624759938 
0.59773157075332072896 0.00000000099999999993 0.00000000099999999993 0.00000000099999999993 0.38661319879254435472 0.00000000099999999993 0.00000000099999999993 0.01565522545413508201 
0.65095570849697803606 0.00000000099999999987 0.00000000099999999987 0.00000000099999999987 0.34904428550302207812 0.00000000099999999987 0.00000000099999999987 0.00000000099999999987 
0.00000000099999999998 0.00000000099999999998 0.92707764002206083376 0.00000000099999999998 0.00000000099999999998 0.07292235397793922491 0.00000000099999999998 0.00000000099999999998 
0.00000000099999999994 0.00000000099999999994 0.00000000099999999994 0.00000000099999999994 0.10003450351168582944 0.00000000099999999994 0.00000000099999999994 0.89996549048831431250 
0.65136964400240482398 0.01783685046673018013 0.00000000099999999998 0.00000000099999999998 0.33079350053086514771 0.00000000099999999998 0.00000000099999999998 0.00000000099999999998 
0.00000000099999999984 0.00000000099999999984 0.99999999300000008695 0.00000000099999999984 0.00000000099999999984 0.00000000099999999984 0.00000000099999999984 0.00000000099999999984 
0.00000000099999999995 0.01092084459819820177 0.00000076535751015421 0.00000000099999999995 0.00000000099999999995 0.98860735104885588687 0.00047103499543564700 0.00000000099999999995 
0.05135912480499208593 0.00000000099999999996 0.00000000099999999996 0.00000000099999999996 0.00000000099999999996 0.00000000099999999996 0.00000000099999999996 0.94864086919500800743 
0.00000000099999999992 0.00000000099999999992 0.99999999300000008695 0.00000000099999999992 0.00000000099999999992 0.00000000099999999992 0.00000000099999999992 0.00000000099999999992 
0.00000000099999999988 0.00000000099999999988 0.98660940368338512219 0.00000000099999999988 0.00000000099999999988 0.00000000099999999988 0.01339059031661499720 0.00000000099999999988 
0.00000000099999999995 0.00000000099999999995 0.98115414369523068494 0.00000000099999999995 0.00000000099999999995 0.01884585030476922107 0.00000000099999999995 0.00000000099999999995 
0.00000000099999999984 0.00000000099999999984 0.00000000099999999984 0.00000000099999999984 0.00000000099999999984 0.00000000099999999984 0.99999999299999997593 0.00000000099999999984 
0.00000000099999999985 0.00000000099999999985 0.02865920310005736979 0.97134079089994262990 0.00000000099999999985 0.00000000099999999985 0.00000000099999999985 0.00000000099999999985 
0.13657542526706473174 0.01878974756340631019 0.15288322465235973380 0.50477099309444461994 0.00000000100000000000 0.00007758726236048441 0.18690302016036408617 0.00000000100000000000 
0.00000000099999999988 0.00000000099999999988 0.00000000099999999988 0.00000000099999999988 0.00000000099999999988 0.00000000099999999988 0.99999999299999986491 0.00000000099999999988 
0.00000000099999999990 0.00000000099999999990 0.00000000099999999990 0.00000000099999999990 0.00000000099999999990 0.99999999300000008695 0.00000000099999999990 0.00000000099999999990 
0.00000000099999999984 0.00000000099999999984 0.99999999299999997593 0.00000000099999999984 0.00000000099999999984 0.00000000099999999984 0.00000000099999999984 0.00000000099999999984 
0.00000000099999999974 0.00000000099999999974 0.00000000099999999974 0.99999999299999997593 0.00000000099999999974 0.00000000099999999974 0.00000000099999999974 0.00000000099999999974 
0.00000000099999999978 0.00000000099999999978 0.00000000099999999978 0.99999999300000008695 0.00000000099999999978 0.00000000099999999978 0.00000000099999999978 0.00000000099999999978 
0.00000000099999999999 0.03860599820860774467 0.84748293214417302899 0.00001649928958123360 0.00000000099999999999 0.06849093331901454085 0.04540363403862351238 0.00000000099999999999 
0.01980774318097988998 0.00300902207198173229 0.04570708430181973092 0.15281747179770385769 0.00000000100000000000 0.15707085491433742108 0.43889648415671300707 0.18269133857646427388 
0.03489360479322746456 0.00184028458230427704 0.06055472860033292437 0.02504155479457333480 0.00000000099999999999 0.77761434404459184311 0.00000000099999999999 0.10005548118497015198 
0.00000000099999999987 0.00000000099999999987 0.00000000099999999987 0.00000000099999999987 0.00000000099999999987 0.00000000099999999987 0.99999999299999986491 0.00000000099999999987 
0.00000000099999999995 0.00281234588721763655 0.94825159826870675239 0.04893605084407574857 0.00000000099999999995 0.00000000099999999995 0.00000000099999999995 0.00000000099999999995 
0.00000000099999999989 0.00000000099999999989 0.00000000099999999989 0.00000000099999999989 0.00000000099999999989 0.99999999299999997593 0.00000000099999999989 0.00000000099999999989 
0.00000000099999999996 0.00000000099999999996 0.02105060076646416561 0.05430234598475208729 0.00000000099999999996 0.92464624008780227360 0.00000080916098156348 0.00000000099999999996 
0.00000000099999999983 0.00000000099999999983 0.00000000099999999983 0.00000000099999999983 0.00000000099999999983 0.00000000099999999983 0.99999999299999997593 0.00000000099999999983 
0.00000000099999999993 0.00000000099999999993 0.01011144405600225386 0.00000000099999999993 0.00000000099999999993 0.95262477838386305784 0.03726377256013454348 0.00000000099999999993 
0.00000000099999999977 0.00000000099999999977 0.00000000099999999977 0.99999999299999997593 0.00000000099999999977 0.00000000099999999977 0.00000000099999999977 0.00000000099999999977 
0.00000000099999999994 0.00000000099999999994 0.00000000099999999994 0.00000000099999999994 0.00000000099999999994 0.00000000099999999994 0.99999999299999997593 0.00000000099999999994 
0.00000000099999999991 0.00000000099999999991 0.93479806544725618789 0.00000000099999999991 0.00000000099999999991 0.06520192855274374588 0.00000000099999999991 0.00000000099999999991 
0.00000000099999999992 0.00000000099999999992 0.00000000099999999992 0.00000000099999999992 0.00000000099999999992 0.00000000099999999992 0.99999999299999997593 0.00000000099999999992 
0.00000000099999999994 0.00000000099999999994 0.03963592798380298488 0.02831597955000507427 0.00000000099999999994 0.93204782069297220648 0.00000026777321967313 0.00000000099999999994 
0.00000000099999999982 0.00000000099999999982 0.00000000099999999982 0.00000000099999999982 0.99999999299999997593 0.00000000099999999982 0.00000000099999999982 0.00000000099999999982 
0.44824487461894224616 0.00000000099999999978 0.00000000099999999978 0.00000000099999999978 0.55175511938105770149 0.00000000099999999978 0.00000000099999999978 0.00000000099999999978 
0.06226343217937785335 0.03100721288941745563 0.00000000099999999995 0.00000000099999999995 0.00000000099999999995 0.00000000099999999995 0.00000000099999999995 0.90672934993120468672 
0.11826486521871742985 0.00000000099999999993 0.00000000099999999993 0.00000000099999999993 0.00000000099999999993 0.00000000099999999993 0.00000000099999999993 0.88173512878128257331 
0.00000000099999999999 0.04618175320965077491 0.89506901098301827613 0.02166430199326194184 0.03708492981406911332 0.00000000099999999999 0.00000000099999999999 0.00000000099999999999 
0.00000000099999999995 0.00000000099999999995 0.00000000099999999995 0.00000000099999999995 0.13114203494647047599 0.00000000099999999995 0.09394155824594808968 0.77491640180758136758 
0.00000000099999999995 0.00000000099999999995 0.00000000099999999995 0.00000000099999999995 0.07741545460898420494 0.00000000099999999995 0.00000000099999999995 0.92258453939101581209 
0.13390241035907329836 0.00000000242415538409 0.85901918588605419291 0.00000000099999999998 0.00000000099999999998 0.00707839733071732695 0.00000000099999999998 0.00000000099999999998 
0.14888489745197572289 0.02111448644754975595 0.00000000099999999999 0.00000000099999999999 0.00525966901785105551 0.10196765097050705662 0.02870342783670704057 0.69406986627540945278 
0.99999999300000019797 0.00000000099999999973 0.00000000099999999973 0.00000000099999999973 0.00000000099999999973 0.00000000099999999973 0.00000000099999999973 0.00000000099999999973 
0.16309481699631200868 0.00000000099999999999 0.82378726863873641406 0.00000000099999999999 0.00000000099999999999 0.00000000099999999999 0.00000000099999999999 0.01311790936495178632 
0.00000000099999999990 0.00000000099999999990 0.08336909877152029469 0.00911442959030185629 0.00000000099999999990 0.89175217257755201583 0.01576429506062583877 0.00000000099999999990 
0.00000000099999999984 0.00000000099999999984 0.99999999299999997593 0.00000000099999999984 0.00000000099999999984 0.00000000099999999984 0.00000000099999999984 0.00000000099999999984 
0.00000000099999999987 0.00000000099999999987 0.00000000099999999987 0.19121651942771347721 0.00000000099999999987 0.00000000099999999987 0.80878347457228638717 0.00000000099999999987 
0.00000000099999999995 0.00000000099999999995 0.00000000099999999995 0.00000000099999999995 0.00000000099999999995 0.99229519661779241879 0.00770479738220755835 0.00000000099999999995 
0.06366515422068912133 0.00000000099999999996 0.00000000099999999996 0.00000000099999999996 0.00000000099999999996 0.00000000099999999996 0.00000000099999999996 0.93633483977931086795 
0.05606105531299652306 0.00000000100000000000 0.16292438919232707373 0.02018882104829398255 0.03750426526668258764 0.00000000100000000000 0.00000000100000000000 0.72332146617969983460 
0.07583237264012634982 0.00000000099999999997 0.00000000099999999997 0.00359141509539558394 0.00000432040697869691 0.00000000099999999997 0.00000000099999999997 0.92057188785749943793 
0.02798266099834832363 0.00000000099999999996 0.00000000099999999996 0.00000000099999999996 0.09326143619785491612 0.00000000099999999996 0.00000000099999999996 0.87875589780379670390 
0.09154509470338224875 0.00000000099999999998 0.00000000099999999998 0.00000000099999999998 0.02490897747525782843 0.00317797166513010369 0.00000000099999999998 0.88036795215622976052 
0.00000000099999999990 0.00000000099999999990 0.00000000099999999990 0.00000000099999999990 0.13515035621636417584 0.00000000099999999990 0.00000000099999999990 0.86484963778363577180 
0.00000000099999999993 0.00000000099999999993 0.00000000099999999993 0.05750229709836436609 0.00000000099999999993 0.94249769690163576197 0.00000000099999999993 0.00000000099999999993 
0.00000000099999999991 0.00000000099999999991 0.00000000099999999991 0.00000000099999999991 0.00000000099999999991 0.00000000099999999991 0.99999999299999997593 0.00000000099999999991 
0.00000000099999999992 0.00000000099999999992 0.01445604607977634022 0.00000000099999999992 0.00000000099999999992 0.96412519766416826528 0.02141875125605533295 0.00000000099999999992 
0.00000000099999999996 0.00000000099999999996 0.00000000099999999996 0.00000000099999999996 0.00000000099999999996 0.99999999300000008695 0.00000000099999999996 0.00000000099999999996 
0.00000000099999999981 0.00000000099999999981 0.00000000099999999981 0.00000000099999999981 0.00000000099999999981 0.00000000099999999981 0.99999999299999986491 0.00000000099999999981 
0.00000000099999999977 0.00000000099999999977 0.99999999300000008695 0.00000000099999999977 0.00000000099999999977 0.00000000099999999977 0.00000000099999999977 0.00000000099999999977 
0.00000000099999999986 0.00000000099999999986 0.99999999299999997593 0.00000000099999999986 0.00000000099999999986 0.00000000099999999986 0.00000000099999999986 0.00000000099999999986 
0.00000000099999999987 0.00000000099999999987 0.00000000099999999987 0.00000000099999999987 0.00000000099999999987 0.99999999299999997593 0.00000000099999999987 0.00000000099999999987 
0.00000000099999999991 0.00000000099999999991 0.00000000099999999991 0.00000000099999999991 0.00000000099999999991 0.99999999300000008695 0.00000000099999999991 0.00000000099999999991 
0.00000000099999999989 0.00000000099999999989 0.00000000099999999989 0.00000000099999999989 0.00000000099999999989 0.99999999300000008695 0.00000000099999999989 0.00000000099999999989 
0.00000000099999999987 0.00000000099999999987 0.99999999299999997593 0.00000000099999999987 0.00000000099999999987 0.00000000099999999987 0.00000000099999999987 0.00000000099999999987 
0.00000000099999999996 0.00000000099999999996 0.96304152464820691470 0.00000000099999999996 0.00000000099999999996 0.03695846935179301213 0.00000000099999999996 0.00000000099999999996 
0.00000000099999999990 0.00000000099999999990 0.00000000099999999990 0.00000000099999999990 0.00000000099999999990 0.99999999300000008695 0.00000000099999999990 0.00000000099999999990 
0.00000000099999999983 0.00000000099999999983 0.00000000099999999983 0.00000000099999999983 0.00000000099999999983 0.00000000099999999983 0.99999999299999997593 0.00000000099999999983 
0.00000000099999999998 0.03279862225390807462 0.02833998829006624531 0.01321199994809388670 0.00000000099999999998 0.87187993609138203510 0.05376945041654970781 0.00000000099999999998 
0.00000000099999999980 0.00000000099999999980 0.99999999299999997593 0.00000000099999999980 0.00000000099999999980 0.00000000099999999980 0.00000000099999999980 0.00000000099999999980 
0.00000000099999999989 0.00000000099999999989 0.00000000099999999989 0.00000000099999999989 0.00000000099999999989 0.99999999300000008695 0.00000000099999999989 0.00000000099999999989 
0.15202256970122854374 0.01145556778191918375 0.00000000099999999999 0.00385823081786373619 0.00069980620328668640 0.00000000099999999999 0.02508782701716568558 0.80687599647853613938 
0.00000000099999999993 0.00000000099999999993 0.81230045341161882799 0.05784210599916816964 0.00000000099999999993 0.01184756763395365328 0.11800986895525927833 0.00000000099999999993 
0.05478024874393680466 0.01597908004862452422 0.00000000099999999997 0.00000000099999999997 0.00000037865295004516 0.07626177263106402593 0.00000000099999999997 0.85297851692342452345 
0.00000000099999999980 0.00000000099999999980 0.99999999300000008695 0.00000000099999999980 0.00000000099999999980 0.00000000099999999980 0.00000000099999999980 0.00000000099999999980 
0.00000000099999999993 0.00000000099999999993 0.00000000099999999993 0.00000000099999999993 0.00000000099999999993 0.99918456676536759886 0.00081542723463249049 0.00000000099999999993 
0.00000000099999999988 0.00000000099999999988 0.00000000099999999988 0.00000000099999999988 0.00000000099999999988 0.99999999299999997593 0.00000000099999999988 0.00000000099999999988 
0.00000000099999999984 0.00000000099999999984 0.99999999299999997593 0.00000000099999999984 0.00000000099999999984 0.00000000099999999984 0.00000000099999999984 0.00000000099999999984 
0.00000000099999999989 0.00000000099999999989 0.00000000099999999989 0.00000000099999999989 0.00000000099999999989 0.99999999300000008695 0.00000000099999999989 0.00000000099999999989 
0.07945814699603077902 0.07093160910667933861 0.01328167558916270620 0.00000000100000000000 0.00000000100000000000 0.63809817908355392913 0.04875024151146670204 0.14948014571310647147 
0.00000000099999999987 0.00000000099999999987 0.99999999299999997593 0.00000000099999999987 0.00000000099999999987 0.00000000099999999987 0.00000000099999999987 0.00000000099999999987 
0.00000000099999999998 0.00000000099999999998 0.00115472262688381716 0.00000000099999999998 0.00858740358665711218 0.99025786878645905009 0.00000000099999999998 0.00000000099999999998 
0.36968198968197324428 0.00245235407588908919 0.00000000099999999995 0.00000000099999999995 0.50101958333732743434 0.00000000099999999995 0.00000000099999999995 0.12684606890481014974 
0.00000000099999999956 0.99999999300000019797 0.00000000099999999956 0.00000000099999999956 0.00000000099999999956 0.00000000099999999956 0.00000000099999999956 0.00000000099999999956 
0.06030417505490706653 0.00000000099999999992 0.00000000099999999992 0.00000000099999999992 0.00124400470693561698 0.00000000099999999992 0.00000000099999999992 0.93845181523815723867 
0.00000000099999999994 0.00000000099999999994 0.00000000099999999994 0.00000000099999999994 0.08354367311426766363 0.00000000099999999994 0.00000000099999999994 0.91645632088573236729 
0.00000000099999999996 0.00000000099999999996 0.00000000099999999996 0.00000000099999999996 0.06726635287283373732 0.00000000099999999996 0.00000000099999999996 0.93273364112716627972 
0.06775751336458647744 0.00000000099999999996 0.00000000099999999996 0.00000000099999999996 0.00000000099999999996 0.00000000099999999996 0.00000000099999999996 0.93224248063541348408 
0.10954867865572041896 0.00000000099999999997 0.01448503887189566894 0.00000000099999999997 0.00000000099999999997 0.00000000099999999997 0.00000000099999999997 0.87596627747238386963 
0.22524492493616962707 0.00592584679799568713 0.01794667740665977645 0.00343653766041011584 0.00000000100000000000 0.07806691144311533881 0.00000000100000000000 0.66937909975564935383 
0.00000000099999999993 0.00000000099999999993 0.00000000099999999993 0.00000000099999999993 0.03080436624598982195 0.00000000099999999993 0.00000000099999999993 0.96919562775401024712 
0.00000000099999999979 0.00000000099999999979 0.99999999299999997593 0.00000000099999999979 0.00000000099999999979 0.00000000099999999979 0.00000000099999999979 0.00000000099999999979 
0.00000000099999999997 0.01141271586804055820 0.00000000099999999997 0.00682983696468083754 0.11854825549189815237 0.00000000099999999997 0.00000000099999999997 0.86320918767538057370 
0.00000000099999999958 0.99999999300000008695 0.00000000099999999958 0.00000000099999999958 0.00000000099999999958 0.00000000099999999958 0.00000000099999999958 0.00000000099999999958 
0.09136395359856233633 0.00000000099999999995 0.00000000099999999995 0.00000000099999999995 0.00000000099999999995 0.00000000099999999995 0.00000000099999999995 0.90863604040143763907 
0.33069441270839261549 0.00000000099999999986 0.00000000099999999986 0.00000000099999999986 0.66930558129160733216 0.00000000099999999986 0.00000000099999999986 0.00000000099999999986 
0.00000000099999999989 0.00000000099999999989 0.00000000099999999989 0.00000000099999999989 0.00000000099999999989 0.99999999299999997593 0.00000000099999999989 0.00000000099999999989 
0.99999999300000019797 0.00000000099999999975 0.00000000099999999975 0.00000000099999999975 0.00000000099999999975 0.00000000099999999975 0.00000000099999999975 0.00000000099999999975 
0.74976347210138216681 0.00000000099999999985 0.00000000099999999985 0.00000000099999999985 0.25023652189861794737 0.00000000099999999985 0.00000000099999999985 0.00000000099999999985 
0.00000000099999999999 0.00631119080385128973 0.00000000099999999999 0.00000000099999999999 0.12683282131575293605 0.00460926181188009692 0.02077740392840417977 0.84146931914011147136 
0.00000000099999999997 0.00000000099999999997 0.00000000099999999997 0.00000000099999999997 0.13445686984898089222 0.00000000099999999997 0.02533963250293200936 0.84020349264808724676 
0.36184328995215042646 0.00000000099999999990 0.00000000099999999990 0.00000000099999999990 0.63815670404784941017 0.00000000099999999990 0.00000000099999999990 0.00000000099999999990 
0.34387796910849016685 0.00000000099999999987 0.00000000099999999987 0.00000000099999999987 0.65612202489150983631 0.00000000099999999987 0.00000000099999999987 0.00000000099999999987 
0.13433195079988369258 0.00000000099999999997 0.00000000099999999997 0.00000000099999999997 0.00000000130833252412 0.00000000099999999997 0.00000000099999999997 0.86566804289178378440 
0.00000000099999999988 0.00000000099999999988 0.00000000099999999988 0.00000000099999999988 0.00000000099999999988 0.99999999299999997593 0.00000000099999999988 0.00000000099999999988 
0.10571106114058984038 0.01021835898148908649 0.00306767283659306004 0.01806263131784142592 0.04123220872299231121 0.00000000099999999999 0.00000000099999999999 0.82170806500049431431 
0.99999999300000008695 0.00000000099999999978 0.00000000099999999978 0.00000000099999999978 0.00000000099999999978 0.00000000099999999978 0.00000000099999999978 0.00000000099999999978 
0.12686720830945974470 0.00000000099999999998 0.00000000099999999998 0.00000000099999999998 0.00000000099999999998 0.00000000099999999998 0.03198545489622468124 0.84114733179431566690 
0.01953561128718862144 0.00000000099999999997 0.00000000099999999997 0.00000000099999999997 0.08749520735625841705 0.00000000099999999997 0.00000000099999999997 0.89296917635655292944 
0.59998185344972509991 0.00000000099999999988 0.00000000099999999988 0.00000000099999999988 0.40001814055027490324 0.00000000099999999988 0.00000000099999999988 0.00000000099999999988 
0.00000000099999999989 0.00000000099999999989 0.00000000099999999989 0.00000000099999999989 0.00000000099999999989 0.99999999300000008695 0.00000000099999999989 0.00000000099999999989 
0.99999999300000019797 0.00000000099999999986 0.00000000099999999986 0.00000000099999999986 0.00000000099999999986 0.00000000099999999986 0.00000000099999999986 0.00000000099999999986 
0.05100192179344761878 0.00000000099999999998 0.00000000099999999998 0.00000000099999999998 0.02857259904286986799 0.00000000099999999998 0.00000000099999999998 0.92042547416368258872 
0.00000000099999999998 0.00000000099999999998 0.00000000099999999998 0.05006648043661999364 0.07944831961209404547 0.00000000099999999998 0.00000000099999999998 0.87048519495128595658 
0.12638148187923617383 0.00000000099999999995 0.00000000099999999995 0.00000000099999999995 0.00000000099999999995 0.00000000099999999995 0.00975996813297148012 0.86385854498779235389 
0.00000000099999999988 0.00000000099999999988 0.00000000099999999988 0.00000000099999999988 0.00000000099999999988 0.99999999299999997593 0.00000000099999999988 0.00000000099999999988 
0.11967596318382495157 0.00000000099999999997 0.00000000099999999997 0.01652106216059099492 0.00000000099999999997 0.00000000099999999997 0.12673323957513263349 0.73706973108045148457 
0.16147537280951204663 0.00870734273719076315 0.00000000099999999996 0.00000000099999999996 0.00000000099999999996 0.00000000099999999996 0.00289818057467701538 0.82691909987862022291 
0.00000000193276955297 0.00000000099999999994 0.00000000099999999994 0.00000000099999999994 0.01245682627037906706 0.00000000099999999994 0.00000000099999999994 0.98754316679685150149 
0.00000000099999999998 0.02045685473605721172 0.00000000099999999998 0.00000000099999999998 0.10230591930341120799 0.00000000099999999998 0.00000000099999999998 0.87723722096053158293 
0.34797270533906327072 0.00000000099999999998 0.00000000099999999998 0.00000000099999999998 0.49947797628943146897 0.00674201732784080517 0.02609727603891162304 0.11971002200475265587 
0.00000000099999999997 0.00000000099999999997 0.00000000099999999997 0.00000000099999999997 0.13789684655900155685 0.86210314744099847406 0.00000000099999999997 0.00000000099999999997 
0.00000000099999999998 0.00000000099999999998 0.00000000099999999998 0.02869671818663620949 0.08414065744876314534 0.00000000099999999998 0.04032094202758627899 0.84684167833701429196 
0.00000000099999999973 0.00000000099999999973 0.00000000099999999973 0.00000000099999999973 0.99999999300000008695 0.00000000099999999973 0.00000000099999999973 0.00000000099999999973 
0.00000000099999999994 0.00000000099999999994 0.00000000099999999994 0.00000000099999999994 0.99999999299999997593 0.00000000099999999994 0.00000000099999999994 0.00000000099999999994 
0.00000000099999999998 0.00000000099999999998 0.04789097962673231207 0.00000000099999999998 0.63944454625434221651 0.00000000099999999998 0.00000000099999999998 0.31266446911892542548 
0.00000000099999999998 0.00000000099999999998 0.00000000099999999998 0.00000000099999999998 0.42029631308264414624 0.37703887436498145780 0.09243684674526331246 0.11022796180711097458 
0.05344857926170065027 0.00000000099999999991 0.00000000099999999991 0.00000000099999999991 0.00000000099999999991 0.00000000099999999991 0.00000000099999999991 0.94655141473829940146 
0.13420869531966408972 0.02577970896542776044 0.05865967323164067437 0.00000000100000000000 0.00000000151056169594 0.41012534523149091203 0.00248461062315937257 0.36874196411805559848 
0.07561650234380690172 0.00000000099999999997 0.00000000099999999997 0.00000000099999999997 0.00000000099999999997 0.00000000099999999997 0.22063190679992775167 0.70375158585626529373 
0.00000000099999999998 0.00000000099999999998 0.00000000099999999998 0.00001674518445151624 0.00000000099999999998 0.00000000099999999998 0.00000000099999999998 0.99998324881554834231 
0.00000210996071644427 0.00000000099999999999 0.00000000099999999999 0.00068101614473036756 0.00669444471082495437 0.36063495341227902458 0.00000000099999999999 0.63198747277144917689 
0.46495367813352744824 0.00000000099999999998 0.00000000099999999998 0.00000000099999999998 0.00000000099999999998 0.00000000099999999998 0.00000000099999999998 0.53504631586647222186 
0.00000000099999999998 0.00000000099999999998 0.78345066717028677417 0.03199262200477560186 0.03233010734234163103 0.00000000099999999998 0.00000000099999999998 0.15222659948259584239 
0.00000000099999999979 0.00000000099999999979 0.00000000099999999979 0.99999999299999997593 0.00000000099999999979 0.00000000099999999979 0.00000000099999999979 0.00000000099999999979 
0.00000000099999999996 0.00000000099999999996 0.00000000099999999996 0.00000000099999999996 0.12570199164606810083 0.00000000099999999996 0.01293427911548303624 0.86136372423844875801 
0.00000000099999999981 0.00000000099999999981 0.00000000099999999981 0.00000000099999999981 0.99999999299999997593 0.00000000099999999981 0.00000000099999999981 0.00000000099999999981 
0.68847554520568254866 0.00000000099999999991 0.00000000099999999991 0.00000000099999999991 0.31152444879431745450 0.00000000099999999991 0.00000000099999999991 0.00000000099999999991 
0.31895991375011567559 0.00000000099999999988 0.00000000099999999988 0.00000000099999999988 0.68104008024988427206 0.00000000099999999988 0.00000000099999999988 0.00000000099999999988 
0.00000000099999999984 0.99999999300000008695 0.00000000099999999984 0.00000000099999999984 0.00000000099999999984 0.00000000099999999984 0.00000000099999999984 0.00000000099999999984 
0.00000000099999999998 0.00000000099999999998 0.00000000099999999998 0.02583701060170696950 0.10981537158412685296 0.00000000099999999998 0.00000000099999999998 0.86434761281416616630 
0.08667101623783234066 0.00000000099999999993 0.00000000099999999993 0.00000000099999999993 0.00000000099999999993 0.00000000099999999993 0.00000000099999999993 0.91332897776216781516 
0.43788052330099325182 0.01716344322816021339 0.00000000099999999995 0.00000000099999999995 0.50608241594996450363 0.00000000099999999995 0.00000000099999999995 0.03887361352088212346 
0.00000000099999999998 0.00000000099999999998 0.00000000099999999998 0.00000908134108069103 0.16339142741741305431 0.00000000099999999998 0.00979265733902959928 0.82680682990247666986 
0.99999999300000008695 0.00000000099999999979 0.00000000099999999979 0.00000000099999999979 0.00000000099999999979 0.00000000099999999979 0.00000000099999999979 0.00000000099999999979 
0.00000000099999999957 0.99999999300000019797 0.00000000099999999957 0.00000000099999999957 0.00000000099999999957 0.00000000099999999957 0.00000000099999999957 0.00000000099999999957 
0.00000000099999999981 0.00000000099999999981 0.00000000099999999981 0.00000000099999999981 0.99999999299999997593 0.00000000099999999981 0.00000000099999999981 0.00000000099999999981 
0.49283825326348135176 0.00000000099999999993 0.00000000099999999993 0.00000000099999999993 0.50716174073651854037 0.00000000099999999993 0.00000000099999999993 0.00000000099999999993 
0.00000000099999999957 0.99999999300000019797 0.00000000099999999957 0.00000000099999999957 0.00000000099999999957 0.00000000099999999957 0.00000000099999999957 0.00000000099999999957 
0.00000000099999999976 0.99999999300000019797 0.00000000099999999976 0.00000000099999999976 0.00000000099999999976 0.00000000099999999976 0.00000000099999999976 0.00000000099999999976 
0.00000000099999999997 0.00623480963590545244 0.00000000099999999997 0.00796111029545353704 0.06695217418663861053 0.00000000099999999997 0.00000000099999999997 0.91885190188200227546 
0.00000000099999999973 0.00000000099999999973 0.00000000099999999973 0.00000000099999999973 0.99999999299999997593 0.00000000099999999973 0.00000000099999999973 0.00000000099999999973 
0.00000000099999999997 0.02134018473146592418 0.00000000099999999997 0.00000000099999999997 0.15197825661113653628 0.00000000099999999997 0.01670710699887019077 0.80997444765852744109 
0.00000000099999999977 0.00000000099999999977 0.00000000099999999977 0.00000000099999999977 0.99999999300000008695 0.00000000099999999977 0.00000000099999999977 0.00000000099999999977 
