0.00105140809982625944 0.40073874394200437177 0.00000000099999999999 0.06390237540770613012 0.00000000099999999999 0.32564590718732244756 0.20866156236314070682 0.00000000099999999999 
0.00000000099999999997 0.00000000099999999997 0.02453769248707495659 0.88293767172076742522 0.00000000099999999997 0.00000000099999999997 0.09252462796643058651 0.00000000382572706038 
0.00000000099999999997 0.00000000099999999997 0.00000000099999999997 0.76953035250777213072 0.00000000099999999997 0.00000000099999999997 0.20630687484819698607 0.02416276764403081992 
0.00000000099999999997 0.04185502523811283210 0.00616637053551910824 0.87751778645541023138 0.00000000099999999997 0.00000000099999999997 0.07446081377095774279 0.00000000099999999997 
0.00000000099999999994 0.01826761935332518738 0.00000000099999999994 0.84200897132531637990 0.00000000099999999994 0.00000000099999999994 0.13972340432135854638 0.00000000099999999994 
0.00000000099999999995 0.00000000099999999995 0.00000000099999999995 0.99999998675196832831 0.00000000099999999995 0.00000000099999999995 0.00000000724803174025 0.00000000099999999995 
0.00000000099999999981 0.00000000099999999981 0.00000000099999999981 0.00000000099999999981 0.99999999300000008695 0.00000000099999999981 0.00000000099999999981 0.00000000099999999981 
0.00000000099999999984 0.99999999300000008695 0.00000000099999999984 0.00000000099999999984 0.00000000099999999984 0.00000000099999999984 0.00000000099999999984 0.00000000099999999984 
0.01474966145671161195 0.08163720071180302629 0.00000000099999999992 0.90361313283148536613 0.00000000099999999992 0.00000000099999999992 0.00000000099999999992 0.00000000099999999992 
0.00000000099999999982 0.00000000099999999982 0.00000000099999999982 0.00000000099999999982 0.00000000099999999982 0.00000000099999999982 0.00000000099999999982 0.99999999299999997593 
0.00000000099999999992 0.00000000099999999992 0.00000000099999999992 0.00000000099999999992 0.58175139830838751287 0.00000000099999999992 0.00000000099999999992 0.41824859569161260131 
0.00000000099999999985 0.00000000099999999985 0.00000000099999999985 0.00000000099999999985 0.00000000099999999985 0.00000000099999999985 0.00000000099999999985 0.99999999300000008695 
0.00000000099999999985 0.00000000099999999985 0.99999999299999997593 0.00000000099999999985 0.00000000099999999985 0.00000000099999999985 0.00000000099999999985 0.00000000099999999985 
0.00000000099999999999 0.00000000099999999999 0.15059151232339193505 0.12526644069415146521 0.31346227740813437102 0.16965281765847176065 0.00000000099999999999 0.24102694891585046966 
0.00000000099999999999 0.00000000163543824592 0.42846654934478678456 0.00000000099999999999 0.00000000099999999999 0.40798858326406572949 0.16354486175570911999 0.00000000099999999999 
0.00000000099999999983 0.00000000099999999983 0.00000000099999999983 0.00000000099999999983 0.99999999300000008695 0.00000000099999999983 0.00000000099999999983 0.00000000099999999983 
0.00000000099999999994 0.00000000099999999994 0.17182752126323233566 0.00000000099999999994 0.24263485396018197315 0.23428874580090292001 0.15592200634909314516 0.19532686962658959984 
0.00000000099999999999 0.34900975005680867636 0.19073687353878585049 0.00000000099999999999 0.00000000099999999999 0.23681677668066314357 0.22343659572374233169 0.00000000099999999999 
0.00000000099999999968 0.00000000099999999968 0.00000000099999999968 0.00000000099999999968 0.00000000099999999968 0.99999999299999997593 0.00000000099999999968 0.00000000099999999968 
0.00000000099999999997 0.00000000099999999997 0.50395230294077764110 0.00000000099999999997 0.00000000099999999997 0.49604769105922236205 0.00000000099999999997 0.00000000099999999997 
0.00000000099999999972 0.00000000099999999972 0.99999999299999997593 0.00000000099999999972 0.00000000099999999972 0.00000000099999999972 0.00000000099999999972 0.00000000099999999972 
0.00000000099999999992 0.00000000099999999992 0.01419890582409709737 0.00000000099999999992 0.59831908495843111329 0.00000000099999999992 0.00000000099999999992 0.38748200421747175382 
0.00000000099999999978 0.00000000099999999978 0.00000000099999999978 0.00000000099999999978 0.00000000099999999978 0.99999999300000008695 0.00000000099999999978 0.00000000099999999978 
0.00000000099999999997 0.00000000099999999997 0.03757474805266138723 0.76043386410731028668 0.00000000099999999997 0.00000000099999999997 0.20199138284002837729 0.00000000099999999997 
0.00000000099999999991 0.00000000099999999991 0.02005009295877986999 0.00000000099999999991 0.42117265791177360690 0.00000000099999999991 0.00000000099999999991 0.55877724412944651533 
0.00000000099999999985 0.00000000099999999985 0.00000000099999999985 0.00000000099999999985 0.00000000099999999985 0.00000000099999999985 0.00000000099999999985 0.99999999299999997593 
0.00000000099999999992 0.00000000099999999992 0.99999999300000008695 0.00000000099999999992 0.00000000099999999992 0.00000000099999999992 0.00000000099999999992 0.00000000099999999992 
0.00000000099999999998 0.00000000099999999998 0.02565407091281576499 0.82739512550212168662 0.00000000099999999998 0.00000000099999999998 0.14695079858506263082 0.00000000099999999998 
0.00000000099999999993 0.00000000099999999993 0.00000000099999999993 0.88236830893106688034 0.00000000099999999993 0.00000000099999999993 0.11763168506893301180 0.00000000099999999993 
0.00000000099999999993 0.00000000099999999993 0.00000000099999999993 0.00000000099999999993 0.99999999300000008695 0.00000000099999999993 0.00000000099999999993 0.00000000099999999993 
0.00000000099999999998 0.00000000099999999998 0.00000000099999999998 0.00000000099999999998 0.58763386439790332716 0.01676453566687369223 0.09609977741179148714 0.29950181852343149558 
0.01566548698632164519 0.00000000099999999995 0.03311821073808570576 0.00000000099999999995 0.40854400851118782834 0.01274716089635839246 0.00000000099999999995 0.52992512986804629627 
0.00000000099999999998 0.02364988711270545746 0.06354152834790519067 0.85814455881901363643 0.00000000099999999998 0.00000000099999999998 0.04550071884193926386 0.00916330387843661796 
0.99999999300000008695 0.00000000099999999976 0.00000000099999999976 0.00000000099999999976 0.00000000099999999976 0.00000000099999999976 0.00000000099999999976 0.00000000099999999976 
0.04275307775006977062 0.12656847291477621442 0.00413845657092935717 0.82653998876422474229 0.00000000099999999999 0.00000000099999999999 0.00000000099999999999 0.00000000099999999999 
0.00000000099999999988 0.00000000099999999988 0.00000000099999999988 0.00000000099999999988 0.99999999299999997593 0.00000000099999999988 0.00000000099999999988 0.00000000099999999988 
0.00000000099999999983 0.00000000099999999983 0.00000000099999999983 0.00000000099999999983 0.00000000099999999983 0.99999999300000008695 0.00000000099999999983 0.00000000099999999983 
0.99999999300000019797 0.00000000099999999962 0.00000000099999999962 0.00000000099999999962 0.00000000099999999962 0.00000000099999999962 0.00000000099999999962 0.00000000099999999962 
0.00000000099999999993 0.00000000099999999993 0.00000000099999999993 0.00000000099999999993 0.28992585436972850843 0.00000000099999999993 0.00000000099999999993 0.71007413963027155024 
0.00000000099999999990 0.00000000099999999990 0.00000000099999999990 0.00000000099999999990 0.41956922947742641972 0.00000000935625170332 0.00000000099999999990 0.58043075616632167080 
0.00000000099999999988 0.00000000099999999988 0.00000000099999999988 0.00000000099999999988 0.99999999300000008695 0.00000000099999999988 0.00000000099999999988 0.00000000099999999988 
0.00000000099999999988 0.78299973497127484112 0.00000000099999999988 0.00000000099999999988 0.00000000099999999988 0.00000000099999999988 0.21700025902872532857 0.00000000099999999988 
0.00339778704920349521 0.70174685961377758492 0.00000000099999999999 0.05026498365934044948 0.00000000099999999999 0.00000000099999999999 0.15539081120218550813 0.08919955547549301977 
0.00000000099999999990 0.00000000099999999990 0.99999999300000008695 0.00000000099999999990 0.00000000099999999990 0.00000000099999999990 0.00000000099999999990 0.00000000099999999990 
0.00000000099999999997 0.02428151224639683858 0.48571093930418263174 0.49000754344942071272 0.00000000099999999997 0.00000000099999999997 0.00000000099999999997 0.00000000099999999997 
0.00000000099999999988 0.99999999300000019797 0.00000000099999999988 0.00000000099999999988 0.00000000099999999988 0.00000000099999999988 0.00000000099999999988 0.00000000099999999988 
0.00780521000798990901 0.00000000099999999997 0.00738999194010794402 0.00000000099999999997 0.55246489664850639834 0.00000000099999999997 0.00000000099999999997 0.43233989740339590080 
0.00000000099999999984 0.99999999300000008695 0.00000000099999999984 0.00000000099999999984 0.00000000099999999984 0.00000000099999999984 0.00000000099999999984 0.00000000099999999984 
0.00000000099999999990 0.82095759305180082688 0.00000000099999999990 0.00000000099999999990 0.00000000099999999990 0.00000000099999999990 0.17904240094819925955 0.00000000099999999990 
0.00000000099999999987 0.80042132122865528032 0.00000000099999999987 0.00000000099999999987 0.00000000099999999987 0.00000000099999999987 0.19957867277134491713 0.00000000099999999987 
0.02340119170901095239 0.01079162834166509828 0.00000000099999999996 0.79331164117302621630 0.00000000099999999996 0.00000000099999999996 0.17249553477629778198 0.00000000099999999996 
0.00000000099999999982 0.82106025567246931907 0.00000000099999999982 0.00000000099999999982 0.00000000099999999982 0.00000000099999999982 0.17893973832753085063 0.00000000099999999982 
0.00000000099999999986 0.77576257636330603340 0.00000000099999999986 0.00000000099999999986 0.00000000099999999986 0.00000000099999999986 0.22423741763669410854 0.00000000099999999986 
0.00000000099999999993 0.00000000099999999993 0.47733929870291169628 0.00000000099999999993 0.22848680505267562890 0.00001467698109549580 0.00000000099999999993 0.29415921526331717528 
0.00000000099999999999 0.07224269847981627801 0.01172014010982376508 0.74416576559886160602 0.00000000099999999999 0.01185716194066486345 0.16001422382162200364 0.00000000804921156465 
0.00216952458895426810 0.51168657457121757837 0.00000000099999999998 0.37426982487044818670 0.00000000099999999998 0.00000000099999999998 0.11187407196937999843 0.00000000099999999998 
0.00000000099999999989 0.99999999300000019797 0.00000000099999999989 0.00000000099999999989 0.00000000099999999989 0.00000000099999999989 0.00000000099999999989 0.00000000099999999989 
0.00699874230731343909 0.01659642088555489392 0.00000000099999999995 0.97640483138257472273 0.00000000099999999995 0.00000000099999999995 0.00000000142455696688 0.00000000099999999995 
0.00000000099999999991 0.85602983138830512910 0.00000000099999999991 0.00000031621472043625 0.00000000099999999991 0.00000000099999999991 0.14396984739697446520 0.00000000099999999991 
0.00000000099999999992 0.00000000099999999992 0.00000000099999999992 0.95335793521472644851 0.00000000099999999992 0.00000000099999999992 0.04664205878527364485 0.00000000099999999992 
0.00000000099999999993 0.07398329483326253342 0.00000000099999999993 0.92601669916673756688 0.00000000099999999993 0.00000000099999999993 0.00000000099999999993 0.00000000099999999993 
0.00000000099999999990 0.69708314129994974895 0.00000000099999999990 0.00000000099999999990 0.00000000099999999990 0.00000000099999999990 0.30291685270005036523 0.00000000099999999990 
0.00000000099999999987 0.78973940825725297277 0.00000000099999999987 0.00000000099999999987 0.00000000099999999987 0.00000000099999999987 0.21026058574274716917 0.00000000099999999987 
0.00000000099999999998 0.00000000099999999998 0.00000000099999999998 0.00000000099999999998 0.06769955988768266986 0.91319949051791393657 0.01910093328307569879 0.00000001231132766174 
0.00000000099999999993 0.06578820098359675073 0.00000000099999999993 0.93421179301640322468 0.00000000099999999993 0.00000000099999999993 0.00000000099999999993 0.00000000099999999993 
0.00000000099999999991 0.59812684524468140435 0.00000000099999999991 0.00000000099999999991 0.00000000099999999991 0.00000000099999999991 0.40187314875531865432 0.00000000099999999991 
0.00000000099999999985 0.00000000099999999985 0.00000000099999999985 0.00000000099999999985 0.00000000099999999985 0.99999999300000008695 0.00000000099999999985 0.00000000099999999985 
0.00496477877149972303 0.00000000099999999995 0.00000000099999999995 0.00000000099999999995 0.45943412459289473260 0.00000000099999999995 0.00000000099999999995 0.53560109163560554180 
0.00000000099999999995 0.00000000099999999995 0.00000000099999999995 0.94765217615110408644 0.00000000099999999995 0.00000000099999999995 0.05234781784889581957 0.00000000099999999995 
0.00000000099999999991 0.00000000099999999991 0.00000000099999999991 0.00000000099999999991 0.00000000099999999991 0.99999999299999997593 0.00000000099999999991 0.00000000099999999991 
0.00000000099999999989 0.00000000099999999989 0.00001073975547605019 0.00000000099999999989 0.00000000099999999989 0.99998925424452400623 0.00000000099999999989 0.00000000099999999989 
0.00000000099999999994 0.00000000099999999994 0.00000000099999999994 0.00000000099999999994 0.03064883872451169139 0.96935115527548842973 0.00000000099999999994 0.00000000099999999994 
0.00000000099999999988 0.00000000099999999988 0.99999999300000008695 0.00000000099999999988 0.00000000099999999988 0.00000000099999999988 0.00000000099999999988 0.00000000099999999988 
0.00276644958332818505 0.00000000099999999992 0.62018302752840615000 0.00000000099999999992 0.00000000099999999992 0.37705051788826571268 0.00000000099999999992 0.00000000099999999992 
0.02272699495747300055 0.13974511373054190888 0.52346552804914647794 0.00000000099999999999 0.04234833965919817395 0.27171402060364063802 0.00000000099999999999 0.00000000099999999999 
0.00000000099999999990 0.00000000099999999990 0.99999999300000008695 0.00000000099999999990 0.00000000099999999990 0.00000000099999999990 0.00000000099999999990 0.00000000099999999990 
0.00000000099999999990 0.00000000099999999990 0.00000000099999999990 0.00000000099999999990 0.37047795904892855123 0.00000000099999999990 0.00000000099999999990 0.62952203495107139641 
0.00000000099999999984 0.00000000099999999984 0.00000000099999999984 0.00000000099999999984 0.00000000099999999984 0.99999999300000008695 0.00000000099999999984 0.00000000099999999984 
0.01706197267994398123 0.00000000099999999989 0.64196779658463076768 0.00000000099999999989 0.00000000099999999989 0.34097022573542529189 0.00000000099999999989 0.00000000099999999989 
0.02331881126430187037 0.00000000099999999991 0.60278520972627058772 0.00000000099999999991 0.00000000099999999991 0.37389597400942764516 0.00000000099999999991 0.00000000099999999991 
0.03629740250527219159 0.00000000099999999999 0.03061875126676168526 0.00000000099999999999 0.00000000099999999999 0.84746394548420234116 0.00000000099999999999 0.08561989674376380144 
0.00838206616459890100 0.00006342965092007536 0.55140414102978874133 0.19981720646166575839 0.06738428203439678077 0.07529154111305684516 0.00109155227887799034 0.09656578126669476680 
0.00000000099999999999 0.00000000099999999999 0.00000000099999999999 0.08728126778931884211 0.00000008677803407666 0.05923650655933824366 0.04174195937086557645 0.81174017650244334465 
0.00000000099999999990 0.00000000099999999990 0.99999999299999997593 0.00000000099999999990 0.00000000099999999990 0.00000000099999999990 0.00000000099999999990 0.00000000099999999990 
0.01004031667732847508 0.00000000099999999997 0.00000000099999999997 0.00000000099999999997 0.00000000159469019722 0.98995967672798146353 0.00000000099999999997 0.00000000099999999997 
0.00000000099999999985 0.00000000099999999985 0.00000000099999999985 0.00000000099999999985 0.99999999300000008695 0.00000000099999999985 0.00000000099999999985 0.00000000099999999985 
0.00000000099999999996 0.00000000099999999996 0.02409995033599647563 0.00000000099999999996 0.34330923486868825112 0.03042289407847072885 0.00000000099999999996 0.60216791671684455345 
0.00000000099999999988 0.00000000099999999988 0.95528714468515174563 0.00000000099999999988 0.04471284931484812569 0.00000000099999999988 0.00000000099999999988 0.00000000099999999988 
0.00000000099999999987 0.00000000099999999987 0.00000000099999999987 0.00000000099999999987 0.00000000099999999987 0.00000000099999999987 0.00000000099999999987 0.99999999300000008695 
0.00937860359596512892 0.00000000099999999992 0.62254976367552172789 0.00000000099999999992 0.00000000099999999992 0.36807162772851304000 0.00000000099999999992 0.00000000099999999992 
0.00000000099999999998 0.04092069465711549447 0.95907929934288460583 0.00000000099999999998 0.00000000099999999998 0.00000000099999999998 0.00000000099999999998 0.00000000099999999998 
0.00000000099999999990 0.00000000099999999990 0.00000000099999999990 0.00000000099999999990 0.00000000099999999990 0.92333203128703977836 0.00000000099999999990 0.07666796271296029419 
0.00000000099999999996 0.00000000099999999996 0.96550881852795666926 0.00000000099999999996 0.03449117547204332002 0.00000000099999999996 0.00000000099999999996 0.00000000099999999996 
0.00000000099999999994 0.00000000099999999994 0.01644663739334433633 0.00000000099999999994 0.43214683584506330405 0.04405426052426782840 0.00000000099999999994 0.50735226223732454720 
0.00000000099999999989 0.87515543460906863871 0.00000000099999999989 0.00000000099999999989 0.00000000099999999989 0.00000000099999999989 0.12484455939093137833 0.00000000099999999989 
0.00000000099999999978 0.83322508908209846901 0.00000000099999999978 0.00000000099999999978 0.00000000099999999978 0.00000000099999999978 0.16677490491790178395 0.00000000099999999978 
0.03104749747462899959 0.03467832468977473381 0.00000000099999999994 0.93427417283559632821 0.00000000099999999994 0.00000000099999999994 0.00000000099999999994 0.00000000099999999994 
0.00000000099999999992 0.00000000099999999992 0.00000000099999999992 0.88260911343923853511 0.00000000099999999992 0.00000000099999999992 0.11739088056076138478 0.00000000099999999992 
0.04690166888299914655 0.03805782766390732735 0.00099349741508448098 0.00002635488785045603 0.00000000099999999999 0.90553932568407680126 0.00000000099999999999 0.00848132346608182833 
0.00000000099999999995 0.09877119952683263704 0.07952038253709312055 0.82170841293607432831 0.00000000099999999995 0.00000000099999999995 0.00000000099999999995 0.00000000099999999995 
0.00000000099999999995 0.02713586849200028475 0.00000000099999999995 0.97286412550799983290 0.00000000099999999995 0.00000000099999999995 0.00000000099999999995 0.00000000099999999995 
0.00000000099999999996 0.00000000099999999996 0.00000000099999999996 0.00000000099999999996 0.00000000099999999996 0.84082383753540246296 0.15917615646459754020 0.00000000099999999996 
0.02084167060213955661 0.00000000099999999998 0.00705836388882430388 0.66215677829964181278 0.11189658360835270934 0.00000000099999999998 0.19804660060104153918 0.00000000099999999998 
0.00000000099999999942 0.00000000099999999942 0.00000000099999999942 0.00000000099999999942 0.00000000099999999942 0.00000000099999999942 0.99999999299999997593 0.00000000099999999942 
0.00000000099999999996 0.00000000099999999996 0.00000000099999999996 0.00000000099999999996 0.00000000099999999996 0.80727042485103339686 0.19272956914896668956 0.00000000099999999996 
0.00000000099999999990 0.00000000099999999990 0.01390246172407524905 0.00000000099999999990 0.18040017696363178090 0.07816112516884873851 0.00000000099999999990 0.72753623214344409487 
0.00000000099999999984 0.00000000099999999984 0.00000000099999999984 0.00000000099999999984 0.00000000099999999984 0.99999999300000008695 0.00000000099999999984 0.00000000099999999984 
0.00000000099999999986 0.00000000099999999986 0.99999999300000008695 0.00000000099999999986 0.00000000099999999986 0.00000000099999999986 0.00000000099999999986 0.00000000099999999986 
0.00000000099999999991 0.00000000099999999991 0.00000000099999999991 0.00000000099999999991 0.99999999299999997593 0.00000000099999999991 0.00000000099999999991 0.00000000099999999991 
0.00000000099999999995 0.00000000099999999995 0.00000000099999999995 0.92114253108872579112 0.00000000099999999995 0.00000000099999999995 0.07885746291127411489 0.00000000099999999995 
0.00000000100000000000 0.02046629845889190100 0.00954217353667883954 0.74076555761872242556 0.00000000100000000000 0.17019525471926391647 0.05903071266644282361 0.00000000100000000000 
0.00000000099999999997 0.05194463814239085736 0.00000000099999999997 0.94805535585760924988 0.00000000099999999997 0.00000000099999999997 0.00000000099999999997 0.00000000099999999997 
0.00000000099999999997 0.05553905033954942283 0.00000000099999999997 0.87911029621808345347 0.00000000099999999997 0.00000000099999999997 0.06535064844236727899 0.00000000099999999997 
0.00000000099999999997 0.00000000099999999997 0.00000000099999999997 0.81623366789931750542 0.00000000099999999997 0.00000000099999999997 0.18360959755591599318 0.00015672954476647321 
0.00000000099999999990 0.07587068219681063208 0.00000000099999999990 0.87512015707386503482 0.00000000099999999990 0.00000000099999999990 0.04900915572932448838 0.00000000099999999990 
0.00000000099999999994 0.00000000099999999994 0.00000022515563453943 0.00000000099999999994 0.57947905960692813743 0.02146301016922191537 0.00000000099999999994 0.39905770106821525367 
0.00000000099999999994 0.00000000099999999994 0.99999999300000008695 0.00000000099999999994 0.00000000099999999994 0.00000000099999999994 0.00000000099999999994 0.00000000099999999994 
0.00000000099999999988 0.00000000099999999988 0.00000000099999999988 0.00000000099999999988 0.99999999299999997593 0.00000000099999999988 0.00000000099999999988 0.00000000099999999988 
0.00000000099999999990 0.00000000099999999990 0.00000000099999999990 0.00000000099999999990 0.00000000099999999990 0.00000000099999999990 0.00000000099999999990 0.99999999299999997593 
0.00000000099999999985 0.00000000099999999985 0.99999999300000008695 0.00000000099999999985 0.00000000099999999985 0.00000000099999999985 0.00000000099999999985 0.00000000099999999985 
0.00000000099999999977 0.00000000099999999977 0.00000000099999999977 0.00000000099999999977 0.00000000099999999977 0.99999999300000008695 0.00000000099999999977 0.00000000099999999977 
0.00000000099999999985 0.00000000099999999985 0.00000000099999999985 0.00000000099999999985 0.00000000099999999985 0.99999999300000008695 0.00000000099999999985 0.00000000099999999985 
0.00000000099999999983 0.00000000099999999983 0.00000000099999999983 0.00000000099999999983 0.99999999300000008695 0.00000000099999999983 0.00000000099999999983 0.00000000099999999983 
0.00000000099999999990 0.00000000099999999990 0.00000000099999999990 0.00000000099999999990 0.42974546342499592155 0.00000000099999999990 0.00000000099999999990 0.57025453057500397058 
0.00000000099999999986 0.00000000099999999986 0.00000000099999999986 0.00000000099999999986 0.99999999300000008695 0.00000000099999999986 0.00000000099999999986 0.00000000099999999986 
0.00000000099999999988 0.00000000099999999988 0.00000000099999999988 0.00000000099999999988 0.00000000099999999988 0.99999999299999997593 0.00000000099999999988 0.00000000099999999988 
0.00000000099999999995 0.00000000099999999995 0.00000000099999999995 0.00000000099999999995 0.00000000099999999995 0.95100476460586935712 0.00000000099999999995 0.04899522939413064604 
0.00000000099999999983 0.00000000099999999983 0.00000000099999999983 0.00000000099999999983 0.99999999299999997593 0.00000000099999999983 0.00000000099999999983 0.00000000099999999983 
0.00000000099999999988 0.00000000099999999988 0.99999999300000008695 0.00000000099999999988 0.00000000099999999988 0.00000000099999999988 0.00000000099999999988 0.00000000099999999988 
0.03378356273716122404 0.00000000099999999998 0.04300327196779454852 0.00000000099999999998 0.61241982613289958071 0.03474976118685543097 0.00000000099999999998 0.27604357497528930754 
0.00000000099999999980 0.00000000099999999980 0.00000000099999999980 0.00000000099999999980 0.00000000099999999980 0.99999999299999997593 0.00000000099999999980 0.00000000099999999980 
0.00000000099999999981 0.00000000099999999981 0.00000000099999999981 0.00000000099999999981 0.00000000099999999981 0.00000000099999999981 0.00000000099999999981 0.99999999299999997593 
0.01478960596888739300 0.13053902929043575964 0.03040536429023275172 0.82426599645044418274 0.00000000099999999999 0.00000000099999999999 0.00000000099999999999 0.00000000099999999999 
0.00000000099999999993 0.00000000099999999993 0.15188134910509626385 0.00000000099999999993 0.00000000099999999993 0.82823258259197096720 0.00000000099999999993 0.01988606330293276464 
0.00813368190500363651 0.00000000099999999997 0.00000000099999999997 0.86211232249129410299 0.00000000099999999997 0.00000000099999999997 0.04162436240342060056 0.08812962920028165337 
0.00000000099999999980 0.00000000099999999980 0.00000000099999999980 0.00000000099999999980 0.00000000099999999980 0.99999999299999997593 0.00000000099999999980 0.00000000099999999980 
0.00000000099999999986 0.00000000099999999986 0.00000000099999999986 0.00000000099999999986 0.00000000099999999986 0.00000000099999999986 0.00000000099999999986 0.99999999300000008695 
0.00000000099999999988 0.00000000099999999988 0.00000000099999999988 0.00000000099999999988 0.42263367519120997873 0.00000000099999999988 0.00000000099999999988 0.57736631880878996892 
0.00000000099999999984 0.00000000099999999984 0.00000000099999999984 0.00000000099999999984 0.00000000099999999984 0.99999999300000008695 0.00000000099999999984 0.00000000099999999984 
0.00000000099999999989 0.00000000099999999989 0.00000000099999999989 0.00000000099999999989 0.48055454239981615361 0.00000000099999999989 0.00000000099999999989 0.51944545160018362751 
0.07670771213826194090 0.00000624125149631992 0.03150269008340842586 0.15889096236126670769 0.61843902032687758652 0.02242160955743364298 0.07687295380678910162 0.01515881047446642968 
0.00000000099999999987 0.00000000099999999987 0.00000000099999999987 0.00000000099999999987 0.00000000099999999987 0.99999999299999997593 0.00000000099999999987 0.00000000099999999987 
0.00000000099999999991 0.00000000099999999991 0.00000000099999999991 0.00000000099999999991 0.00000000099999999991 0.00000000099999999991 0.00000000099999999991 0.99999999300000008695 
0.00197110513343696061 0.71638128792332245176 0.00000000099999999995 0.11518458321895980179 0.00000000099999999995 0.00000000099999999995 0.16646301972428081961 0.00000000099999999995 
0.99999999300000019797 0.00000000099999999955 0.00000000099999999955 0.00000000099999999955 0.00000000099999999955 0.00000000099999999955 0.00000000099999999955 0.00000000099999999955 
0.00000000099999999990 0.03252198053826162866 0.00000000099999999990 0.96747801346173856185 0.00000000099999999990 0.00000000099999999990 0.00000000099999999990 0.00000000099999999990 
0.00000000099999999994 0.05226862785438113335 0.00000000099999999994 0.94773136614561903635 0.00000000099999999994 0.00000000099999999994 0.00000000099999999994 0.00000000099999999994 
0.00000000099999999996 0.00000000099999999996 0.00000000099999999996 0.91654180131508600216 0.00000000099999999996 0.00000000099999999996 0.08345819268491393161 0.00000000099999999996 
0.00000000099999999995 0.00000000099999999995 0.00000000099999999995 0.93884972155694845775 0.00000000099999999995 0.00000000099999999995 0.06115027244305139970 0.00000000099999999995 
0.00000000099999999996 0.07558065915763594045 0.00000000099999999996 0.91024958563674962519 0.00000000099999999996 0.01416975020561437801 0.00000000099999999996 0.00000000099999999996 
0.00720239119321997457 0.18161641641564318927 0.00000000100000000000 0.68180906525269202589 0.03302294981998278589 0.01945216179166230769 0.02863585852122874087 0.04826115600557084190 
0.00000000099999999990 0.00000000099999999990 0.00000000099999999990 0.99999999299999997593 0.00000000099999999990 0.00000000099999999990 0.00000000099999999990 0.00000000099999999990 
0.00000000099999999978 0.00000000099999999978 0.00000000099999999978 0.00000000099999999978 0.00000000099999999978 0.99999999299999997593 0.00000000099999999978 0.00000000099999999978 
0.01518392828963461422 0.00000000099999999996 0.00000000099999999996 0.87600162885714571992 0.00000000099999999996 0.00000000099999999996 0.10881443785321973095 0.00000000099999999996 
0.99999999300000019797 0.00000000099999999957 0.00000000099999999957 0.00000000099999999957 0.00000000099999999957 0.00000000099999999957 0.00000000099999999957 0.00000000099999999957 
0.00000000099999999996 0.07356893676002182469 0.00000000099999999996 0.92643105723997820622 0.00000000099999999996 0.00000000099999999996 0.00000000099999999996 0.00000000099999999996 
0.00000000099999999986 0.99999999300000008695 0.00000000099999999986 0.00000000099999999986 0.00000000099999999986 0.00000000099999999986 0.00000000099999999986 0.00000000099999999986 
0.00000000099999999984 0.00000000099999999984 0.00000000099999999984 0.00000000099999999984 0.99999999300000008695 0.00000000099999999984 0.00000000099999999984 0.00000000099999999984 
0.00000000099999999979 0.62712187025912624616 0.00000000099999999979 0.00000000099999999979 0.00000000099999999979 0.00000000099999999979 0.37287812374087375700 0.00000000099999999979 
0.00000000099999999984 0.73436339076010048732 0.00000000099999999984 0.00000000099999999984 0.00000000099999999984 0.00000000099999999984 0.26563660323989968237 0.00000000099999999984 
0.00262160723221598405 0.01152361124979626311 0.00798305223708707483 0.84625641114070471183 0.00000000099999999999 0.00000000099999999999 0.11256640067154441431 0.01904891546865165181 
0.00000000099999999996 0.03365120037897283145 0.02179575003908272579 0.84541187242195692253 0.00000000099999999996 0.00000000099999999996 0.09914117315998761948 0.00000000099999999996 
0.00000000099999999988 0.99999999300000019797 0.00000000099999999988 0.00000000099999999988 0.00000000099999999988 0.00000000099999999988 0.00000000099999999988 0.00000000099999999988 
0.00000000099999999981 0.59746935081295582393 0.00000000099999999981 0.00000000099999999981 0.00000000099999999981 0.00000000099999999981 0.40253064318704412372 0.00000000099999999981 
0.00000000099999999994 0.00000000099999999994 0.00000000099999999994 0.81147029206689136327 0.00000000099999999994 0.00000000099999999994 0.18852970193310869540 0.00000000099999999994 
0.00000000099999999984 0.00000000099999999984 0.00000000099999999984 0.00000000099999999984 0.99999999300000008695 0.00000000099999999984 0.00000000099999999984 0.00000000099999999984 
0.00966816070970958306 0.01485725048011134024 0.00000000099999999999 0.81469972602731011158 0.00000000099999999999 0.01402296812211958205 0.14675189166074925629 0.00000000099999999999 
0.00000000099999999984 0.99999999300000019797 0.00000000099999999984 0.00000000099999999984 0.00000000099999999984 0.00000000099999999984 0.00000000099999999984 0.00000000099999999984 
0.00000000099999999999 0.00000001216958367638 0.02658358991933861340 0.88920897429615364249 0.00000000099999999999 0.00000000099999999999 0.08420741961492400618 0.00000000099999999999 
0.00000000099999999995 0.00000000099999999995 0.00000000099999999995 0.82744449564334743297 0.00000000099999999995 0.00000000099999999995 0.17255549835665248692 0.00000000099999999995 
0.00000000099999999990 0.84894364331150595770 0.00000000099999999990 0.00000000099999999990 0.00000000099999999990 0.00000000099999999990 0.15105635068849426750 0.00000000099999999990 
0.00000000099999999982 0.00000000099999999982 0.00000000099999999982 0.00000000099999999982 0.00000000099999999982 0.00000000099999999982 0.00000000099999999982 0.99999999299999997593 
0.00000000099999999991 0.76855964800205389675 0.00000000099999999991 0.00000000099999999991 0.00000000099999999991 0.00000000099999999991 0.23144034599794630069 0.00000000099999999991 
0.00000000099999999998 0.00982773917954111662 0.00000000099999999998 0.92672775122107398094 0.00000000099999999998 0.00299979413932044978 0.06016007820434698949 0.00028463425571747494 
0.00000000099999999999 0.05465432124757170496 0.03946103663245371235 0.90276186653544232552 0.00000000099999999999 0.00312277158453226752 0.00000000099999999999 0.00000000099999999999 
0.00000000099999999994 0.00000000099999999994 0.00000000099999999994 0.86235308195303950196 0.00000000099999999994 0.00000000099999999994 0.13764691204696055671 0.00000000099999999994 
0.00000000099999999981 0.00000000099999999981 0.00000000099999999981 0.00000000099999999981 0.00000000099999999981 0.00000000099999999981 0.00000000099999999981 0.99999999299999997593 
0.00000000099999999997 0.08887358945986395531 0.14033816142479993427 0.77078824411533608529 0.00000000099999999997 0.00000000099999999997 0.00000000099999999997 0.00000000099999999997 
0.00713296838490925286 0.10588670500096593330 0.00000000099999999997 0.88698032161412487806 0.00000000099999999997 0.00000000099999999997 0.00000000099999999997 0.00000000099999999997 
0.00000000099999999992 0.00000000099999999992 0.00000000099999999992 0.99999999300000008695 0.00000000099999999992 0.00000000099999999992 0.00000000099999999992 0.00000000099999999992 
0.02102003085801079293 0.01079537332858780153 0.00000000099999999998 0.96813041470779892528 0.00000000099999999998 0.00000000099999999998 0.00005417710560254031 0.00000000099999999998 
0.00000000099999999996 0.54890731509077461681 0.00000000099999999996 0.00000000099999999996 0.00000000099999999996 0.00000000099999999996 0.45109267890922538635 0.00000000099999999996 
0.00000000099999999997 0.00000000099999999997 0.00000000099999999997 0.00000000099999999997 0.85772385741834322737 0.00000000099999999997 0.14227613658165680355 0.00000000099999999997 
0.00000000099999999998 0.00000000099999999998 0.06734921768326115887 0.85016033211502328726 0.00000000099999999998 0.00000000099999999998 0.08249044520171554262 0.00000000099999999998 
0.00000000099999999975 0.99999999300000008695 0.00000000099999999975 0.00000000099999999975 0.00000000099999999975 0.00000000099999999975 0.00000000099999999975 0.00000000099999999975 
0.00000000099999999996 0.99999999300000008695 0.00000000099999999996 0.00000000099999999996 0.00000000099999999996 0.00000000099999999996 0.00000000099999999996 0.00000000099999999996 
0.00000000099999999998 0.56478334798506635295 0.00000000099999999998 0.30521405658839473318 0.00000000099999999998 0.05308316809823305366 0.07691942332830589701 0.00000000099999999998 
0.00000000099999999998 0.38425631577316954335 0.03319654323983123323 0.15227564627828796273 0.43027149070871117953 0.00000000099999999998 0.00000000099999999998 0.00000000099999999998 
0.00000000099999999989 0.00738638418066542898 0.00000000099999999989 0.99261360981933466352 0.00000000099999999989 0.00000000099999999989 0.00000000099999999989 0.00000000099999999989 
0.02301493738606455453 0.02583558501818365716 0.00000000100000000000 0.38871082318415445256 0.00000000100000000000 0.00000258241189753375 0.07986498976899542024 0.48257108023070421909 
0.00000000099999999997 0.00000038719777241187 0.20315418781922828240 0.70865880781694134960 0.00000000099999999997 0.00000000099999999997 0.08818661316605798384 0.00000000099999999997 
0.00000000099999999997 0.00000000099999999997 0.00000000099999999997 0.99999999300000008695 0.00000000099999999997 0.00000000099999999997 0.00000000099999999997 0.00000000099999999997 
0.00000000099999999997 0.00000000099999999997 0.00000000099999999997 0.58330837327592888197 0.36177456341784930416 0.00000000099999999997 0.05491705830622167078 0.00000000099999999997 
0.00000000099999999979 0.00000000099999999979 0.00000000099999999979 0.00000000099999999979 0.00000000099999999979 0.00000000099999999979 0.99999999299999997593 0.00000000099999999979 
0.00000000099999999998 0.01942973184703583947 0.00000000099999999998 0.17238984169408386182 0.00000000099999999998 0.80818042145888036032 0.00000000099999999998 0.00000000099999999998 
0.00000000099999999985 0.00000000099999999985 0.99999999299999997593 0.00000000099999999985 0.00000000099999999985 0.00000000099999999985 0.00000000099999999985 0.00000000099999999985 
0.00000000099999999997 0.08519075789239428931 0.00000000099999999997 0.91480923610760578324 0.00000000099999999997 0.00000000099999999997 0.00000000099999999997 0.00000000099999999997 
0.00000000099999999987 0.99999999300000019797 0.00000000099999999987 0.00000000099999999987 0.00000000099999999987 0.00000000099999999987 0.00000000099999999987 0.00000000099999999987 
0.00000000099999999989 0.73906533693114007111 0.00000000099999999989 0.00000000099999999989 0.00000000099999999989 0.00000000099999999989 0.26093465706885998756 0.00000000099999999989 
0.00000000099999999984 0.99999999300000008695 0.00000000099999999984 0.00000000099999999984 0.00000000099999999984 0.00000000099999999984 0.00000000099999999984 0.00000000099999999984 
0.99999999300000008695 0.00000000099999999984 0.00000000099999999984 0.00000000099999999984 0.00000000099999999984 0.00000000099999999984 0.00000000099999999984 0.00000000099999999984 
0.00000000099999999999 0.06845156723412487709 0.00000000099999999999 0.92454061261425246609 0.00000000099999999999 0.00000000099999999999 0.00000000099999999999 0.00700781515162286501 
0.00000000099999999992 0.05297529603405445181 0.00000000099999999992 0.94702469796594568319 0.00000000099999999992 0.00000000099999999992 0.00000000099999999992 0.00000000099999999992 
0.00781145941303681805 0.68846151435807723118 0.00000000099999999993 0.00000000099999999993 0.00000000099999999993 0.00000000099999999993 0.30372702122888606269 0.00000000099999999993 
0.00000000433112659401 0.10321662009940713034 0.01028448070383138069 0.85299002422020686609 0.00645355968203966714 0.00000000099999999998 0.02705530896338838309 0.00000000099999999998 
0.00000000099999999985 0.74698378202904047729 0.00000000099999999985 0.00000000099999999985 0.00000000099999999985 0.00000000099999999985 0.25301621197095952587 0.00000000099999999985 
0.99999999300000019797 0.00000000099999999956 0.00000000099999999956 0.00000000099999999956 0.00000000099999999956 0.00000000099999999956 0.00000000099999999956 0.00000000099999999956 
0.00000000099999999986 0.99999999300000019797 0.00000000099999999986 0.00000000099999999986 0.00000000099999999986 0.00000000099999999986 0.00000000099999999986 0.00000000099999999986 
0.00000000099999999993 0.82910300851190410487 0.00000000099999999993 0.00000000099999999993 0.00000000099999999993 0.00000000099999999993 0.17089698548809612033 0.00000000099999999993 
0.99999999300000019797 0.00000000099999999956 0.00000000099999999956 0.00000000099999999956 0.00000000099999999956 0.00000000099999999956 0.00000000099999999956 0.00000000099999999956 
0.99999999300000008695 0.00000000099999999976 0.00000000099999999976 0.00000000099999999976 0.00000000099999999976 0.00000000099999999976 0.00000000099999999976 0.00000000099999999976 
0.00822288126534674244 0.00000000099999999997 0.00000009309814357805 0.99177702063650963193 0.00000000099999999997 0.00000000099999999997 0.00000000099999999997 0.00000000099999999997 
0.00000000099999999977 0.99999999300000008695 0.00000000099999999977 0.00000000099999999977 0.00000000099999999977 0.00000000099999999977 0.00000000099999999977 0.00000000099999999977 
0.02330528104287257415 0.08827968492607983497 0.00798510344024658952 0.88042992659080099305 0.00000000099999999996 0.00000000099999999996 0.00000000099999999996 0.00000000099999999996 
0.00000000099999999983 0.99999999300000008695 0.00000000099999999983 0.00000000099999999983 0.00000000099999999983 0.00000000099999999983 0.00000000099999999983 0.00000000099999999983 
