0.00000000099999999999 0.33100356215300741347 0.00000000099999999999 0.55469057165631474593 0.00059841412385510881 0.11370745006682266010 
0.00000000099999999998 0.00000000099999999998 0.02723210943410098520 0.00000084288169155485 0.00000000099999999998 0.97276704468420749361 
0.02318631180004513542 0.00487068245422479177 0.00005104099997430258 0.13832181965518830502 0.00000000099999999999 0.83357014409056751081 
0.00000000099999999998 0.00000000099999999998 0.00990608950412661532 0.06528491927362102543 0.00000000099999999998 0.92480898822225232614 
0.00000000099999999997 0.00000000099999999997 0.00000000099999999997 0.10447122278104030435 0.00000000099999999997 0.89552877321895973939 
0.00000000099999999996 0.00000000099999999996 0.00000000099999999996 0.00000005075554926364 0.00000000099999999996 0.99999994524445079414 
0.97180571020992434494 0.00000000099999999991 0.02819428579007577512 0.00000000099999999991 0.00000000099999999991 0.00000000099999999991 
0.00000000099999999990 0.00000000099999999990 0.00000000099999999990 0.99999999499999991937 0.00000000099999999990 0.00000000099999999990 
0.00000000099999999994 0.00000000099999999994 0.00000000099999999994 0.05670477629985562484 0.01667250408502260126 0.92662271661512174425 
0.99999999500000014141 0.00000000099999999991 0.00000000099999999991 0.00000000099999999991 0.00000000099999999991 0.00000000099999999991 
0.99999930495548150500 0.00000001514421641985 0.00000067690030215219 0.00000000099999999995 0.00000000099999999995 0.00000000099999999995 
0.99999999500000014141 0.00000000099999999995 0.00000000099999999995 0.00000000099999999995 0.00000000099999999995 0.00000000099999999995 
0.00000000099999999989 0.00000000099999999989 0.99999999500000003039 0.00000000099999999989 0.00000000099999999989 0.00000000099999999989 
0.55072609485809231877 0.16976846334368078661 0.15463886369523552333 0.00000519184311293653 0.00000000099999999999 0.12486138525987848513 
0.00000000123480718080 0.41156114810196464671 0.42255512938048944704 0.16588371928273878964 0.00000000099999999999 0.00000000099999999999 
0.99993541266681396085 0.00000000099999999992 0.00006458333318619002 0.00000000099999999992 0.00000000099999999992 0.00000000099999999992 
0.44840979991307949870 0.24026417028350313676 0.20503193672575137363 0.10383327631258758295 0.00000000099999999999 0.00246081576507843755 
0.00000000099999999999 0.23995631303892339670 0.18977509596354852350 0.52776100584395613247 0.00000000099999999999 0.04250758315357199002 
0.00000000099999999977 0.99999999500000003039 0.00000000099999999977 0.00000000099999999977 0.00000000099999999977 0.00000000099999999977 
0.00000500831347603456 0.49519168312376526941 0.50480330556275876397 0.00000000099999999998 0.00000000099999999998 0.00000000099999999998 
0.00000000099999999980 0.00000000099999999980 0.99999999499999991937 0.00000000099999999980 0.00000000099999999980 0.00000000099999999980 
0.97826614921503263211 0.00000000099999999994 0.02173384678496733530 0.00000000099999999994 0.00000000099999999994 0.00000000099999999994 
0.00000000099999999984 0.99999999500000014141 0.00000000099999999984 0.00000000099999999984 0.00000000099999999984 0.00000000099999999984 
0.00000000099999999998 0.00000000099999999998 0.05114417619962393496 0.10604472797482232538 0.00000000099999999998 0.84281109282555366491 
0.97404336700378157943 0.00000000099999999994 0.02595662899621840533 0.00000000099999999994 0.00000000099999999994 0.00000000099999999994 
0.99897464227488985689 0.00000000099999999995 0.00102535372511022892 0.00000000099999999995 0.00000000099999999995 0.00000000099999999995 
0.00000000099999999994 0.00000000099999999994 0.99999999500000003039 0.00000000099999999994 0.00000000099999999994 0.00000000099999999994 
0.00000000099999999999 0.00400947952510528113 0.02733971504449150824 0.01940801707914086016 0.00622451151866905503 0.94301827583259334453 
0.00000000099999999996 0.00000000099999999996 0.00000000099999999996 0.06481843037302563448 0.00000000099999999996 0.93518156562697452028 
0.99989199221957536512 0.00000000099999999999 0.00010791270922590283 0.00000009207119872789 0.00000000099999999999 0.00000000099999999999 
0.88285570708434957243 0.03367070585525271803 0.00000087419014051955 0.08336399409574772601 0.00010871771303065486 0.00000000106147885492 
0.93364737263271402323 0.01661905453779420616 0.03488447015986802929 0.00000000099999999997 0.01484910066962376318 0.00000000099999999997 
0.00065082703998393606 0.00000000099999999999 0.07011879533915671425 0.01704944721909111560 0.00000005793150519383 0.91218087147026294392 
0.00000000099999999983 0.00000000099999999983 0.00000000099999999983 0.00000000099999999983 0.99999999499999991937 0.00000000099999999983 
0.00000000099999999999 0.00000000099999999999 0.00599691110517373057 0.10592786523695153778 0.04270955745066512543 0.84536566420720971049 
0.99851831787238554128 0.00148167812761458486 0.00000000099999999996 0.00000000099999999996 0.00000000099999999996 0.00000000099999999996 
0.00000000099999999989 0.99999999500000014141 0.00000000099999999989 0.00000000099999999989 0.00000000099999999989 0.00000000099999999989 
0.00000000099999999973 0.00000000099999999973 0.00000000099999999973 0.00000000099999999973 0.99999999500000003039 0.00000000099999999973 
0.99999999500000003039 0.00000000099999999996 0.00000000099999999996 0.00000000099999999996 0.00000000099999999996 0.00000000099999999996 
0.99191877893469171390 0.00808121706530834719 0.00000000099999999993 0.00000000099999999993 0.00000000099999999993 0.00000000099999999993 
0.95876946271953800149 0.00000562826409117528 0.04122490601637093105 0.00000000099999999995 0.00000000099999999995 0.00000000099999999995 
0.00000000099999999992 0.00000000099999999992 0.00000000099999999992 0.99999999499999991937 0.00000000099999999992 0.00000000099999999992 
0.08586958816786839643 0.00000000100000000000 0.00127526127680298372 0.83517180911420885181 0.00487548869972002485 0.07280785174139961513 
0.00000000099999999993 0.00000000099999999993 0.99999999500000003039 0.00000000099999999993 0.00000000099999999993 0.00000000099999999993 
0.00000000099999999998 0.00000000099999999998 0.48426519187112615494 0.00844506377869595412 0.00000000099999999998 0.50728974135017779190 
0.00000000099999999991 0.00000000099999999991 0.00000000099999999991 0.99999999500000003039 0.00000000099999999991 0.00000000099999999991 
0.98094956287523871197 0.00000000099999999998 0.01055502200239727927 0.00000000099999999998 0.00849541212236398259 0.00000000099999999998 
0.00000000099999999990 0.00000000099999999990 0.00000000099999999990 0.99999999500000003039 0.00000000099999999990 0.00000000099999999990 
0.00000000099999999993 0.00000000099999999993 0.00000000099999999993 0.99999999500000003039 0.00000000099999999993 0.00000000099999999993 
0.00000000099999999991 0.00000000099999999991 0.00000000099999999991 0.99999999499999991937 0.00000000099999999991 0.00000000099999999991 
0.00000000099999999998 0.00000000099999999998 0.00000094933576159138 0.11392463071023281596 0.02732685399591010256 0.85874756395809559439 
0.00000000099999999986 0.00000000099999999986 0.00000000099999999986 0.99999999499999991937 0.00000000099999999986 0.00000000099999999986 
0.00000000099999999990 0.00000000099999999990 0.00000000099999999990 0.99391185920568836387 0.00000000099999999990 0.00608813679431172150 
0.51757098893932851347 0.00161791666273671257 0.48019768064184142897 0.00000000099999999995 0.00061341175609329270 0.00000000099999999995 
0.00000000370279167231 0.01207781120516495700 0.01892299782694002730 0.16652996811405051947 0.00000007686044806993 0.80246914229060473112 
0.00000000099999999998 0.00000000099999999998 0.00000000099999999998 0.59299799206056647005 0.00297922987260977124 0.40402277506682360286 
0.00000000099999999994 0.00000000099999999994 0.00000000099999999994 0.99996390125374445823 0.00000000099999999994 0.00003609474625547597 
0.00000000099999999997 0.00000000099999999997 0.00000000099999999997 0.00003761104139028358 0.00827032235548823269 0.99169206360312156523 
0.00000000099999999993 0.00000000099999999993 0.00000000099999999993 0.99791050392537616887 0.00000000099999999993 0.00208949207462380071 
0.00000000099999999994 0.00000000099999999994 0.00000000099999999994 0.00000000099999999994 0.00000000099999999994 0.99999999500000003039 
0.00000000099999999995 0.00000000099999999995 0.00000000099999999995 0.02754677213436004454 0.00000000099999999995 0.97245322386564003736 
0.00000000099999999996 0.00000000099999999996 0.00000000099999999996 0.95932320863348397033 0.00000000099999999996 0.04067678736651599014 
0.00000000099999999991 0.00000000099999999991 0.00000000099999999991 0.99999999499999991937 0.00000000099999999991 0.00000000099999999991 
0.07583959693384893785 0.92415998862938841807 0.00000000099999999999 0.00000040699433567652 0.00000000099999999999 0.00000000544242717057 
0.00000000099999999995 0.00000000099999999995 0.00000000099999999995 0.03168896471429320794 0.00000000099999999995 0.96831103128570683580 
0.00000000099999999998 0.00467504024750435999 0.00000000099999999998 0.97805632218182880777 0.01700686931756156123 0.00026176625310535056 
0.00000000099999999990 0.99999999500000014141 0.00000000099999999990 0.00000000099999999990 0.00000000099999999990 0.00000000099999999990 
0.99060015090122865988 0.00003202869324904642 0.00000422444464442048 0.00000000099999999997 0.00936359396087790667 0.00000000099999999997 
0.00000000099999999996 0.00000000099999999996 0.00000000099999999996 0.00000000327803641398 0.00000000099999999996 0.99999999272196360423 
0.00000000099999999994 0.99999999500000014141 0.00000000099999999994 0.00000000099999999994 0.00000000099999999994 0.00000000099999999994 
0.00000000099999999992 0.99854103905561342192 0.00145895694438650777 0.00000000099999999992 0.00000000099999999992 0.00000000099999999992 
0.02176290433139051878 0.97823709166860961517 0.00000000099999999996 0.00000000099999999996 0.00000000099999999996 0.00000000099999999996 
0.00000000099999999992 0.00000000099999999992 0.99999999500000003039 0.00000000099999999992 0.00000000099999999992 0.00000000099999999992 
0.00000000099999999995 0.37735551917179888104 0.61978232444238046117 0.00000000099999999995 0.00286215338582073049 0.00000000099999999995 
0.02305788686801244283 0.27479234601712121400 0.53623896808397208957 0.14037421397085267372 0.02537991090411806025 0.00015667415592347686 
0.00000000099999999993 0.00000000099999999993 0.99999999500000003039 0.00000000099999999993 0.00000000099999999993 0.00000000099999999993 
0.99999999500000003039 0.00000000099999999993 0.00000000099999999993 0.00000000099999999993 0.00000000099999999993 0.00000000099999999993 
0.00000000099999999989 0.99999999500000014141 0.00000000099999999989 0.00000000099999999989 0.00000000099999999989 0.00000000099999999989 
0.00000000099999999993 0.34107279211782015604 0.64132530592976377815 0.00000000099999999993 0.01760189895241604657 0.00000000099999999993 
0.00000000099999999994 0.37448798779103403822 0.60155956132484023069 0.00000000099999999994 0.02395244788412572573 0.00000000099999999994 
0.07280755399610951140 0.85260631773952577639 0.03742454652815045690 0.00000000099999999999 0.03716157973621429800 0.00000000099999999999 
0.16038649853359068786 0.07583996148050806130 0.55207001953385270721 0.00031167614579378545 0.00916899588784908515 0.20222284841840568181 
0.78987171714878368078 0.07075814182967474220 0.00002734320805421476 0.00318771894546154887 0.00257300380431601606 0.13358207506370994855 
0.00000000099999999993 0.00000000099999999993 0.99999999500000003039 0.00000000099999999993 0.00000000099999999993 0.00000000099999999993 
0.00002971643755112037 0.99066583174115618871 0.00000011583600125223 0.00000000099999999998 0.00930433398529149913 0.00000000099999999998 
0.99999999500000014141 0.00000000099999999992 0.00000000099999999992 0.00000000099999999992 0.00000000099999999992 0.00000000099999999992 
0.93049816294209208856 0.03529745434373558061 0.03420437971417231160 0.00000000099999999997 0.00000000099999999997 0.00000000099999999997 
0.00000000099999999991 0.00000000099999999991 0.99999999500000003039 0.00000000099999999991 0.00000000099999999991 0.00000000099999999991 
0.98386862281360187854 0.01196542339424929921 0.00416595079214869459 0.00000000099999999996 0.00000000099999999996 0.00000000099999999996 
0.00000000099999999995 0.36815036687054464304 0.62185770309820709301 0.00000000099999999995 0.00999192703124805737 0.00000000099999999995 
0.00000000099999999998 0.00000000099999999998 0.96075985437721944660 0.03924014162278045836 0.00000000099999999998 0.00000000099999999998 
0.06811427893776648979 0.93188571706223355395 0.00000000099999999993 0.00000000099999999993 0.00000000099999999993 0.00000000099999999993 
0.01245044604155531517 0.00000000099999999997 0.98754954995844479448 0.00000000099999999997 0.00000000099999999997 0.00000000099999999997 
0.93245099936082165293 0.04874098345875877564 0.01880801418041953832 0.00000000099999999996 0.00000000099999999996 0.00000000099999999996 
0.00000000099999999991 0.00000000099999999991 0.00000000099999999991 0.99999999499999991937 0.00000000099999999991 0.00000000099999999991 
0.00000000099999999982 0.00000000099999999982 0.00000000099999999982 0.99999999499999991937 0.00000000099999999982 0.00000000099999999982 
0.00000000099999999996 0.00000000099999999996 0.00000000099999999996 0.01508526277718680829 0.02950667632629976750 0.95540805789651350732 
0.00000000099999999995 0.00000000099999999995 0.00000000099999999995 0.02055888732726373139 0.00000008379617518049 0.97944102587656112213 
0.00080905973425343843 0.90783986606311151135 0.00888396347394725290 0.02480414465224628842 0.04917091841390427986 0.00849204766253717526 
0.00000000099999999997 0.00000000099999999997 0.08153962650909798993 0.05886186289465427518 0.00000000099999999997 0.85959850759624778505 
0.00000000099999999997 0.00000000099999999997 0.00000000099999999997 0.00001129675972228942 0.00000258203708324109 0.99998611820319449617 
0.01858044133529986042 0.85339777415747297695 0.00000000099999999999 0.12378803627689329014 0.00423374623033381369 0.00000000099999999999 
0.10423049056976162186 0.00000000099999999999 0.02384697158193216718 0.10053297347264530948 0.02096639229302194735 0.75042317108263889569 
0.00000000099999999988 0.00000000099999999988 0.00000000099999999988 0.99999999500000003039 0.00000000099999999988 0.00000000099999999988 
0.00013141106163522566 0.82427712301291755637 0.00000699646214885398 0.12590883050640513940 0.00000000099999999999 0.04967563795689321909 
0.89290033297429061143 0.08530177188228818541 0.02179789214342130535 0.00000000099999999993 0.00000000099999999993 0.00000000099999999993 
0.00000000099999999988 0.99999999500000003039 0.00000000099999999988 0.00000000099999999988 0.00000000099999999988 0.00000000099999999988 
0.00000000099999999990 0.00000000099999999990 0.99999999500000003039 0.00000000099999999990 0.00000000099999999990 0.00000000099999999990 
0.99931947283839850371 0.00000000099999999996 0.00068052316160157938 0.00000000099999999996 0.00000000099999999996 0.00000000099999999996 
0.00000000099999999996 0.00000000099999999996 0.00000000099999999996 0.00000723512367459176 0.00000000099999999996 0.99999276087632527066 
0.00000027589756733143 0.17027831917630115166 0.00997813524235619496 0.04001437457865365810 0.00015160565685411455 0.77957728944826754081 
0.00000000099999999998 0.00000000099999999998 0.00018248900022444758 0.03303711930732488450 0.00000000099999999998 0.96678038869245075393 
0.00000000099999999997 0.00000000099999999997 0.00000000099999999997 0.06979063195822246546 0.00000000099999999997 0.93020936404177756440 
0.00091691450742691322 0.00000000099999999999 0.00000000366361045340 0.05791745113684206719 0.00000000099999999999 0.94116562869212050391 
0.00000000099999999992 0.00000000099999999992 0.00000000099999999992 0.08218477026747640635 0.00000000099999999992 0.91781522573252349861 
0.96658860785606504074 0.02551887535847230035 0.00789251378546266570 0.00000000099999999996 0.00000000099999999996 0.00000000099999999996 
0.00000000099999999996 0.00000000099999999996 0.99999999500000003039 0.00000000099999999996 0.00000000099999999996 0.00000000099999999996 
0.98547049926400365205 0.01426993316548131815 0.00025956457051505604 0.00000000099999999995 0.00000000099999999995 0.00000000099999999995 
0.99999937567436258945 0.00000062032563746806 0.00000000099999999997 0.00000000099999999997 0.00000000099999999997 0.00000000099999999997 
0.00000000099999999989 0.00000000099999999989 0.99999999500000003039 0.00000000099999999989 0.00000000099999999989 0.00000000099999999989 
0.00000000099999999984 0.99999999500000003039 0.00000000099999999984 0.00000000099999999984 0.00000000099999999984 0.00000000099999999984 
0.00000000099999999990 0.99999999500000003039 0.00000000099999999990 0.00000000099999999990 0.00000000099999999990 0.00000000099999999990 
0.99999999500000014141 0.00000000099999999991 0.00000000099999999991 0.00000000099999999991 0.00000000099999999991 0.00000000099999999991 
0.99999999500000014141 0.00000000099999999993 0.00000000099999999993 0.00000000099999999993 0.00000000099999999993 0.00000000099999999993 
0.99999993170236223250 0.00000006429763783201 0.00000000099999999992 0.00000000099999999992 0.00000000099999999992 0.00000000099999999992 
0.00000000099999999991 0.99999999500000014141 0.00000000099999999991 0.00000000099999999991 0.00000000099999999991 0.00000000099999999991 
0.03871209539155168189 0.96128787328518083832 0.00000002628189914528 0.00000000099999999998 0.00000000304136834237 0.00000000099999999998 
0.99999999500000014141 0.00000000099999999993 0.00000000099999999993 0.00000000099999999993 0.00000000099999999993 0.00000000099999999993 
0.00000000099999999991 0.00000000099999999991 0.99999999499999991937 0.00000000099999999991 0.00000000099999999991 0.00000000099999999991 
0.87770229391283460796 0.03094475470022184024 0.05785623283091145125 0.00000000099999999999 0.03349671655603208426 0.00000000099999999999 
0.00000000099999999986 0.99999999500000014141 0.00000000099999999986 0.00000000099999999986 0.00000000099999999986 0.00000000099999999986 
0.99997762909865151038 0.00002236690134856309 0.00000000099999999992 0.00000000099999999992 0.00000000099999999992 0.00000000099999999992 
0.00000000099999999999 0.00000000099999999999 0.02945083086029663330 0.09452284171814120950 0.01193582870924530040 0.86409049671231685785 
0.00822474043023828892 0.83401799361493333951 0.15775536902855097354 0.00000000099999999996 0.00000189492627749378 0.00000000099999999996 
0.07447670161109871956 0.00000000099999999998 0.00000000099999999998 0.00083116800855851801 0.01554387197639313552 0.90914825640394958395 
0.00000000099999999986 0.99999999500000014141 0.00000000099999999986 0.00000000099999999986 0.00000000099999999986 0.00000000099999999986 
0.99975339847791944159 0.00000002140812631750 0.00024657711395439724 0.00000000099999999995 0.00000000099999999995 0.00000000099999999995 
0.99999999500000003039 0.00000000099999999991 0.00000000099999999991 0.00000000099999999991 0.00000000099999999991 0.00000000099999999991 
0.00000000099999999989 0.99999999500000014141 0.00000000099999999989 0.00000000099999999989 0.00000000099999999989 0.00000000099999999989 
0.99999999500000003039 0.00000000099999999992 0.00000000099999999992 0.00000000099999999992 0.00000000099999999992 0.00000000099999999992 
0.64357966246742470684 0.01339368517955722565 0.04515093583098821889 0.03445606183492642277 0.07035303036863442550 0.19306662431846888239 
0.00000000099999999991 0.99999999500000003039 0.00000000099999999991 0.00000000099999999991 0.00000000099999999991 0.00000000099999999991 
0.99934142310367202189 0.00065014773364548996 0.00000000099999999999 0.00000842616268259960 0.00000000099999999999 0.00000000099999999999 
0.00000000099999999996 0.00000000099999999996 0.00000000099999999996 0.85745201242302515610 0.00465960398443768156 0.13788838059253707979 
0.00000000099999999969 0.00000000099999999969 0.00000000099999999969 0.00000000099999999969 0.99999999499999991937 0.00000000099999999969 
0.00000000099999999993 0.00000000099999999993 0.00000000099999999993 0.00018100934058271970 0.00000000099999999993 0.99981898665941715265 
0.00000000099999999995 0.00000000099999999995 0.00000000099999999995 0.01240255985021226567 0.00000000099999999995 0.98759743614978778847 
0.00000000099999999997 0.00000000099999999997 0.00000000099999999997 0.00000169827991055763 0.00000000099999999997 0.99999829772008941298 
0.00000000099999999997 0.00000000099999999997 0.00000000169034392434 0.00422419270799306162 0.00000000099999999997 0.99577580260166309589 
0.00000000099999999998 0.01451084838338232395 0.00000000099999999998 0.02692979576091380362 0.00000000099999999998 0.95855935285570392779 
0.08036262860592753576 0.02051338876131708275 0.00000000100000000000 0.17727446554076103924 0.00577541231728367910 0.71607410377471070184 
0.00000000099999999994 0.00000000099999999994 0.00000000099999999994 0.00000000099999999994 0.00000000099999999994 0.99999999500000003039 
0.00000000099999999985 0.99999999500000014141 0.00000000099999999985 0.00000000099999999985 0.00000000099999999985 0.00000000099999999985 
0.00000000099999999998 0.00000000099999999998 0.00000000099999999998 0.04226093736671398399 0.01618189232157051308 0.94155716731171545941 
0.00000000099999999970 0.00000000099999999970 0.00000000099999999970 0.00000000099999999970 0.99999999500000003039 0.00000000099999999970 
0.00000000099999999997 0.00000000099999999997 0.00000000099999999997 0.03785965004526260086 0.00000000099999999997 0.96214034595473740819 
0.00000000099999999990 0.00000000099999999990 0.00000000099999999990 0.99999999489614677106 0.00000000099999999990 0.00000000110385330560 
0.99999999500000003039 0.00000000099999999992 0.00000000099999999992 0.00000000099999999992 0.00000000099999999992 0.00000000099999999992 
0.00000000099999999987 0.00000000099999999987 0.00000000099999999987 0.99999999500000003039 0.00000000099999999987 0.00000000099999999987 
0.00000000099999999990 0.00000000099999999990 0.00000000099999999990 0.99999999499999991937 0.00000000099999999990 0.00000000099999999990 
0.00992466457967256140 0.00000004880985070952 0.01375228985067316473 0.05677168313009500061 0.00571573763020778464 0.91383557599950082651 
0.00000000099999999997 0.00000000099999999997 0.02661453908554055683 0.07733487816134321235 0.00000000099999999997 0.89605057975311619423 
0.00000000099999999993 0.00000000099999999993 0.00000000099999999993 0.99999999500000003039 0.00000000099999999993 0.00000000099999999993 
0.00000000099999999990 0.00000000099999999990 0.00000000099999999990 0.99999999499999991937 0.00000000099999999990 0.00000000099999999990 
0.00000000099999999998 0.00000000099999999998 0.00000008522828941604 0.08283709621314901128 0.00000290564724258205 0.91715991091131898738 
0.99999999500000014141 0.00000000099999999992 0.00000000099999999992 0.00000000099999999992 0.00000000099999999992 0.00000000099999999992 
0.00000000100000000000 0.01702145240387045733 0.00000666195236917438 0.08966498543622258843 0.01025867818517261706 0.88304822102236513182 
0.00000000099999999989 0.00000000099999999989 0.00000000099999999989 0.99999999500000003039 0.00000000099999999989 0.00000000099999999989 
0.00000000099999999999 0.00000000099999999999 0.03234233887751132575 0.03026128289578897124 0.00024658185568224566 0.93714979437101741944 
0.00000000099999999997 0.00000000099999999997 0.00000000099999999997 0.05843389468039532353 0.00000000099999999997 0.94156610131960472021 
0.00000000099999999991 0.00000000099999999991 0.00000000099999999991 0.99999999500000003039 0.00000000099999999991 0.00000000099999999991 
0.99999999500000014141 0.00000000099999999992 0.00000000099999999992 0.00000000099999999992 0.00000000099999999992 0.00000000099999999992 
0.00000000099999999995 0.00000000099999999995 0.00000000099999999995 0.99999999499999991937 0.00000000099999999995 0.00000000099999999995 
0.00000000099999999998 0.00412730935243118494 0.00000000099999999998 0.02714671111080846355 0.00000000099999999998 0.96872597653676029150 
0.00000000100000000000 0.00159493587086876882 0.03990779297137449916 0.02636705090939340385 0.00000000100000000000 0.93213021824836328477 
0.00000000099999999996 0.00000000099999999996 0.00529940090930014832 0.04530638036462786289 0.00000000099999999996 0.94939421572607185507 
0.99999999500000014141 0.00000000099999999991 0.00000000099999999991 0.00000000099999999991 0.00000000099999999991 0.00000000099999999991 
0.00000000099999999998 0.00000000099999999998 0.14145137322524367618 0.05856572448706439532 0.00000000099999999998 0.79998289928769183987 
0.00000000099999999998 0.00000000099999999998 0.00089210346552913683 0.07377478100855106025 0.00922097543645620903 0.91611213808946356796 
0.00000000099999999994 0.00000000099999999994 0.00000000099999999994 0.00000000099999999994 0.00000000099999999994 0.99999999500000003039 
0.00000000099999999999 0.00000000099999999999 0.00000000099999999999 0.00207975284323540970 0.02106098196634503469 0.97685926219041963048 
0.02158762723321496282 0.00000000099999999999 0.01719298409709853551 0.82321586487012443634 0.00000000099999999999 0.13800352179956215659 
0.86558343906131696155 0.00000000099999999999 0.00000000099999999999 0.13441633371236458294 0.00000000183012722463 0.00000022339619116259 
0.00000000099999999999 0.00000000099999999999 0.06893842207758453522 0.01626638315498703247 0.00000000099999999999 0.91479519176742840614 
0.00000000099999999984 0.00000000099999999984 0.00000000099999999984 0.99999999500000003039 0.00000000099999999984 0.00000000099999999984 
0.00000000099999999998 0.00000000099999999998 0.00000000099999999998 0.99845584765134876015 0.00000000099999999998 0.00154414834865119945 
0.00000000099999999999 0.05294629753531446270 0.00000014615951331677 0.62856030354484460076 0.00000000099999999999 0.31849325076032763970 
0.39567433529733764264 0.00000000099999999999 0.06958616722147503708 0.35546251950706647671 0.00000166613923399148 0.17927531083488668084 
0.00000000099999999992 0.00000000099999999992 0.00000000099999999992 0.00000007637583307450 0.00000000099999999992 0.99999991962416689972 
0.41172952966462228463 0.06117685202557221480 0.00051736763348744069 0.09270716453461408380 0.02621222067092230865 0.40765686547078161528 
0.00000000099999999998 0.00000000099999999998 0.20747682918228840809 0.01797249623809036786 0.00000003172233161247 0.77455064085728964063 
0.00000000099999999999 0.00000000099999999999 0.00000790287365901141 0.00000000099999999999 0.00000000099999999999 0.99999209312634096403 
0.35635117066996935264 0.00000000099999999999 0.00417797323363737656 0.00000608158689212182 0.00000000099999999999 0.63946477250950117810 
0.02115977148797579602 0.00000000099999999999 0.00000000099999999999 0.34658592344228045246 0.00000000099999999999 0.63225430206974375658 
0.00000000099999999999 0.80907396647816354207 0.00000000099999999999 0.00813498439356704836 0.00000000099999999999 0.18279104612826957421 
0.00000000099999999989 0.00000000099999999989 0.99999999500000003039 0.00000000099999999989 0.00000000099999999989 0.00000000099999999989 
0.00000000099999999998 0.00000000099999999998 0.00003204858886872817 0.06185945969415135304 0.00000001539922395550 0.93810847431775601368 
0.00000000099999999991 0.00000000099999999991 0.00000000099999999991 0.99999999499999991937 0.00000000099999999991 0.00000000099999999991 
0.00000000099999999994 0.00000000099999999994 0.00000000099999999994 0.99999999500000003039 0.00000000099999999994 0.00000000099999999994 
0.00000000099999999991 0.00000000099999999991 0.00000000099999999991 0.99999999500000003039 0.00000000099999999991 0.00000000099999999991 
0.00000000099999999989 0.00000000099999999989 0.00000000099999999989 0.00000000099999999989 0.99999999500000003039 0.00000000099999999989 
0.00005845312419249161 0.00000012141637289242 0.00644589512635060976 0.02604317766895428155 0.00000000100000000000 0.96745235166412968386 
0.00000000099999999994 0.00000000099999999994 0.00000000099999999994 0.00906291738260343524 0.00000000099999999994 0.99093707861739654952 
0.00000000099999999996 0.00000000099999999996 0.00000000099999999996 0.93481127829372478999 0.01601466289103252449 0.04917405581524277036 
0.00000000099999999998 0.00000000099999999998 0.01399944812847071091 0.08297141626787127300 0.00000977479099300542 0.90301935881266504058 
0.00000000099999999990 0.00000000099999999990 0.00000000099999999990 0.99999999499999991937 0.00000000099999999990 0.00000000099999999990 
0.00000000099999999969 0.00000000099999999969 0.00000000099999999969 0.00000000099999999969 0.99999999499999991937 0.00000000099999999969 
0.00000000099999999992 0.00000000099999999992 0.00000000099999999992 0.99999999499999991937 0.00000000099999999992 0.00000000099999999992 
0.00000000099999999994 0.00000000099999999994 0.00000000099999999994 0.99979319968176738609 0.00000000099999999994 0.00020679631823255565 
0.00000000099999999969 0.00000000099999999969 0.00000000099999999969 0.00000000099999999969 0.99999999500000003039 0.00000000099999999969 
0.00000000099999999983 0.00000000099999999983 0.00000000099999999983 0.00000000099999999983 0.99999999499999991937 0.00000000099999999983 
0.00000000099999999998 0.00000000099999999998 0.00110133194880673618 0.00000000099999999998 0.00950248420023025453 0.98939618085096303624 
0.00000000099999999985 0.00000000099999999985 0.00000000099999999985 0.99999999499999991937 0.00000000099999999985 0.00000000099999999985 
0.00000000099999999998 0.00000000099999999998 0.01151992169280289732 0.03727634272991244002 0.02491032636612759699 0.92629340721115693835 
0.00000000099999999989 0.00000000099999999989 0.00000000099999999989 0.99999999499999991937 0.00000000099999999989 0.00000000099999999989 
