0.10361186950778647486 0.00000000100000000000 0.56520920767589144518 0.32971498279282301924 0.00146393902349902677 
0.99491615743326011767 0.00508075064041146798 0.00000308992632846458 0.00000000099999999999 0.00000000099999999999 
0.82862148591725570679 0.02270191563996598952 0.14546009908482235296 0.00321649835795599724 0.00000000099999999999 
0.93220274872270536548 0.00000000099999999998 0.06779724827729470549 0.00000000099999999998 0.00000000099999999998 
0.89146149912389738290 0.00000000099999999997 0.10853849787610277133 0.00000000099999999997 0.00000000099999999997 
0.99999800967626450987 0.00000000099999999996 0.00000198732373561498 0.00000000099999999996 0.00000000099999999996 
0.00000000099999999991 0.99999999600000000211 0.00000000099999999991 0.00000000099999999991 0.00000000099999999991 
0.00000000099999999992 0.00000000099999999992 0.99999999600000000211 0.00000000099999999992 0.00000000099999999992 
0.91865572807031570246 0.00000000099999999996 0.06715596007570158454 0.00000000099999999996 0.01418830985398275915 
0.00000000099999999992 0.99999999600000000211 0.00000000099999999992 0.00000000099999999992 0.00000000099999999992 
0.00000000099999999994 0.99999999600000000211 0.00000000099999999994 0.00000000099999999994 0.00000000099999999994 
0.00000000099999999996 0.99999999600000000211 0.00000000099999999996 0.00000000099999999996 0.00000000099999999996 
0.15770421802353018492 0.69112765040253709703 0.00000000100000000000 0.13552439825340750756 0.01564373232052531509 
0.14216586258099503381 0.66206912446985433096 0.00001519874258190298 0.19574981320656872907 0.00000000099999999999 
0.00142224525005572758 0.27434424438070786900 0.20869116705834220293 0.50829708487480085299 0.00724525843609325187 
0.00000000099999999992 0.99999999600000011313 0.00000000099999999992 0.00000000099999999992 0.00000000099999999992 
0.02277632798987823740 0.59499021196282797508 0.10719284823421523778 0.27504061081307851211 0.00000000099999999999 
0.08283385406176091426 0.10671446975259052392 0.52507848892666619811 0.28537318569310266003 0.00000000156587969132 
0.00000000099999999981 0.00000000099999999981 0.00000000099999999981 0.99999999600000000211 0.00000000099999999981 
0.05786105338793529757 0.32564982334434006139 0.00000000100000000000 0.61648909769637072475 0.00000002457135388324 
0.13554021734027235646 0.68619074877613128738 0.00000000099999999999 0.17522407850279628216 0.00304495438080001381 
0.00000000099999999994 0.99999999600000011313 0.00000000099999999994 0.00000000099999999994 0.00000000099999999994 
0.00000000099999999986 0.00000000099999999986 0.00000000099999999986 0.99999999599999989108 0.00000000099999999986 
0.86432498966079662761 0.02528664031240827198 0.11038836802679517779 0.00000000099999999999 0.00000000099999999999 
0.00000000099999999994 0.99999999600000000211 0.00000000099999999994 0.00000000099999999994 0.00000000099999999994 
0.00000000099999999994 0.99999999600000011313 0.00000000099999999994 0.00000000099999999994 0.00000000099999999994 
0.15829991246056906995 0.67732508207883235229 0.00000000099999999999 0.12836081836877624718 0.03601418609182258090 
0.94965210367049202045 0.00000000100000000000 0.02782788124369761293 0.01769049091359579592 0.00482952317221448622 
0.92781101997325543529 0.00000000099999999996 0.07218897702674476058 0.00000000099999999996 0.00000000099999999996 
0.00000000099999999998 0.99815226846969762331 0.00184772853030248973 0.00000000099999999998 0.00000000099999999998 
0.00000000100000000000 0.88787267419783544309 0.07961866513131844736 0.03226103272482767209 0.00024762694601856191 
0.00000000099999999997 0.96671822651787808756 0.00000000099999999997 0.01868804389959906678 0.01459372758252290569 
0.92070159997681011443 0.05214953000460774424 0.02103914695628469195 0.00000000099999999999 0.00610972206229736491 
0.00000000099999999986 0.00000000099999999986 0.00000000099999999986 0.00000000099999999986 0.99999999599999989108 
0.85041487995246134446 0.00000000099999999999 0.10784539136203979970 0.00000000099999999999 0.04173972668549876669 
0.00000000099999999996 0.99999509502435302011 0.00000000099999999996 0.00000490197564715391 0.00000000099999999996 
0.00000000099999999990 0.00000000099999999990 0.00000000099999999990 0.99999999600000000211 0.00000000099999999990 
0.00000000099999999978 0.00000000099999999978 0.00000000099999999978 0.00000000099999999978 0.99999999599999989108 
0.00000000099999999997 0.99999999600000000211 0.00000000099999999997 0.00000000099999999997 0.00000000099999999997 
0.00000000099999999994 0.98571060608305438588 0.00000000099999999994 0.01428939091694555151 0.00000000099999999994 
0.00000000099999999994 0.99701084892673574878 0.00000000099999999994 0.00298914807326432913 0.00000000099999999994 
0.00000000099999999993 0.00000000099999999993 0.99999999599999989108 0.00000000099999999993 0.00000000099999999993 
0.06311894094000088107 0.08924179555206783465 0.84177138198338208319 0.00000000100000000000 0.00586788052454932478 
0.15086715012580928508 0.69291669642084308123 0.00000000438799908981 0.12858183053418759112 0.02763431853116100553 
0.62418761335213635011 0.30818406834389017179 0.00415281363542967415 0.04480691305670561619 0.01866859161183830398 
0.00000000099999999993 0.00000000099999999993 0.99999999600000000211 0.00000000099999999993 0.00000000099999999993 
0.00000000099999999998 0.99159963433678866007 0.00000000099999999998 0.00000000099999999998 0.00840036266321146294 
0.00000000099999999992 0.00000000099999999992 0.99999999599999989108 0.00000000099999999992 0.00000000099999999992 
0.00000000099999999995 0.00000000099999999995 0.99999999600000000211 0.00000000099999999995 0.00000000099999999995 
0.00000000099999999993 0.00000000099999999993 0.99999999600000000211 0.00000000099999999993 0.00000000099999999993 
0.85552966290969556518 0.00000000099999999998 0.11893428283659994438 0.00000000099999999998 0.02553605225370438048 
0.00000000099999999989 0.00000000099999999989 0.99999999600000000211 0.00000000099999999989 0.00000000099999999989 
0.00070461041954841580 0.00000000099999999992 0.99929538658045158339 0.00000000099999999992 0.00000000099999999992 
0.01369784330131811230 0.87697366598618264888 0.00000000099999999999 0.09218155684544908357 0.01714693286705028935 
0.81236073476975978469 0.00010899614295968079 0.16950170143524281863 0.01802835659417385827 0.00000021105786394992 
0.39365143996627172118 0.00000000099999999999 0.60366965448776421788 0.00000000099999999999 0.00267890354596400301 
0.00005557682084739445 0.00000000099999999995 0.99994442017915263765 0.00000000099999999995 0.00000000099999999995 
0.99427206545104396263 0.00000000099999999997 0.00002337373233397911 0.00000000099999999997 0.00570455881662223184 
0.00016860709925969831 0.00000000099999999994 0.99983138990074027497 0.00000000099999999994 0.00000000099999999994 
0.99999999600000011313 0.00000000099999999995 0.00000000099999999995 0.00000000099999999995 0.00000000099999999995 
0.96634384434956666077 0.00000000099999999995 0.03365615265043345183 0.00000000099999999995 0.00000000099999999995 
0.03845172337500728232 0.00000000099999999997 0.96154827362499273313 0.00000000099999999997 0.00000000099999999997 
0.00000000099999999994 0.00000000099999999994 0.99999999600000000211 0.00000000099999999994 0.00000000099999999994 
0.00000000099999999999 0.07153539751303310268 0.00000005644662617121 0.92846454404034062247 0.00000000099999999999 
0.96812158373133505584 0.00000000099999999995 0.03187841326866489022 0.00000000099999999995 0.00000000099999999995 
0.00001525061041241068 0.00000000099999999999 0.97770300773894669444 0.00631074886383139761 0.01597099178680954149 
0.00000000099999999991 0.00000000099999999991 0.00000000099999999991 0.99999999599999989108 0.00000000099999999991 
0.00000000099999999997 0.99496034834342550468 0.00000000099999999997 0.00045294367741192032 0.00458670597916257822 
0.99999996002843882792 0.00000000099999999997 0.00000003697156115558 0.00000000099999999997 0.00000000099999999997 
0.00000000099999999994 0.00000000099999999994 0.00000000099999999994 0.99999999599999989108 0.00000000099999999994 
0.00000000099999999992 0.00000000099999999992 0.00000000099999999992 0.99999999599999989108 0.00000000099999999992 
0.00000000099999999996 0.02083354354504605987 0.00000000099999999996 0.97916645345495390007 0.00000000099999999996 
0.15448735853936568230 0.67609005663780097350 0.00000000099999999998 0.16942258282283323423 0.00000000099999999998 
0.04856378854212702739 0.36068673221326619238 0.00000000100000000000 0.53795996478931551454 0.05278951345529112049 
0.09509055070116660680 0.31860754302953309125 0.13484712280826605113 0.42520229161793376971 0.02625249184310039091 
0.14829587199045138335 0.64342840088381858532 0.00012645189926483488 0.17796340883687225554 0.03018586638959293994 
0.00000000099999999994 0.99999999600000000211 0.00000000099999999994 0.00000000099999999994 0.00000000099999999994 
0.00000000099999999989 0.00000000099999999989 0.00000000099999999989 0.99999999600000000211 0.00000000099999999989 
0.01806364370849841000 0.39471862948289737627 0.00000000099999999999 0.51324627956017943031 0.07397144624842477700 
0.03961046424559514639 0.35195758316542807842 0.00000000099999999999 0.54378281256804639199 0.06464913902093021025 
0.00000000099999999999 0.09353203639964252636 0.00000000099999999999 0.87134676657790510745 0.03512119502245236030 
0.30302348066345985433 0.49965716958643491274 0.00034906637896445490 0.17584762356667280048 0.02112265980446796643 
0.11416923731604626535 0.79275900677880084544 0.01149578633992322761 0.07304136637604541349 0.00853460318918420821 
0.17738198582213582366 0.70348333400815143968 0.00000000143221972662 0.10945222859387902792 0.00968245014361400133 
0.00000000099999999997 0.00000000487226313432 0.00000000099999999997 0.99319513766177247582 0.00680485546596438021 
0.00000000099999999993 0.99999999600000000211 0.00000000099999999993 0.00000000099999999993 0.00000000099999999993 
0.00000000099999999997 0.96146251638404633955 0.00000000099999999997 0.03853748061595367591 0.00000000099999999997 
0.12663814416188604040 0.72979155899237346805 0.00000000099999999999 0.12688588747647597255 0.01668440836926454382 
0.00000000099999999996 0.99028866834575701716 0.00000000099999999996 0.00971132865424306942 0.00000000099999999996 
0.04424216031374927222 0.37824438078054523071 0.00000000099999999999 0.53339019984262048268 0.04412325806308499410 
0.17117228117696423051 0.63924373298036674118 0.04090652462497161579 0.14783538104132912250 0.00084208017636835681 
0.00000000099999999994 0.06346094159137109780 0.00000000099999999994 0.93653905540862880663 0.00000000099999999994 
0.16369009079103694071 0.68935088912629371993 0.00134434509612064729 0.10660537070564982121 0.03900930428089883356 
0.00000000099999999996 0.95197531395228385254 0.00000000099999999996 0.04802468304771625313 0.00000000099999999996 
0.00000000099999999993 0.00000000099999999993 0.99999999599999989108 0.00000000099999999993 0.00000000099999999993 
0.00000000099999999986 0.00000000099999999986 0.99999999599999989108 0.00000000099999999986 0.00000000099999999986 
0.95557960443734402123 0.00000000099999999997 0.01785473453519108300 0.00000000099999999997 0.02656565902746505295 
0.97153431649982435747 0.00000000099999999995 0.02846568050017555390 0.00000000099999999995 0.00000000099999999995 
0.00066975183418924763 0.00093855463080413329 0.03144679832740890357 0.91673106997661613082 0.05021382523098163325 
0.92057866167370139276 0.01571774269505922528 0.05388595351974682229 0.00981752105061330094 0.00000012106087923434 
0.99972922319655033174 0.00000000099999999997 0.00026961778836493300 0.00000000099999999997 0.00000115701508479184 
0.00000000099999999999 0.01299902735373771774 0.12102463897575896357 0.85958430709126543157 0.00639202557923788765 
0.74864272882775839690 0.12185113497362576318 0.10747000937112474728 0.00000000099999999999 0.02203612582749129092 
0.00000000099999999990 0.00000000099999999990 0.99999999600000000211 0.00000000099999999990 0.00000000099999999990 
0.04469615024765118128 0.00003679450689569888 0.12493604027938043366 0.83033101396607256195 0.00000000099999999999 
0.00000000099999999992 0.91161551691525410934 0.00000000099999999992 0.08838448008474597550 0.00000000099999999992 
0.00000000099999999990 0.00000000099999999990 0.00000000099999999990 0.99999999599999989108 0.00000000099999999990 
0.14492995426178015284 0.67281770407327223804 0.00000000100000000000 0.17388236957499320079 0.00836997108995434988 
0.00000000099999999995 0.99999999600000011313 0.00000000099999999995 0.00000000099999999995 0.00000000099999999995 
0.99972042940055205751 0.00000000099999999997 0.00027956759944804084 0.00000000099999999997 0.00000000099999999997 
0.77939371619059194529 0.00000021063292145807 0.04593812142229734136 0.17466306493359629037 0.00000488682059291575 
0.96156504055520763963 0.00000000099999999998 0.03843495644479243828 0.00000000099999999998 0.00000000099999999998 
0.92256988748868362649 0.00000000099999999997 0.07743010951131645836 0.00000000099999999997 0.00000000099999999997 
0.93411617238935651386 0.00000010058512866073 0.06588372502551476106 0.00000000099999999999 0.00000000099999999999 
0.91303949733403977351 0.00000000099999999993 0.08696049966596025582 0.00000000099999999993 0.00000000099999999993 
0.00000000099999999995 0.97740029051884635969 0.00000000099999999995 0.02259970648115371822 0.00000000099999999995 
0.14715238804754426916 0.66749501583273962435 0.00041797181789445117 0.15854281061018279941 0.02639181369163891289 
0.00000000099999999994 0.98211602154292365618 0.00000000099999999994 0.01788397545707642172 0.00000000099999999994 
0.00000000099999999997 0.99999985952265535438 0.00000000099999999997 0.00000013747734464314 0.00000000099999999997 
0.11725230580878283349 0.72096458047859934837 0.00000000100000000000 0.14988185891270303096 0.01190125379991492822 
0.00000000099999999986 0.00000000099999999986 0.00000000099999999986 0.99999999599999989108 0.00000000099999999986 
0.00000000099999999990 0.00000000099999999990 0.00000000099999999990 0.99999999600000000211 0.00000000099999999990 
0.00000000099999999991 0.99999999600000011313 0.00000000099999999991 0.00000000099999999991 0.00000000099999999991 
0.00000000099999999993 0.99999999600000000211 0.00000000099999999993 0.00000000099999999993 0.00000000099999999993 
0.00000000099999999993 0.99999955988212663183 0.00000000099999999993 0.00000043711787332074 0.00000000099999999993 
0.00000000099999999992 0.00000000099999999992 0.00000000099999999992 0.99999999599999989108 0.00000000099999999992 
0.00000000099999999997 0.03521460638659483500 0.00000000099999999997 0.96478539061340518046 0.00000000099999999997 
0.00000000099999999992 0.99999999600000000211 0.00000000099999999992 0.00000000099999999992 0.00000000099999999992 
0.13656911674473742879 0.71319844101540386117 0.00000000099999999999 0.14024101297367608243 0.00999142826618283630 
0.00000000099999999998 0.92649488985133265917 0.00000000099999999998 0.03972051945127829525 0.03378458869738922704 
0.00000000099999999987 0.00000000099999999987 0.00000000099999999987 0.99999999600000000211 0.00000000099999999987 
0.00000000099999999992 0.99978617935617619672 0.00000000099999999992 0.00021381764382373634 0.00000000099999999992 
0.87885169748200220319 0.00426938247324242914 0.09661239896728018861 0.00000000100000000000 0.02026652007747528975 
0.00000000099999999997 0.11914716894018943794 0.00000000099999999997 0.87849960155823769714 0.00235322750157283215 
0.90942832885519331310 0.06969460900628056399 0.00328543188765649486 0.00000000099999999999 0.01759162925086953794 
0.00000000099999999987 0.00000000099999999987 0.00000000099999999987 0.99999999600000000211 0.00000000099999999987 
0.00000000099999999994 0.99999973709192446769 0.00000000099999999994 0.00000025990807563516 0.00000000099999999994 
0.00000000099999999992 0.99999999600000011313 0.00000000099999999992 0.00000000099999999992 0.00000000099999999992 
0.00000000099999999990 0.00000000099999999990 0.00000000099999999990 0.99999999599999989108 0.00000000099999999990 
0.00000000099999999992 0.99999999600000011313 0.00000000099999999992 0.00000000099999999992 0.00000000099999999992 
0.18714018574953311669 0.68817168334479905667 0.04002649639302622436 0.01274224011487981242 0.07191939439776180720 
0.00000000099999999992 0.00000000099999999992 0.00000000099999999992 0.99999999600000000211 0.00000000099999999992 
0.00000000099999999999 0.99613693028482841463 0.00000000099999999999 0.00386306671517164983 0.00000000099999999999 
0.13579589659999050100 0.00000000099999999997 0.85956056867305774549 0.00000000099999999997 0.00464353272695178405 
0.00000000099999999974 0.00000000099999999974 0.00000000099999999974 0.00000000099999999974 0.99999999600000000211 
0.99848471841561914353 0.00000000099999999995 0.00151527858438082379 0.00000000099999999995 0.00000000099999999995 
0.98014748766474735220 0.00000000099999999996 0.01985250933525280898 0.00000000099999999996 0.00000000099999999996 
0.99988638195196988256 0.00000000099999999998 0.00011361504803028398 0.00000000099999999998 0.00000000099999999998 
0.99411255360420336391 0.00000000099999999997 0.00588744339579667323 0.00000000099999999997 0.00000000099999999997 
0.95500880710123103867 0.00000000099999999998 0.03236513575635301121 0.01262605514241590260 0.00000000099999999998 
0.71002870811233365078 0.07961619309263183453 0.18309074821417206658 0.02100830935072323449 0.00625604123013922230 
0.99999999600000011313 0.00000000099999999994 0.00000000099999999994 0.00000000099999999994 0.00000000099999999994 
0.00000000099999999986 0.00000000099999999986 0.00000000099999999986 0.99999999600000000211 0.00000000099999999986 
0.93561792805547772112 0.00000000099999999998 0.04871370576051557710 0.00000000099999999998 0.01566836418400666120 
0.00000000099999999976 0.00000000099999999976 0.00000000099999999976 0.00000000099999999976 0.99999999600000000211 
0.95346785739951833705 0.00000000099999999997 0.04653213960048160208 0.00000000099999999997 0.00000000099999999997 
0.00000000099999999992 0.00000000099999999992 0.99999999600000000211 0.00000000099999999992 0.00000000099999999992 
0.00000000099999999993 0.99999999600000000211 0.00000000099999999993 0.00000000099999999993 0.00000000099999999993 
0.00000000099999999990 0.00000000099999999990 0.99999999599999989108 0.00000000099999999990 0.00000000099999999990 
0.00000000099999999992 0.00000000099999999992 0.99999999600000000211 0.00000000099999999992 0.00000000099999999992 
0.91162347885683547855 0.01724356359368072952 0.06511821489487672199 0.00000014768328301357 0.00601459497132406876 
0.91493262843401701456 0.00000000099999999999 0.08506736856598300089 0.00000000099999999999 0.00000000099999999999 
0.00000000099999999994 0.00000000099999999994 0.99999999599999989108 0.00000000099999999994 0.00000000099999999994 
0.00000000099999999992 0.00000000099999999992 0.99999999599999989108 0.00000000099999999992 0.00000000099999999992 
0.91301159718346081018 0.00000000099999999997 0.08698839981653920528 0.00000000099999999997 0.00000000099999999997 
0.00000000099999999992 0.99999999600000011313 0.00000000099999999992 0.00000000099999999992 0.00000000099999999992 
0.87885548688848336152 0.00000000100000000000 0.09575463654698433691 0.01465217032079030660 0.01073770524374190356 
0.00000000099999999992 0.00000000099999999992 0.99999999599999989108 0.00000000099999999992 0.00000000099999999992 
0.97127366005289561546 0.00000339504479159743 0.02104138190992160817 0.00000000100000000000 0.00768156199239119868 
0.93615506840628592844 0.00000000099999999997 0.06384492859371422580 0.00000000099999999997 0.00000000099999999997 
0.00000000099999999993 0.00000000099999999993 0.99999999599999989108 0.00000000099999999993 0.00000000099999999993 
0.00000000099999999994 0.99999999600000000211 0.00000000099999999994 0.00000000099999999994 0.00000000099999999994 
0.00000000099999999996 0.00000000099999999996 0.99999999600000000211 0.00000000099999999996 0.00000000099999999996 
0.96025715572964542854 0.00000000099999999999 0.03971682638435996421 0.00002601588599447036 0.00000000099999999999 
0.94077070421114195042 0.01240014865656465654 0.03428055983402073653 0.01254858629827262061 0.00000000100000000000 
0.94971142320093338007 0.00000000099999999996 0.05028857379906660069 0.00000000099999999996 0.00000000099999999996 
0.00000000099999999992 0.99999999600000011313 0.00000000099999999992 0.00000000099999999992 0.00000000099999999992 
0.85737113363809991373 0.06647894309603230578 0.05405960653774749547 0.02209031572812023350 0.00000000100000000000 
0.91108478502794210119 0.00000000099999999998 0.08085171271895424949 0.00000000099999999998 0.00806350025310366945 
0.99999999600000000211 0.00000000099999999995 0.00000000099999999995 0.00000000099999999995 0.00000000099999999995 
0.97081620702316673288 0.00000000099999999999 0.00840684628401911112 0.00000000099999999999 0.02077694469281422471 
0.14299372459465700680 0.03511177136359482781 0.82189450204174829828 0.00000000099999999999 0.00000000099999999999 
0.00000000099999999999 0.86789921031290162556 0.13210077336035797035 0.00000000099999999999 0.00000001432674036495 
0.94066762591154562401 0.03329031465002410539 0.02377411924974217466 0.00000439179370476971 0.00226354839498332100 
0.00000000099999999987 0.00000000099999999987 0.99999999600000000211 0.00000000099999999987 0.00000000099999999987 
0.00049274395312222006 0.00000000099999999999 0.99950725304687770834 0.00000000099999999999 0.00000000099999999999 
0.31427215804628072515 0.00000000099999999999 0.63235683494060590526 0.05337100501311317635 0.00000000099999999999 
0.18350036344777256869 0.45899599197965401665 0.35750084698842932163 0.00000000100000000000 0.00000279658414421556 
0.99999816981277966921 0.00000000099999999994 0.00000182718722042956 0.00000000099999999994 0.00000000099999999994 
0.37936486304206928910 0.42148050133377340520 0.11370484073900752331 0.05588896125286124672 0.02956083363228844199 
0.85494466012725944815 0.09355425677803552720 0.01694967929021249861 0.02249741872004530976 0.01205398508444716771 
0.99999999600000011313 0.00000000099999999999 0.00000000099999999999 0.00000000099999999999 0.00000000099999999999 
0.63245854892538577730 0.36749523310650222818 0.00004621596811194346 0.00000000099999999999 0.00000000099999999999 
0.62668188251816192569 0.02112874385111674497 0.35218937163072128183 0.00000000099999999999 0.00000000099999999999 
0.17079795139092715517 0.00000000099999999999 0.01575416803081104711 0.81344787857826172939 0.00000000099999999999 
0.15393982408261353001 0.68073685514805126751 0.00000000100000000000 0.15439138116304157444 0.01093193860629348979 
0.93418880395800185656 0.00000000099999999998 0.06581119304199818665 0.00000000099999999998 0.00000000099999999998 
0.00000000099999999993 0.00000000099999999993 0.99999999599999989108 0.00000000099999999993 0.00000000099999999993 
0.00000000099999999995 0.00000000099999999995 0.99999999599999989108 0.00000000099999999995 0.00000000099999999995 
0.00000000099999999993 0.00000000099999999993 0.99999999599999989108 0.00000000099999999993 0.00000000099999999993 
0.00000000099999999991 0.00000000099999999991 0.00000000099999999991 0.00000000099999999991 0.99999999600000000211 
0.96981402222714785388 0.00000006423384234454 0.03018589779050683333 0.00000001474850300084 0.00000000100000000000 
0.98530802017936336412 0.00000000099999999995 0.01469197682063676756 0.00000000099999999995 0.00000000099999999995 
0.04624917759715828358 0.00000000099999999997 0.93760698156530519753 0.00000000099999999997 0.01614383883753664137 
0.91324391654184478018 0.00000059453442437075 0.08556791501797984811 0.00000000099999999999 0.00118757290575111931 
0.00000000099999999993 0.00000000099999999993 0.99999999600000000211 0.00000000099999999993 0.00000000099999999993 
0.00000000099999999975 0.00000000099999999975 0.00000000099999999975 0.00000000099999999975 0.99999999600000000211 
0.00000000099999999994 0.00000000099999999994 0.99999999600000000211 0.00000000099999999994 0.00000000099999999994 
0.00000003562484965109 0.00000000099999999996 0.99999996137515045902 0.00000000099999999996 0.00000000099999999996 
0.00000000099999999975 0.00000000099999999975 0.00000000099999999975 0.00000000099999999975 0.99999999600000000211 
0.00000000099999999986 0.00000000099999999986 0.00000000099999999986 0.00000000099999999986 0.99999999599999989108 
0.99155768608977079559 0.00000000099999999998 0.00000000099999999998 0.00000000099999999998 0.00844231091022938814 
0.00000000099999999988 0.00000000099999999988 0.99999999599999989108 0.00000000099999999988 0.00000000099999999988 
0.93605130794978552711 0.00000000099999999998 0.03902139913644953051 0.00000000099999999998 0.02492729091376500242 
0.00000000099999999991 0.00000000099999999991 0.99999999599999989108 0.00000000099999999991 0.00000000099999999991 
