0.00000000706821376200 0.65937499914922359512 0.00000009685215675365 0.34062489693040587380 
0.12317122502080227187 0.87668441256046480969 0.00014436141873285050 0.00000000099999999999 
0.07908108670359005610 0.89503019652862647604 0.01789641847373258515 0.00799229829405083241 
0.10539483253035100696 0.89460516546964896634 0.00000000099999999998 0.00000000099999999998 
0.08323767913025147125 0.91676231886974857144 0.00000000099999999998 0.00000000099999999998 
0.09475956029784882162 0.90524043770215123494 0.00000000099999999998 0.00000000099999999998 
0.01963566566864345664 0.00000000099999999996 0.98036433233135655829 0.00000000099999999996 
0.00000000099999999996 0.99999999699999997382 0.00000000099999999996 0.00000000099999999996 
0.06385137122440232016 0.93614862677559773640 0.00000000099999999998 0.00000000099999999998 
0.00000000099999999995 0.00000000099999999995 0.99999999699999986280 0.00000000099999999995 
0.00023042948014786115 0.00000000099999999998 0.99976937525217501879 0.00000019426767698204 
0.00000000099999999997 0.00000000099999999997 0.99999999699999986280 0.00000000099999999997 
0.99999999699999997382 0.00000000099999999994 0.00000000099999999994 0.00000000099999999994 
0.16882792264386603520 0.11368182707301589807 0.55240350168684693166 0.16508674859627117670 
0.41851895779637321438 0.16019606686583728883 0.00009315140022209532 0.42119182393756732230 
0.00032457520046120196 0.00000000099999999996 0.99967542279953869322 0.00000000099999999996 
0.20668840466459639793 0.10193969690622824154 0.46138495178202754143 0.22998694664714769420 
0.19172954871208167105 0.56303727678060044859 0.00184936678152451033 0.24338380772579334965 
0.00000000099999999988 0.00000000099999999988 0.00000000099999999988 0.99999999700000008485 
0.49092816044124576447 0.00000000099999999999 0.01078707832002268399 0.49828476023873147227 
0.99999999699999997382 0.00000000099999999989 0.00000000099999999989 0.00000000099999999989 
0.01710857610215847646 0.00000000099999999997 0.98289142189784162174 0.00000000099999999997 
0.00000000099999999993 0.00000000099999999993 0.00000000099999999993 0.99999999700000008485 
0.13564688691585211067 0.86435311108414791814 0.00000000099999999998 0.00000000099999999998 
0.02351584619987145963 0.00000000099999999997 0.97648415180012848591 0.00000000099999999997 
0.00165842392297482289 0.00000000099999999998 0.99834157407702506237 0.00000000099999999998 
0.99999999699999997382 0.00000000099999999997 0.00000000099999999997 0.00000000099999999997 
0.12563253004282989855 0.87436746795717001923 0.00000000099999999999 0.00000000099999999999 
0.08413463166044862773 0.91586536633955140108 0.00000000099999999998 0.00000000099999999998 
0.00035198774094619210 0.00000000099999999999 0.99964801025905380971 0.00000000099999999999 
0.00007392061480189960 0.08017496226039469431 0.88986552291881126919 0.02988559420599215186 
0.03500856168971946264 0.00000000099999999999 0.93387436066345519414 0.03111707664682525007 
0.15540104362087520107 0.84459890993537911630 0.00000004544374579961 0.00000000099999999999 
0.00000000099999999999 0.29594361410158498416 0.00000000308536624513 0.70405638181304874834 
0.09419736407222331631 0.88264568543973587200 0.00000002497370976690 0.02315692551433112811 
0.00000000099999999998 0.00000000099999999998 0.99991859169790386908 0.00008140630209615899 
0.00000000099999999993 0.00000000099999999993 0.00000000099999999993 0.99999999700000008485 
0.00000000100000000000 0.27112889059180456108 0.02281386958875184987 0.70605723881944359999 
0.00000000099999999998 0.00000000099999999998 0.99999999699999997382 0.00000000099999999998 
0.00000000099999999996 0.00000000099999999996 0.99818811903737614255 0.00181187896262386349 
0.04448197374743076415 0.00000000099999999998 0.95551798006639809824 0.00000004518617119049 
0.00000000099999999997 0.99999999699999997382 0.00000000099999999997 0.00000000099999999997 
0.00008314446182453763 0.90464333156666409952 0.09527348948314144639 0.00000003448836988832 
0.99999999699999997382 0.00000000099999999996 0.00000000099999999996 0.00000000099999999996 
0.53647672243426181016 0.46352327556573830192 0.00000000099999999998 0.00000000099999999998 
0.00000000099999999994 0.99999999699999997382 0.00000000099999999994 0.00000000099999999994 
0.01219397163185960246 0.00000000099999999999 0.98780602636814041073 0.00000000099999999999 
0.00000000099999999994 0.99999999699999997382 0.00000000099999999994 0.00000000099999999994 
0.00000000099999999998 0.99999999699999997382 0.00000000099999999998 0.00000000099999999998 
0.00000000099999999996 0.99999999699999997382 0.00000000099999999996 0.00000000099999999996 
0.09438208442846561519 0.90561784546372292581 0.00000000099999999999 0.00000006910781144938 
0.00000000099999999992 0.99999999700000008485 0.00000000099999999992 0.00000000099999999992 
0.00000000099999999993 0.99999999700000008485 0.00000000099999999993 0.00000000099999999993 
0.46730053034378099541 0.00000000099999999997 0.51950751932022232182 0.01319194933599662431 
0.10761409610920334712 0.88234256695573354268 0.00019799317008711953 0.00984534376497584775 
0.01765423331225253814 0.98234570888563632618 0.00000000100000000000 0.00000005680211106795 
0.00000000099999999996 0.99999999699999997382 0.00000000099999999996 0.00000000099999999996 
0.10320234972921582539 0.89679764827078412015 0.00000000099999999998 0.00000000099999999998 
0.00000000099999999996 0.99999999699999997382 0.00000000099999999996 0.00000000099999999996 
0.08465665602133172485 0.91534334197866817906 0.00000000099999999998 0.00000000099999999998 
0.09191268178772414588 0.90808731621227589681 0.00000000099999999997 0.00000000099999999997 
0.00000000099999999997 0.99999999699999997382 0.00000000099999999997 0.00000000099999999997 
0.00000000099999999994 0.99999999699999997382 0.00000000099999999994 0.00000000099999999994 
0.00000000100000000000 0.00004938536243838343 0.07178746949743979033 0.92816314414012179856 
0.08515107950800450409 0.91484891849199545533 0.00000000099999999998 0.00000000099999999998 
0.00000000099999999999 0.98131853647306299671 0.00000000099999999999 0.01868146152693708761 
0.00000000099999999994 0.00000000099999999994 0.00000000099999999994 0.99999999699999997382 
0.00010754095090262470 0.00000000099999999999 0.99145673580632809330 0.00843572224276917249 
0.08805078643084823797 0.91194921156915165206 0.00000000099999999998 0.00000000099999999998 
0.00000000099999999997 0.00000000099999999997 0.00000013102389602119 0.99999986697610387942 
0.02437496316696506973 0.00000000099999999997 0.00000000502235584366 0.97562503081067897259 
0.00000027962449766623 0.00000000099999999998 0.03954792111290014039 0.96045179826260229650 
0.99999999700000008485 0.00000000099999999996 0.00000000099999999996 0.00000000099999999996 
0.60216473154935279410 0.00000000099999999997 0.00000000099999999997 0.39783526645064726246 
0.51811920847565129389 0.14828126115951492658 0.03492041501641063306 0.29867911534842317423 
0.99999999699999997382 0.00000000099999999997 0.00000000099999999997 0.00000000099999999997 
0.00000000099999999996 0.00000000099999999996 0.99999999699999986280 0.00000000099999999996 
0.00000000099999999994 0.00000000099999999994 0.00000000099999999994 0.99999999699999997382 
0.62602843462345403314 0.00000000099999999996 0.00000000099999999996 0.37397156337654596792 
0.59597103492090630628 0.00000000099999999997 0.00000000099999999997 0.40402896307909391682 
0.04497719870109782164 0.00000000165462639574 0.07447344194946688145 0.88054935769480879859 
0.56721651843993226016 0.18389876923552492261 0.16293488135326081312 0.08594983097128214289 
0.01902248660740734829 0.12298859099434497621 0.78715346498938754127 0.07083545740886011688 
0.99999999700000008485 0.00000000099999999996 0.00000000099999999996 0.00000000099999999996 
0.00000405592298199673 0.00000000099999999998 0.00800448501292266509 0.99199145806409527726 
0.00000000099999999996 0.00000000099999999996 0.99999999699999997382 0.00000000099999999996 
0.02635733042023397782 0.00000000099999999999 0.94072213303400198381 0.03292053554576398339 
0.99299118657865925730 0.00000000099999999996 0.00700881142134084610 0.00000000099999999996 
0.00409560240203427333 0.00000000099999999998 0.98931615026769259558 0.00658824633027312381 
0.60758770041154230857 0.00000000099999999997 0.00000000099999999997 0.39241229758845780351 
0.96024740166305710964 0.03336219601181444200 0.00634654383015264764 0.00004385849497583738 
0.00000000134394934712 0.00000000099999999998 0.07607817584863510452 0.92392182180741555531 
0.95981626252316365466 0.00000000099999999999 0.04018373547683629782 0.00000000099999999999 
0.01925662582391741290 0.00000000099999999998 0.93495770242518039250 0.04578567075090206329 
0.00000000099999999994 0.99999999699999997382 0.00000000099999999994 0.00000000099999999994 
0.00000000099999999991 0.99999999700000008485 0.00000000099999999991 0.00000000099999999991 
0.09484682789947511405 0.90515317010052487312 0.00000000099999999998 0.00000000099999999998 
0.07743550444564901991 0.92256449355435088400 0.00000000099999999997 0.00000000099999999997 
0.01997976490643564237 0.03908723109003815754 0.00424602222700968656 0.93668698177651654735 
0.16558462921762054365 0.83441536878237954067 0.00000000099999999997 0.00000000099999999997 
0.10673842230278703103 0.89326157569721287288 0.00000000099999999998 0.00000000099999999998 
0.00000051787158158482 0.11196089673624376459 0.03083586618543274205 0.85720271920674195876 
0.12211438070431053504 0.78323137778219598104 0.09465284665990240931 0.00000139485359097366 
0.00000000099999999994 0.99999999699999997382 0.00000000099999999994 0.00000000099999999994 
0.00112529591970335786 0.16467218529996527354 0.01418623886535579602 0.82001627991497549885 
0.03295760303423186932 0.00000000099999999997 0.89857284807291348816 0.06846954789285472631 
0.00000000099999999994 0.00000000099999999994 0.00000000099999999994 0.99999999700000008485 
0.99999999700000008485 0.00000000099999999995 0.00000000099999999995 0.00000000099999999995 
0.00537621439376338890 0.00000000099999999998 0.99462378360623660001 0.00000000099999999998 
0.08581348925349957524 0.90603786073362002629 0.00000000099999999999 0.00814864901288042676 
0.10969933756370441047 0.72739318639336736361 0.00032048076029261277 0.16258699528263576006 
0.10438850324375895107 0.89561149475624113325 0.00000000099999999999 0.00000000099999999999 
0.07978464510036123447 0.91768940233468798695 0.00252594815102859596 0.00000000441392214564 
0.10728060508906227255 0.88996180397222746095 0.00275758993871037979 0.00000000099999999999 
0.07028896980512566728 0.92971102819487427826 0.00000000099999999997 0.00000000099999999997 
0.01497659307014881543 0.00000000099999999998 0.96806033931301249673 0.01696306661683876643 
0.99975805181280130718 0.00000000099999999998 0.00024194618719880818 0.00000000099999999998 
0.00370976185237483587 0.00000000099999999998 0.98989921142631343010 0.00639102572131180612 
0.00000000099999999999 0.00000000099999999999 0.99999132254881228921 0.00000867545118774392 
0.99999999700000008485 0.00000000099999999994 0.00000000099999999994 0.00000000099999999994 
0.00000000099999999991 0.00000000099999999991 0.00000000099999999991 0.99999999699999997382 
0.00000000099999999995 0.00000000099999999995 0.00000000099999999995 0.99999999700000008485 
0.00000000099999999995 0.00000000099999999995 0.99999999699999997382 0.00000000099999999995 
0.00000000723017679185 0.00000000099999999997 0.99999999076982315493 0.00000000099999999997 
0.00000000099999999996 0.00000000099999999996 0.99999986982704813787 0.00000012817295175312 
0.00000000099999999995 0.00000000099999999995 0.00000360379459841031 0.99999639420540142876 
0.00000143444782026530 0.00000000099999999999 0.03835019791220424523 0.96164836663997543820 
0.00000000099999999996 0.00000000099999999996 0.99999999699999997382 0.00000000099999999996 
0.99999999700000008485 0.00000000099999999996 0.00000000099999999996 0.00000000099999999996 
0.06771084239221060452 0.00000014714393347860 0.87966812418653250738 0.05262088627732337820 
0.00000000099999999992 0.00000000099999999992 0.00000000099999999992 0.99999999699999997382 
0.00000000099999999996 0.00000000099999999996 0.99999970415812577951 0.00000029384187404611 
0.12338717795821955991 0.87646691304937274225 0.00014590799240761593 0.00000000100000000000 
0.14071268022160443589 0.00000000099999999998 0.01798772103423620580 0.84129959774415941087 
0.02500730030929899234 0.86645297610090799001 0.10853690245243982626 0.00000282113735322528 
0.00000000099999999993 0.00000000099999999993 0.00000000099999999993 0.99999999699999997382 
0.00098794644610941651 0.00000000099999999998 0.99901193606849736373 0.00000011648539332495 
0.00000000099999999996 0.00000000099999999996 0.99999999699999997382 0.00000000099999999996 
0.00000000099999999994 0.00000000099999999994 0.00000000099999999994 0.99999999700000008485 
0.00000000099999999996 0.00000000099999999996 0.99999999699999986280 0.00000000099999999996 
0.05840543803353779456 0.23800256448341439164 0.63898310318837336919 0.06460889429467453482 
0.00000000099999999994 0.00000000099999999994 0.00000000099999999994 0.99999999700000008485 
0.00000001195362931655 0.00000000100000000000 0.99989184273336084718 0.00010814431300994389 
0.00000000099999999998 0.99999999699999997382 0.00000000099999999998 0.00000000099999999998 
0.00020683327870841381 0.27677410077461939153 0.00000000099999999999 0.72301906494667200764 
0.07345012494532461578 0.92654987305467539915 0.00000000099999999998 0.00000000099999999998 
0.07980007114368270482 0.92019992685631735174 0.00000000099999999998 0.00000000099999999998 
0.09125499841596484973 0.89848977443853172975 0.00000000099999999999 0.01025522614550351298 
0.10530210256067117081 0.89469789543932887188 0.00000000099999999998 0.00000000099999999998 
0.10041445796225402509 0.88377353554358550891 0.00000000099999999999 0.01581200549416061224 
0.05431271170982964608 0.83556467096826347873 0.08272440491489510550 0.02739821240701176622 
0.10062557413725989330 0.89937442386274013550 0.00000000099999999997 0.00000000099999999997 
0.00000000099999999993 0.00000000099999999993 0.00000000099999999993 0.99999999699999997382 
0.09797457223046204811 0.90202542576953792519 0.00000000099999999999 0.00000000099999999999 
0.00000000099999999998 0.26900590392749323954 0.00000000099999999998 0.73099409407250670601 
0.08167157366514793404 0.91831511455212588846 0.00000000099999999999 0.00001331078272629949 
0.00000000099999999994 0.99999999700000008485 0.00000000099999999994 0.00000000099999999994 
0.00000000099999999995 0.00000000099999999995 0.99999999699999997382 0.00000000099999999995 
0.00000000099999999993 0.99999999700000008485 0.00000000099999999993 0.00000000099999999993 
0.00000000099999999993 0.99999999699999997382 0.00000000099999999993 0.00000000099999999993 
0.10543705688410265342 0.87197000147575320916 0.01388507751563081323 0.00870786412451328949 
0.09953110841650289475 0.89624871319802712488 0.00000000099999999999 0.00422017738547015003 
0.00000000099999999997 0.99999999700000008485 0.00000000099999999997 0.00000000099999999997 
0.00000000099999999994 0.99999999700000008485 0.00000000099999999994 0.00000000099999999994 
0.10219700507980007675 0.89780299292019993818 0.00000000099999999998 0.00000000099999999998 
0.00000000099999999996 0.00000000099999999996 0.99999999699999997382 0.00000000099999999996 
0.08868199520911523859 0.89182143083636167269 0.00000000100000000000 0.01949657295452319333 
0.00000000099999999994 0.99999999699999997382 0.00000000099999999994 0.00000000099999999994 
0.11700746993372775073 0.87485184336656107718 0.00000000491094130362 0.00814068178876990733 
0.08907944837670656035 0.91092054698026170279 0.00000000364303173270 0.00000000099999999999 
0.00000000099999999997 0.98747013731868216180 0.01252986068131779936 0.00000000099999999997 
0.00000000099999999995 0.00000000099999999995 0.99999999699999997382 0.00000000099999999995 
0.00000000099999999998 0.99999879521993595421 0.00000120278006393240 0.00000000099999999998 
0.08215387053728959166 0.90611815408369844604 0.00484686479001069943 0.00688111058900113624 
0.14911352666703808767 0.85071192650608962182 0.00000000100000000000 0.00017454582687234039 
0.10284200292731195125 0.89715799507268800816 0.00000000099999999998 0.00000000099999999998 
0.00000000099999999995 0.00000000099999999995 0.99999999699999997382 0.00000000099999999995 
0.22548644691663663475 0.77451355108336350508 0.00000000099999999998 0.00000000099999999998 
0.11011871243250624663 0.88988128556749379605 0.00000000099999999998 0.00000000099999999998 
0.10514526063880531848 0.89485473736119469645 0.00000000099999999997 0.00000000099999999997 
0.09323814330355728597 0.89969156886145806862 0.00000000100000000000 0.00707028683498461558 
0.02550856585236040489 0.94672278300345591440 0.02776865014418359451 0.00000000099999999999 
0.00000000099999999999 0.13131717006195905983 0.86868282793804096897 0.00000000099999999999 
0.15992170361474186691 0.84007829438525816190 0.00000000099999999999 0.00000000099999999999 
0.00000000099999999992 0.99999999700000008485 0.00000000099999999992 0.00000000099999999992 
0.00000856694041693925 0.99374062235507021335 0.00044062148108710541 0.00581018922342560647 
0.02868002001620030550 0.92194680925317740172 0.00000000100000000000 0.04937316973062228637 
0.07401058515164844753 0.52049850800732866407 0.40549090584102293056 0.00000000100000000000 
0.09345225258482182940 0.90654774541517824105 0.00000000099999999996 0.00000000099999999996 
0.02712130229555218333 0.47243790827340476079 0.41084466952918646809 0.08959611990185652186 
0.27059634675249616409 0.72940365124750394799 0.00000000099999999998 0.00000000099999999998 
0.10362313756890199901 0.89237895225934538157 0.00287445608727223073 0.00112345408448043336 
0.08130254645702819638 0.57856261308736989246 0.34013483945560185617 0.00000000099999999999 
0.03835293394291589691 0.93584861893993032123 0.02579844611715383790 0.00000000100000000000 
0.00118142861957699799 0.17754507670329308655 0.00017096207274038742 0.82110253260438959000 
0.99999999699999997382 0.00000000099999999993 0.00000000099999999993 0.00000000099999999993 
0.10156189782980168390 0.89843810017019831715 0.00000000099999999998 0.00000000099999999998 
0.00000000099999999996 0.99999999699999997382 0.00000000099999999996 0.00000000099999999996 
0.00000000099999999997 0.99999999699999997382 0.00000000099999999997 0.00000000099999999997 
0.00000000099999999993 0.99999999700000008485 0.00000000099999999993 0.00000000099999999993 
0.00000000099999999999 0.32077411236841224529 0.00000000099999999999 0.67922588563158781128 
0.10051432275265897998 0.89837147303203224169 0.00110686498758044813 0.00000733922772830562 
0.07697382814177666788 0.92302614979601860234 0.00000000099999999999 0.00000002106220464745 
0.00000000099999999999 0.99999995278002518084 0.00000004521997485967 0.00000000099999999999 
0.10295734458833091796 0.89704265341166911085 0.00000000099999999998 0.00000000099999999998 
0.00000000099999999994 0.99999999699999997382 0.00000000099999999994 0.00000000099999999994 
0.00000000099999999998 0.26951694565879014132 0.00000000099999999998 0.73048305234120980423 
0.00000000099999999996 0.99999999700000008485 0.00000000099999999996 0.00000000099999999996 
0.00000000099999999996 0.99999999699999997382 0.00000000099999999996 0.00000000099999999996 
0.00000000099999999999 0.29084672542908807102 0.00000000099999999999 0.70915327257091198554 
0.00000000099999999999 0.32747317889798416291 0.00000000099999999999 0.67252681910201583815 
0.12887102749324508277 0.87112897050675508481 0.00000000099999999999 0.00000000099999999999 
0.00000000099999999991 0.99999999699999997382 0.00000000099999999991 0.00000000099999999991 
0.10433531234116232012 0.89566468520467046321 0.00000000099999999999 0.00000000145416726347 
0.00000000099999999994 0.99999999700000008485 0.00000000099999999994 0.00000000099999999994 
