0.33125993240119144811 0.00000000099999999999 0.00141215771901276950 0.34470467409188582097 0.21824037747241850638 0.00000000099999999999 0.00000000099999999999 0.07254988994219697951 0.00000000099999999999 0.03183296437329451167 
0.00000000099999999995 0.02483391205534494009 0.00000000099999999995 0.00000000099999999995 0.00000000099999999995 0.00000000099999999995 0.00000000099999999995 0.67721157482894556168 0.00000000099999999995 0.29795450611570956090 
0.00000000099999999994 0.00000000099999999994 0.00000000099999999994 0.00000000099999999994 0.10078847885448022348 0.00000000099999999994 0.00000000099999999994 0.89921151314551983624 0.00000000099999999994 0.00000000099999999994 
0.00000000099999999997 0.00000000099999999997 0.00000000099999999997 0.00000000099999999997 0.06159850286648230894 0.00000000099999999997 0.00688562067548179491 0.45490399138608622609 0.00000000099999999997 0.47661187907194974001 
0.00000000099999999994 0.00000000099999999994 0.00000000099999999994 0.00189437087692425981 0.09920456042698108656 0.00000000099999999994 0.00000000099999999994 0.28523305284847433327 0.00000000099999999994 0.61366800984762026605 
0.00000000099999999987 0.00000000099999999987 0.00000000099999999987 0.00000000099999999987 0.00000000099999999987 0.00000000099999999987 0.00000000099999999987 0.00000000099999999987 0.00000000099999999987 0.99999999099999992147 
0.00000000099999999984 0.03666222115852393187 0.00000000099999999984 0.00000000099999999984 0.00000000099999999984 0.00000000099999999984 0.00000000099999999984 0.00000000099999999984 0.96333777084147609315 0.00000000099999999984 
0.00000000099999999974 0.00000000099999999974 0.00000000099999999974 0.99999999100000003249 0.00000000099999999974 0.00000000099999999974 0.00000000099999999974 0.00000000099999999974 0.00000000099999999974 0.00000000099999999974 
0.00000000099999999983 0.00000000099999999983 0.00000000099999999983 0.00000000099999999983 0.00000000099999999983 0.00000000099999999983 0.00000000099999999983 0.00000000099999999983 0.00000000099999999983 0.99999999100000003249 
0.00000000099999999983 0.00000000099999999983 0.00000000099999999983 0.00000000099999999983 0.00000000099999999983 0.00000000099999999983 0.00000000099999999983 0.00000000099999999983 0.99999999100000003249 0.00000000099999999983 
0.00000261168356451800 0.00000002496750682393 0.00000000099999999989 0.00000000099999999989 0.00000000099999999989 0.00000000099999999989 0.00000000099999999989 0.00000000099999999989 0.99999735634892872316 0.00000000099999999989 
0.00000000099999999992 0.00000000099999999992 0.00000000099999999992 0.00000000099999999992 0.00000000099999999992 0.00000000099999999992 0.01845097746342860140 0.00000000099999999992 0.98154901453657139587 0.00000000099999999992 
0.00000000099999999977 0.99999999100000014352 0.00000000099999999977 0.00000000099999999977 0.00000000099999999977 0.00000000099999999977 0.00000000099999999977 0.00000000099999999977 0.00000000099999999977 0.00000000099999999977 
0.00000000099999999995 0.05688408409865786802 0.00000000099999999995 0.00000000099999999995 0.00000000099999999995 0.26530498312775990799 0.00000000099999999995 0.00000000099999999995 0.57307025466010119708 0.10474067211348106476 
0.00000000099999999985 0.00000000099999999985 0.00000000099999999985 0.00000000099999999985 0.00000000099999999985 0.99999999100000003249 0.00000000099999999985 0.00000000099999999985 0.00000000099999999985 0.00000000099999999985 
0.00000000099999999987 0.00000000099999999987 0.00000000099999999987 0.00000000099999999987 0.00000000099999999987 0.00000000099999999987 0.00000000099999999987 0.00000000099999999987 0.99999999100000003249 0.00000000099999999987 
0.00000000099999999994 0.09558693752825818402 0.00000000099999999994 0.00000000099999999994 0.05933306887505493399 0.37673198731861878841 0.00000000099999999994 0.00000000099999999994 0.46834800027806799960 0.00000000099999999994 
0.00000000099999999995 0.00000000099999999995 0.00000000099999999995 0.24679085483134935441 0.32205551350726480120 0.43115362466138601460 0.00000000099999999995 0.00000000099999999995 0.00000000099999999995 0.00000000099999999995 
0.00000000099999999905 0.00000000099999999905 0.00000000099999999905 0.00000000099999999905 0.00000000099999999905 0.99999999100000003249 0.00000000099999999905 0.00000000099999999905 0.00000000099999999905 0.00000000099999999905 
0.00000000099999999989 0.07832294640091512494 0.00000000099999999989 0.00000000099999999989 0.00000000099999999989 0.62526375017127322486 0.29641329642781150122 0.00000000099999999989 0.00000000099999999989 0.00000000099999999989 
0.00000000099999999967 0.83388454829207447894 0.00000000099999999967 0.00000000099999999967 0.00000000099999999967 0.16611544370792574732 0.00000000099999999967 0.00000000099999999967 0.00000000099999999967 0.00000000099999999967 
0.00000000099999999988 0.00000000099999999988 0.00000000099999999988 0.00000000099999999988 0.00000000099999999988 0.00000000099999999988 0.03556265832747222688 0.00000000099999999988 0.96443733367252770794 0.00000000099999999988 
0.99999999100000025454 0.00000000099999999971 0.00000000099999999971 0.00000000099999999971 0.00000000099999999971 0.00000000099999999971 0.00000000099999999971 0.00000000099999999971 0.00000000099999999971 0.00000000099999999971 
0.00000000099999999992 0.01956608939576137338 0.00000000099999999992 0.02222696084057306648 0.00000000995744169275 0.00000000099999999992 0.00000000099999999992 0.95820693380622390389 0.00000000099999999992 0.00000000099999999992 
0.00000000099999999988 0.02266410304184054980 0.00000000099999999988 0.00000000099999999988 0.00000000099999999988 0.00000000099999999988 0.01471235403253035555 0.00000000099999999988 0.96262353592562910354 0.00000000099999999988 
0.00000000099999999991 0.00000000099999999991 0.00000000099999999991 0.00000000099999999991 0.00000000099999999991 0.00000000099999999991 0.01375972187400679829 0.00000000099999999991 0.98624027012599313480 0.00000000099999999991 
0.00000000099999999985 0.99999999100000014352 0.00000000099999999985 0.00000000099999999985 0.00000000099999999985 0.00000000099999999985 0.00000000099999999985 0.00000000099999999985 0.00000000099999999985 0.00000000099999999985 
0.00000000099999999992 0.00000000099999999992 0.00000000099999999992 0.00000000099999999992 0.00000000099999999992 0.00000000099999999992 0.00000000099999999992 0.99999999099999992147 0.00000000099999999992 0.00000000099999999992 
0.00000000099999999991 0.00000000099999999991 0.00000000099999999991 0.00000000099999999991 0.09475331167420533718 0.00000000099999999991 0.00000000099999999991 0.14050745429058764113 0.00000000099999999991 0.76473922703520691435 
0.00000000099999999997 0.00000000099999999997 0.00000000099999999997 0.00046361960998736793 0.00000000099999999997 0.00000000099999999997 0.02153278181717481130 0.00000000099999999997 0.97800359157283778266 0.00000000099999999997 
0.00000000099999999997 0.00000000099999999997 0.00000000099999999997 0.00000000099999999997 0.08198766095849392699 0.05975136343698882885 0.00000000099999999997 0.00000000099999999997 0.85826096860451717152 0.00000000099999999997 
0.01727196374816976354 0.02327276459565065861 0.01521472197358714716 0.00000000099999999994 0.00000000099999999994 0.00000000099999999994 0.02039676353497021227 0.00000000099999999994 0.92384378114762222278 0.00000000099999999994 
0.00000000099999999996 0.06901603158186910003 0.00000000099999999996 0.00000000100264092098 0.00000136256185368710 0.00000000099999999996 0.00000000099999999996 0.56316817512990136052 0.00000000099999999996 0.36781442472373504504 
0.00000000099999999969 0.00000000099999999969 0.99999999100000003249 0.00000000099999999969 0.00000000099999999969 0.00000000099999999969 0.00000000099999999969 0.00000000099999999969 0.00000000099999999969 0.00000000099999999969 
0.00000000099999999998 0.02035679878538623755 0.03026429990297448136 0.12439416933127106502 0.00000000099999999998 0.00000000099999999998 0.00000000099999999998 0.00000000220761098203 0.00000000099999999998 0.82498472477275719417 
0.00851251720010655702 0.00000000099999999991 0.00000000099999999991 0.00000000099999999991 0.00000000099999999991 0.00000000099999999991 0.00000000099999999991 0.00000000099999999991 0.99148747479989340903 0.00000000099999999991 
0.99999999100000025454 0.00000000099999999976 0.00000000099999999976 0.00000000099999999976 0.00000000099999999976 0.00000000099999999976 0.00000000099999999976 0.00000000099999999976 0.00000000099999999976 0.00000000099999999976 
0.00000000099999999949 0.00000000099999999949 0.99999999100000003249 0.00000000099999999949 0.00000000099999999949 0.00000000099999999949 0.00000000099999999949 0.00000000099999999949 0.00000000099999999949 0.00000000099999999949 
0.00000000099999999992 0.00000000099999999992 0.00000000099999999992 0.00000000099999999992 0.00000000099999999992 0.02710510763799266198 0.00000000099999999992 0.00000000099999999992 0.97289488436200743937 0.00000000099999999992 
0.01919370239463003350 0.00000000099999999987 0.00000000099999999987 0.00000000099999999987 0.00000000099999999987 0.00000000099999999987 0.00000000099999999987 0.00000000099999999987 0.98080628960536986316 0.00000000099999999987 
0.00000000099999999989 0.00000000099999999989 0.00000000099999999989 0.00000000099999999989 0.00000000099999999989 0.00000000099999999989 0.04961451713597613694 0.00000000099999999989 0.95038547486402380482 0.00000000099999999989 
0.00000000099999999987 0.00000000099999999987 0.00000000099999999987 0.68856934398138491815 0.31143064801861503055 0.00000000099999999987 0.00000000099999999987 0.00000000099999999987 0.00000000099999999987 0.00000000099999999987 
0.00000000099999999999 0.00110095629904489816 0.00402386178876812210 0.43911429245288668977 0.38748590538614241519 0.00000000099999999999 0.00000000099999999999 0.00000000099999999999 0.08179445387737585560 0.08648052619578225353 
0.00000000099999999982 0.99999999100000014352 0.00000000099999999982 0.00000000099999999982 0.00000000099999999982 0.00000000099999999982 0.00000000099999999982 0.00000000099999999982 0.00000000099999999982 0.00000000099999999982 
0.00000000099999999997 0.48645894343312451324 0.00000000099999999997 0.00000041745619281791 0.00000000099999999997 0.00000000099999999997 0.00000000099999999997 0.15986606029271169249 0.00000000099999999997 0.35367457281797082258 
0.00000000099999999985 0.00000000099999999985 0.00000000099999999985 0.56633094522142990446 0.43366904677857015526 0.00000000099999999985 0.00000000099999999985 0.00000000099999999985 0.00000000099999999985 0.00000000099999999985 
0.00000000099999999996 0.01736659237012290122 0.01047468960336366862 0.00000000099999999996 0.00000000099999999996 0.00000000099999999996 0.00000000099999999996 0.00000000099999999996 0.97215871102651352231 0.00000000099999999996 
0.00000000099999999967 0.00000000099999999967 0.00000000099999999967 0.00000000099999999967 0.99999999100000003249 0.00000000099999999967 0.00000000099999999967 0.00000000099999999967 0.00000000099999999967 0.00000000099999999967 
0.00000000099999999979 0.00000000099999999979 0.00000000099999999979 0.99999999100000014352 0.00000000099999999979 0.00000000099999999979 0.00000000099999999979 0.00000000099999999979 0.00000000099999999979 0.00000000099999999979 
0.00000000099999999968 0.00000000099999999968 0.00000000099999999968 0.00000000099999999968 0.99999999100000003249 0.00000000099999999968 0.00000000099999999968 0.00000000099999999968 0.00000000099999999968 0.00000000099999999968 
0.00000000099999999996 0.00000000099999999996 0.02379668574196433864 0.00241026719302974389 0.10570021283709404858 0.00000000099999999996 0.00000000099999999996 0.54154845709247434460 0.00000000099999999996 0.32654437213543746621 
0.00000000099999999973 0.00000000099999999973 0.00000000099999999973 0.99999999100000003249 0.00000000099999999973 0.00000000099999999973 0.00000000099999999973 0.00000000099999999973 0.00000000099999999973 0.00000000099999999973 
0.00000000099999999985 0.00000000099999999985 0.00000000099999999985 0.52406073038472777981 0.46196265303308431394 0.00000000099999999985 0.00000000099999999985 0.01397660958218796198 0.00000000099999999985 0.00000000099999999985 
0.00000000099999999989 0.42879747260573158885 0.00000000099999999989 0.00000000099999999989 0.00000000099999999989 0.00000000099999999989 0.07303747889937386994 0.00000000099999999989 0.49816504149489437836 0.00000000099999999989 
0.00000000099999999997 0.00000000099999999997 0.00000000099999999997 0.01777908079529494714 0.12236284940126353205 0.00000000099999999997 0.00000000099999999997 0.85985806280344156960 0.00000000099999999997 0.00000000099999999997 
0.00000000099999999996 0.00000000099999999996 0.00000000101650105927 0.35330542472602760595 0.19448861214669282971 0.00000000099999999996 0.00000000099999999996 0.45220595611077862852 0.00000000099999999996 0.00000000099999999996 
0.00000000099999999990 0.00000000099999999990 0.00000000099999999990 0.77117510913684028662 0.22882488286315971759 0.00000000099999999990 0.00000000099999999990 0.00000000099999999990 0.00000000099999999990 0.00000000099999999990 
0.00000000099999999994 0.00000000099999999994 0.00619686144547774119 0.00000000099999999994 0.00000000099999999994 0.00000000099999999994 0.00000000099999999994 0.55804025210216123831 0.00000000099999999994 0.43576287945236102939 
0.00000000099999999990 0.00000000099999999990 0.00000000099999999990 0.52712802061406027754 0.47287140967365309807 0.00000000099999999990 0.00000000099999999990 0.00000056271228658569 0.00000000099999999990 0.00000000099999999990 
0.00000000099999999981 0.00000000099999999981 0.00000000099999999981 0.00000000099999999981 0.00000000099999999981 0.00000000099999999981 0.00000000099999999981 0.99999999099999992147 0.00000000099999999981 0.00000000099999999981 
0.00000000099999999980 0.00000000099999999980 0.00000000099999999980 0.00000000099999999980 0.00000000099999999980 0.00000000099999999980 0.00000000099999999980 0.99999999099999992147 0.00000000099999999980 0.00000000099999999980 
0.00000000099999999991 0.00000000099999999991 0.00000000099999999991 0.48993966522277732079 0.49363719259781063675 0.00000000099999999991 0.00000000099999999991 0.00897425767270623384 0.00000000099999999991 0.00744887850670593928 
0.00000000099999999968 0.00000000099999999968 0.00000000099999999968 0.00000000099999999968 0.99999999100000014352 0.00000000099999999968 0.00000000099999999968 0.00000000099999999968 0.00000000099999999968 0.00000000099999999968 
0.93149785826822062429 0.00000000099999999997 0.00000000099999999997 0.00000000099999999997 0.00000000099999999997 0.00000000099999999997 0.00000000099999999997 0.00000000099999999997 0.06850213373177964360 0.00000000099999999997 
0.00000000099999999985 0.00000000099999999985 0.00000000099999999985 0.00000000099999999985 0.00000000099999999985 0.00000000099999999985 0.00000000099999999985 0.99999999099999992147 0.00000000099999999985 0.00000000099999999985 
0.00000000099999999997 0.00000000099999999997 0.00506747361380101204 0.47388391990595440939 0.52104859948024462302 0.00000000099999999997 0.00000000099999999997 0.00000000099999999997 0.00000000099999999997 0.00000000099999999997 
0.99999999100000014352 0.00000000099999999979 0.00000000099999999979 0.00000000099999999979 0.00000000099999999979 0.00000000099999999979 0.00000000099999999979 0.00000000099999999979 0.00000000099999999979 0.00000000099999999979 
0.00760972979666875004 0.00000000099999999994 0.01023644008546625329 0.00000000099999999994 0.00000000099999999994 0.00000000099999999994 0.00000000099999999994 0.00000000099999999994 0.98215382311786503244 0.00000000099999999994 
0.00000000099999999993 0.00000000099999999993 0.00000000099999999993 0.00000000099999999993 0.00000000099999999993 0.00000000099999999993 0.00000000099999999993 0.35973750946938604089 0.00000000099999999993 0.64026248253061390781 
0.89587021643442554808 0.00000000099999999987 0.00000000099999999987 0.00000000099999999987 0.00000000099999999987 0.05147969720824571022 0.05265007935732875233 0.00000000099999999987 0.00000000099999999987 0.00000000099999999987 
0.99999999100000014352 0.00000000099999999983 0.00000000099999999983 0.00000000099999999983 0.00000000099999999983 0.00000000099999999983 0.00000000099999999983 0.00000000099999999983 0.00000000099999999983 0.00000000099999999983 
0.99999999100000025454 0.00000000099999999992 0.00000000099999999992 0.00000000099999999992 0.00000000099999999992 0.00000000099999999992 0.00000000099999999992 0.00000000099999999992 0.00000000099999999992 0.00000000099999999992 
0.00000000099999999982 0.99999999100000025454 0.00000000099999999982 0.00000000099999999982 0.00000000099999999982 0.00000000099999999982 0.00000000099999999982 0.00000000099999999982 0.00000000099999999982 0.00000000099999999982 
0.00000000099999999965 0.00000000099999999965 0.00000000099999999965 0.00000000099999999965 0.00000000099999999965 0.00000000099999999965 0.99999999099999992147 0.00000000099999999965 0.00000000099999999965 0.00000000099999999965 
0.00000000099999999995 0.00000000099999999995 0.00000000099999999995 0.00000000099999999995 0.12069457589366336392 0.00000000099999999995 0.87930541610633672356 0.00000000099999999995 0.00000000099999999995 0.00000000099999999995 
0.00000000099999999987 0.99999999100000014352 0.00000000099999999987 0.00000000099999999987 0.00000000099999999987 0.00000000099999999987 0.00000000099999999987 0.00000000099999999987 0.00000000099999999987 0.00000000099999999987 
0.00000000099999999988 0.00000000099999999988 0.00000000099999999988 0.00000000099999999988 0.00000000099999999988 0.00000000099999999988 0.00000000099999999988 0.00000000099999999988 0.99999999100000003249 0.00000000099999999988 
0.99999999100000025454 0.00000000099999999979 0.00000000099999999979 0.00000000099999999979 0.00000000099999999979 0.00000000099999999979 0.00000000099999999979 0.00000000099999999979 0.00000000099999999979 0.00000000099999999979 
0.00000000099999999946 0.00000000099999999946 0.00000000099999999946 0.00000000099999999946 0.00000000099999999946 0.00000000099999999946 0.99999999100000003249 0.00000000099999999946 0.00000000099999999946 0.00000000099999999946 
0.00000000099999999953 0.00000000099999999953 0.00000000099999999953 0.00000000099999999953 0.00000000099999999953 0.00000000099999999953 0.99999999099999992147 0.00000000099999999953 0.00000000099999999953 0.00000000099999999953 
0.86029635160244544156 0.01484445380861892580 0.03547286857755290596 0.00000000099999999998 0.00000000099999999998 0.00000000099999999998 0.01556346310554967277 0.00000000099999999998 0.07382285790583309470 0.00000000099999999998 
0.00000000099999999999 0.46517086979433719396 0.00025976986422377704 0.00000000099999999999 0.00000000099999999999 0.06312620709825299270 0.10639953738449198228 0.00000000099999999999 0.16289146745218943679 0.20215214440650455807 
0.05213598164000641383 0.00000000099999999999 0.00133845610013356856 0.00000000099999999999 0.00000000099999999999 0.00000000099999999999 0.04277048792716058728 0.14091627572285936321 0.76283879360983997131 0.00000000099999999999 
0.00000000099999999984 0.99999999100000025454 0.00000000099999999984 0.00000000099999999984 0.00000000099999999984 0.00000000099999999984 0.00000000099999999984 0.00000000099999999984 0.00000000099999999984 0.00000000099999999984 
0.91138099703428054887 0.00000000099999999991 0.00000000099999999991 0.00000000099999999991 0.00000000099999999991 0.00000000099999999991 0.08861899496571959411 0.00000000099999999991 0.00000000099999999991 0.00000000099999999991 
0.00000000099999999986 0.00000000099999999986 0.00000000099999999986 0.00000000099999999986 0.00000000099999999986 0.00000000099999999986 0.00000000099999999986 0.00000000099999999986 0.99999999099999992147 0.00000000099999999986 
0.01412789627540771489 0.00000021991300206968 0.00000000099999999995 0.00000000099999999995 0.00000000099999999995 0.00000000099999999995 0.05833065008136148477 0.00000000099999999995 0.92754122773022862347 0.00000000099999999995 
0.00000000099999999981 0.99999999100000025454 0.00000000099999999981 0.00000000099999999981 0.00000000099999999981 0.00000000099999999981 0.00000000099999999981 0.00000000099999999981 0.00000000099999999981 0.00000000099999999981 
0.02133195254060003820 0.02916702384446094240 0.00000000099999999991 0.00000000099999999991 0.00000000099999999991 0.00000000099999999991 0.00000000099999999991 0.00000000099999999991 0.94950101661493890859 0.00000000099999999991 
0.00000000099999999952 0.00000000099999999952 0.00000000099999999952 0.00000000099999999952 0.00000000099999999952 0.00000000099999999952 0.99999999100000003249 0.00000000099999999952 0.00000000099999999952 0.00000000099999999952 
0.00000000099999999996 0.99999982454215519123 0.00000000099999999996 0.00000000099999999996 0.00000000099999999996 0.00000000099999999996 0.00000016745784498640 0.00000000099999999996 0.00000000099999999996 0.00000000099999999996 
0.95151532879677391819 0.00000000099999999987 0.00000000099999999987 0.00000000099999999987 0.00000000099999999987 0.00000000099999999987 0.00000000099999999987 0.00000000099999999987 0.04848466320322628725 0.00000000099999999987 
0.00000000099999999991 0.99999999100000014352 0.00000000099999999991 0.00000000099999999991 0.00000000099999999991 0.00000000099999999991 0.00000000099999999991 0.00000000099999999991 0.00000000099999999991 0.00000000099999999991 
0.04305060338480256460 0.00000000099999999992 0.00000000099999999992 0.00000000099999999992 0.00000000099999999992 0.00000000099999999992 0.02871857908369213758 0.00000000099999999992 0.92823081053150524600 0.00000000099999999992 
0.00000000099999999979 0.00000000099999999979 0.00000000099999999979 0.99999999100000014352 0.00000000099999999979 0.00000000099999999979 0.00000000099999999979 0.00000000099999999979 0.00000000099999999979 0.00000000099999999979 
0.00000000099999999972 0.00000000099999999972 0.00000000099999999972 0.50972768753379660289 0.49027230446620334581 0.00000000099999999972 0.00000000099999999972 0.00000000099999999972 0.00000000099999999972 0.00000000099999999972 
0.00000000099999999993 0.00000000099999999993 0.02451909259740439606 0.00735275800208000287 0.00000000099999999993 0.00000000099999999993 0.00000000099999999993 0.43875026135355005286 0.00000000099999999993 0.52937788204696545336 
0.00000000099999999985 0.00000000099999999985 0.00000000099999999985 0.00000000099999999985 0.00000000099999999985 0.00000000099999999985 0.00000000099999999985 0.99999999099999992147 0.00000000099999999985 0.00000000099999999985 
0.86997050016333643541 0.00000000099999999999 0.04508904450540305447 0.03256291595238672981 0.00000000099999999999 0.05237753337887397775 0.00000000099999999999 0.00000000099999999999 0.00000000099999999999 0.00000000099999999999 
0.00000000099999999994 0.08467093337240581830 0.00000000099999999994 0.07111662419528501367 0.00000000099999999994 0.00000000099999999994 0.00000000099999999994 0.44362921039859282146 0.00000000099999999994 0.40058322603371643300 
0.00000000099999999986 0.00000000099999999986 0.00000000099999999986 0.00000000099999999986 0.00000000099999999986 0.00000000099999999986 0.00000000099999999986 0.00000000099999999986 0.00000000099999999986 0.99999999099999992147 
0.86953992069461139014 0.00000000099999999996 0.00000000099999999996 0.00000000099999999996 0.13046007130538883612 0.00000000099999999996 0.00000000099999999996 0.00000000099999999996 0.00000000099999999996 0.00000000099999999996 
0.00000000099999999998 0.02477882462081228837 0.02042467217486047815 0.00000000099999999998 0.10181101806428857759 0.00000000099999999998 0.00000000099999999998 0.46385138300587580584 0.10095803466927245895 0.28817606346489033076 
0.00000000099999999959 0.00000000099999999959 0.00000000099999999959 0.00000000099999999959 0.99999999100000014352 0.00000000099999999959 0.00000000099999999959 0.00000000099999999959 0.00000000099999999959 0.00000000099999999959 
0.82311144205347308578 0.00000000099999999997 0.00000000099999999997 0.00000000099999999997 0.15595212414949352620 0.00000000099999999997 0.00000000099999999997 0.00000000099999999997 0.00000000099999999997 0.02093642679703362069 
0.00000000099999999983 0.00000000099999999983 0.00000000099999999983 0.00000000099999999983 0.00000000099999999983 0.12357056304618566078 0.00000000099999999983 0.00000000099999999983 0.87642942895381437118 0.00000000099999999983 
0.99999999100000025454 0.00000000099999999978 0.00000000099999999978 0.00000000099999999978 0.00000000099999999978 0.00000000099999999978 0.00000000099999999978 0.00000000099999999978 0.00000000099999999978 0.00000000099999999978 
0.00000000099999999981 0.99999999100000014352 0.00000000099999999981 0.00000000099999999981 0.00000000099999999981 0.00000000099999999981 0.00000000099999999981 0.00000000099999999981 0.00000000099999999981 0.00000000099999999981 
0.00000000099999999993 0.00363777991065007472 0.00000000099999999993 0.00000000099999999993 0.00000000099999999993 0.00000000099999999993 0.00000000099999999993 0.00000000099999999993 0.99636221208934994120 0.00000000099999999993 
0.00000000099999999993 0.00000000099999999993 0.00000000099999999993 0.00000000099999999993 0.00000000099999999993 0.00000000099999999993 0.00000000099999999993 0.37202600725467149800 0.00000000099999999993 0.62797398474532839519 
0.15778785438675768660 0.00000000100000000000 0.00000000100000000000 0.03660095874137416633 0.00003679702725321101 0.01867050118880956774 0.00000000100000000000 0.28453133555848841851 0.00000000100000000000 0.50237254909731698937 
0.00000000099999999995 0.00000000099999999995 0.00000000099999999995 0.00000000099999999995 0.02777814788346401678 0.00000000099999999995 0.00000000099999999995 0.61673302157438003590 0.00000000099999999995 0.35548882354215599610 
0.00000000099999999991 0.00000000099999999991 0.00000000099999999991 0.00000000099999999991 0.07054807465497857366 0.00000000099999999991 0.00000000099999999991 0.00000000099999999991 0.00000000099999999991 0.92945191734502141667 
0.00000000099999999989 0.00000000099999999989 0.00000000099999999989 0.00000000099999999989 0.00000000099999999989 0.00000000099999999989 0.00000000099999999989 0.99999999099999992147 0.00000000099999999989 0.00000000099999999989 
0.00000000099999999982 0.00000000099999999982 0.00000000099999999982 0.07707214041034135543 0.00000000099999999982 0.00000000099999999982 0.00000000099999999982 0.00000000099999999982 0.00000000099999999982 0.92292785158965862102 
0.00000000099999999991 0.00000000099999999991 0.00000000099999999991 0.00000000099999999991 0.00000000099999999991 0.00615152657508756962 0.05843834055615482193 0.00000000099999999991 0.93541012586875749157 0.00000000099999999991 
0.00000000099999999991 0.95013650481652045521 0.00000000099999999991 0.00000000099999999991 0.00000000099999999991 0.00000000099999999991 0.04986348718347977799 0.00000000099999999991 0.00000000099999999991 0.00000000099999999991 
0.00000000099999999991 0.00590498268647724617 0.00000000099999999991 0.00000000099999999991 0.00000000099999999991 0.01751941765678376173 0.00000000099999999991 0.00000000099999999991 0.97657559265673898885 0.00000000099999999991 
0.00000000099999999994 0.00000000099999999994 0.00000000099999999994 0.00000000099999999994 0.00000000099999999994 0.00000000099999999994 0.00000000099999999994 0.00000000099999999994 0.99999999099999992147 0.00000000099999999994 
0.00000000099999999978 0.99999999100000025454 0.00000000099999999978 0.00000000099999999978 0.00000000099999999978 0.00000000099999999978 0.00000000099999999978 0.00000000099999999978 0.00000000099999999978 0.00000000099999999978 
0.99999999100000014352 0.00000000099999999969 0.00000000099999999969 0.00000000099999999969 0.00000000099999999969 0.00000000099999999969 0.00000000099999999969 0.00000000099999999969 0.00000000099999999969 0.00000000099999999969 
0.99999999100000014352 0.00000000099999999980 0.00000000099999999980 0.00000000099999999980 0.00000000099999999980 0.00000000099999999980 0.00000000099999999980 0.00000000099999999980 0.00000000099999999980 0.00000000099999999980 
0.00000000099999999983 0.00000000099999999983 0.00000000099999999983 0.00000000099999999983 0.00000000099999999983 0.00000000099999999983 0.00000000099999999983 0.00000000099999999983 0.99999999100000003249 0.00000000099999999983 
0.00000000099999999988 0.00000000099999999988 0.00000000099999999988 0.00000000099999999988 0.00000000099999999988 0.00000000099999999988 0.00000000099999999988 0.00000000099999999988 0.99999999100000003249 0.00000000099999999988 
0.00002948048827704105 0.00000000099999999985 0.00000000099999999985 0.00000000099999999985 0.00000000099999999985 0.00000000099999999985 0.00000000099999999985 0.00000000099999999985 0.99997051151172300365 0.00000000099999999985 
0.99999999100000025454 0.00000000099999999980 0.00000000099999999980 0.00000000099999999980 0.00000000099999999980 0.00000000099999999980 0.00000000099999999980 0.00000000099999999980 0.00000000099999999980 0.00000000099999999980 
0.98603978471487119251 0.00000000099999999992 0.00000000099999999992 0.00000000099999999992 0.00000000099999999992 0.00000000099999999992 0.00000000099999999992 0.00000000099999999992 0.01396020728512906151 0.00000000099999999992 
0.00000000099999999987 0.00000000099999999987 0.00000000099999999987 0.00000000099999999987 0.00000000099999999987 0.00000000099999999987 0.00000000099999999987 0.00000000099999999987 0.99999999100000003249 0.00000000099999999987 
0.00000000099999999980 0.99999999100000014352 0.00000000099999999980 0.00000000099999999980 0.00000000099999999980 0.00000000099999999980 0.00000000099999999980 0.00000000099999999980 0.00000000099999999980 0.00000000099999999980 
0.02996566294840764116 0.04919259405186009182 0.03293425276215636993 0.00000000099999999997 0.00000000099999999997 0.00000000099999999997 0.01608826795970730653 0.00000000099999999997 0.87181921727786848564 0.00000000099999999997 
0.99999999100000014352 0.00000000099999999972 0.00000000099999999972 0.00000000099999999972 0.00000000099999999972 0.00000000099999999972 0.00000000099999999972 0.00000000099999999972 0.00000000099999999972 0.00000000099999999972 
0.00022852355970388982 0.00000000099999999985 0.00000000099999999985 0.00000000099999999985 0.00000000099999999985 0.00000000099999999985 0.00656892745455241265 0.00000000099999999985 0.99320254198574353666 0.00000000099999999985 
0.00000000099999999997 0.02451226786409714184 0.01298385038225062516 0.07887428049951497600 0.00000000099999999997 0.00000000099999999997 0.00000000099999999997 0.64727422401100476179 0.00000000099999999997 0.23635537224313257765 
0.80206800582588078097 0.09792403369566037019 0.00000000099999999990 0.00000000099999999990 0.00000000099999999990 0.00000000099999999990 0.10000773277133157002 0.00000000099999999990 0.00000022170712742224 0.00000000099999999990 
0.00000000099999999997 0.00000000099999999997 0.01262685600716132416 0.00000000099999999997 0.00000000099999999997 0.00000000099999999997 0.00000000099999999997 0.48356493104450076759 0.07149408975200140237 0.43231411719633644486 
0.99999999100000014352 0.00000000099999999972 0.00000000099999999972 0.00000000099999999972 0.00000000099999999972 0.00000000099999999972 0.00000000099999999972 0.00000000099999999972 0.00000000099999999972 0.00000000099999999972 
0.00015505611965341268 0.00000351379770358667 0.00000000099999999991 0.00000000099999999991 0.00000000099999999991 0.00000000099999999991 0.00392207843977109612 0.00000000099999999991 0.99591934564287198928 0.00000000099999999991 
0.00000000099999999986 0.00000000099999999986 0.00000000099999999986 0.00000000099999999986 0.00000000099999999986 0.00000000099999999986 0.00000000099999999986 0.00000000099999999986 0.99999999100000003249 0.00000000099999999986 
0.99999999100000025454 0.00000000099999999978 0.00000000099999999978 0.00000000099999999978 0.00000000099999999978 0.00000000099999999978 0.00000000099999999978 0.00000000099999999978 0.00000000099999999978 0.00000000099999999978 
0.00000000099999999986 0.00000000099999999986 0.00000000099999999986 0.00000000099999999986 0.00000000099999999986 0.00000000099999999986 0.00000000099999999986 0.00000000099999999986 0.99999999099999992147 0.00000000099999999986 
0.00886190868795043440 0.04138464165374116516 0.06471936789406260160 0.00000000100000000000 0.04402038274045667887 0.01835775892577449706 0.00000000100000000000 0.00000000100000000000 0.63486642265476034286 0.18778951444325431286 
0.98617709509857731653 0.00000000099999999983 0.00000000099999999983 0.00000000099999999983 0.00000000099999999983 0.01382289690142286982 0.00000000099999999983 0.00000000099999999983 0.00000000099999999983 0.00000000099999999983 
0.01260668977041571638 0.00000000099999999996 0.00000000099999999996 0.00991843317395583839 0.00000000099999999996 0.00000000099999999996 0.00000000099999999996 0.00000000099999999996 0.97747487005562849749 0.00000000099999999996 
0.00000000099999999984 0.00000000099999999984 0.00000000099999999984 0.00000000099999999984 0.99999999100000014352 0.00000000099999999984 0.00000000099999999984 0.00000000099999999984 0.00000000099999999984 0.00000000099999999984 
0.00000000099999999943 0.00000000099999999943 0.99999999100000003249 0.00000000099999999943 0.00000000099999999943 0.00000000099999999943 0.00000000099999999943 0.00000000099999999943 0.00000000099999999943 0.00000000099999999943 
0.00000000099999999983 0.00000000099999999983 0.00000000099999999983 0.00000000099999999983 0.00000000099999999983 0.00000000099999999983 0.00000000099999999983 0.99999999100000003249 0.00000000099999999983 0.00000000099999999983 
0.00000000099999999985 0.00000000099999999985 0.00000000099999999985 0.00000000099999999985 0.00000000099999999985 0.00000000099999999985 0.00000000099999999985 0.00000000099999999985 0.00000000099999999985 0.99999999099999992147 
0.00000000099999999989 0.00000000099999999989 0.00000000099999999989 0.00000000099999999989 0.00000000099999999989 0.00000000099999999989 0.00000000099999999989 0.00000000099999999989 0.00000000099999999989 0.99999999100000003249 
0.00000000099999999995 0.00000000099999999995 0.00000000099999999995 0.00000000099999999995 0.01441107910097356830 0.00000000099999999995 0.00000000099999999995 0.56285816440609603983 0.00000000099999999995 0.42273074949293043545 
0.00000000099999999989 0.00000000099999999989 0.00000000099999999989 0.00000000099999999989 0.00000000099999999989 0.00000000099999999989 0.00000000099999999989 0.99999999099999992147 0.00000000099999999989 0.00000000099999999989 
0.00000000099999999999 0.00000000099999999999 0.00526105262126859950 0.15683732990403745355 0.01157675729620119900 0.02339150812690109563 0.00000000099999999999 0.56146323168819234350 0.07730064489736218625 0.16416947246603699750 
0.00000000099999999982 0.00000000099999999982 0.00000000099999999982 0.00000000099999999982 0.00000000099999999982 0.00000000099999999982 0.00000000099999999982 0.99999999099999992147 0.00000000099999999982 0.00000000099999999982 
0.99999999100000025454 0.00000000099999999973 0.00000000099999999973 0.00000000099999999973 0.00000000099999999973 0.00000000099999999973 0.00000000099999999973 0.00000000099999999973 0.00000000099999999973 0.00000000099999999973 
0.00000000099999999995 0.00000000099999999995 0.01236657724886151659 0.04275428966207851095 0.00000000099999999995 0.00000000099999999995 0.00000000099999999995 0.67511867482738874280 0.00000000099999999995 0.26976045226167127966 
0.00000000099999999946 0.00000000099999999946 0.99999999100000003249 0.00000000099999999946 0.00000000099999999946 0.00000000099999999946 0.00000000099999999946 0.00000000099999999946 0.00000000099999999946 0.00000000099999999946 
0.00000000099999999986 0.00000000099999999986 0.00000000099999999986 0.00000000099999999986 0.00000000099999999986 0.00000000099999999986 0.00000000099999999986 0.99999999100000003249 0.00000000099999999986 0.00000000099999999986 
0.00000000099999999974 0.00000000099999999974 0.00000000099999999974 0.99999999100000014352 0.00000000099999999974 0.00000000099999999974 0.00000000099999999974 0.00000000099999999974 0.00000000099999999974 0.00000000099999999974 
0.00000000099999999985 0.00000000099999999985 0.00000000099999999985 0.00000000099999999985 0.00000000099999999985 0.00000000099999999985 0.00000000099999999985 0.00000000099999999985 0.99999999100000003249 0.00000000099999999985 
0.00000000099999999979 0.00000000099999999979 0.00000000099999999979 0.51092358045618935236 0.48907641154381076287 0.00000000099999999979 0.00000000099999999979 0.00000000099999999979 0.00000000099999999979 0.00000000099999999979 
0.00000000099999999978 0.00000000099999999978 0.00000000099999999978 0.99999999100000014352 0.00000000099999999978 0.00000000099999999978 0.00000000099999999978 0.00000000099999999978 0.00000000099999999978 0.00000000099999999978 
0.00000000099999999992 0.00000000099999999992 0.00000000099999999992 0.00000000099999999992 0.00000000099999999992 0.00000000099999999992 0.00000000099999999992 0.99999999100000003249 0.00000000099999999992 0.00000000099999999992 
0.00000000099999999995 0.02482417440502296749 0.00000000099999999995 0.00201385231240842335 0.06561902482882500665 0.00000000099999999995 0.00259392552704668751 0.36858185248053954020 0.00000000099999999995 0.53636716644615745064 
0.00000000099999999976 0.00000000099999999976 0.00000000099999999976 0.99999999100000014352 0.00000000099999999976 0.00000000099999999976 0.00000000099999999976 0.00000000099999999976 0.00000000099999999976 0.00000000099999999976 
0.00000000099999999966 0.00000000099999999966 0.00000000099999999966 0.00000000099999999966 0.99999999100000014352 0.00000000099999999966 0.00000000099999999966 0.00000000099999999966 0.00000000099999999966 0.00000000099999999966 
0.00000000099999999985 0.00000000099999999985 0.00000000099999999985 0.00000001760546850127 0.00000000128513533313 0.00000000099999999985 0.00000000099999999985 0.00000000099999999985 0.00000000099999999985 0.99999997410939611697 
0.00000000099999999985 0.00000000099999999985 0.00000000099999999985 0.00000000099999999985 0.00000000099999999985 0.00000000099999999985 0.00000000099999999985 0.00000000099999999985 0.99999999099999992147 0.00000000099999999985 
0.00000000099999999998 0.00000000099999999998 0.00640392913464258272 0.00000000099999999998 0.10678362017061887590 0.00000000099999999998 0.01768294557996016175 0.68935891702647833501 0.00000000099999999998 0.17977058308830012878 
0.00000000099999999982 0.00000000099999999982 0.00000000099999999982 0.75568073899182441888 0.24431925300817575186 0.00000000099999999982 0.00000000099999999982 0.00000000099999999982 0.00000000099999999982 0.00000000099999999982 
0.00000000099999999997 0.00000000099999999997 0.00000000099999999997 0.00000000099999999997 0.03167725145743758436 0.00000000099999999997 0.02571247286441465801 0.29633356687022471831 0.00000000099999999997 0.64627670280792293145 
0.00000000099999999995 0.00000000099999999995 0.00000000099999999995 0.00000000099999999995 0.06197123738940190502 0.00000000099999999995 0.00000000099999999995 0.42068408183251398968 0.00000000099999999995 0.51734467377808412980 
0.00000000099999999984 0.00000000099999999984 0.00000000099999999984 0.75048440609449940109 0.24951558590550065864 0.00000000099999999984 0.00000000099999999984 0.00000000099999999984 0.00000000099999999984 0.00000000099999999984 
0.00000000099999999986 0.00000000099999999986 0.00000000099999999986 0.00000000099999999986 0.00000000099999999986 0.00000000099999999986 0.00000000099999999986 0.00000000099999999986 0.99999999099999992147 0.00000000099999999986 
0.00000000099999999989 0.00000000099999999989 0.00000000099999999989 0.50799291051075978753 0.49200708148924027219 0.00000000099999999989 0.00000000099999999989 0.00000000099999999989 0.00000000099999999989 0.00000000099999999989 
