0.00000000099999999999 0.00000000099999999999 0.33331320739575043266 0.31173122174260242678 0.00000000099999999999 0.25778095091026625996 0.00004309065664999703 0.09713152529473087493 0.00000000099999999999 
0.00000000099999999997 0.00000000099999999997 0.00000000099999999997 0.00000000099999999997 0.00000000099999999997 0.06733229932310340338 0.00000000099999999997 0.90666086749539664957 0.02600682718149979061 
0.00000000204134066063 0.03530065609298296131 0.00000000099999999998 0.19391302682751235253 0.00000000099999999998 0.00000000099999999998 0.00000000099999999998 0.77078631003816400202 0.00000000099999999998 
0.00175267941073006415 0.00000000099999999997 0.00000000099999999997 0.14351945362233195502 0.00000000099999999997 0.00000000099999999997 0.00000000099999999997 0.84730371081115773979 0.00742415115578022068 
0.00000000099999999995 0.00000000099999999995 0.00000000099999999995 0.00000000099999999995 0.00000000099999999995 0.16856290153234185225 0.00000000099999999995 0.83143709146765820694 0.00000000099999999995 
0.00000000099999999994 0.00000000099999999994 0.00000000099999999994 0.03792473611526348681 0.00000000099999999994 0.00000000099999999994 0.00000000099999999994 0.96207525688473638503 0.00000000099999999994 
0.00000000099999999978 0.99999999200000022626 0.00000000099999999978 0.00000000099999999978 0.00000000099999999978 0.00000000099999999978 0.00000000099999999978 0.00000000099999999978 0.00000000099999999978 
0.00000000099999999972 0.00000000099999999972 0.00000000099999999972 0.00000000099999999972 0.00000000099999999972 0.99999999200000000421 0.00000000099999999972 0.00000000099999999972 0.00000000099999999972 
0.00000000099999999990 0.00000000099999999990 0.00000000099999999990 0.00348680070897579774 0.00000000099999999990 0.11908365909430419782 0.01487081343831293291 0.86255872175840708760 0.00000000099999999990 
0.00000000099999999986 0.61013455041313235938 0.00000000099999999986 0.00000000099999999986 0.38986544258686772757 0.00000000099999999986 0.00000000099999999986 0.00000000099999999986 0.00000000099999999986 
0.00000000099999999990 0.60350462814765648556 0.00000000099999999990 0.00000000099999999990 0.39649536485234365690 0.00000000099999999990 0.00000000099999999990 0.00000000099999999990 0.00000000099999999990 
0.00000000099999999993 0.60454828783668301817 0.00000000099999999993 0.00000000099999999993 0.39545170516331712429 0.00000000099999999993 0.00000000099999999993 0.00000000099999999993 0.00000000099999999993 
0.00000000099999999981 0.00000000099999999981 0.00000000099999999981 0.00000000099999999981 0.00000000099999999981 0.00000000099999999981 0.00000000099999999981 0.00000000099999999981 0.99999999199999989319 
0.27012716037940576186 0.21746447027102774885 0.00000000099999999997 0.00000000099999999997 0.36697283204426428549 0.00000000099999999997 0.00000000099999999997 0.08772584135025911223 0.05770969195504302429 
0.99999999200000011523 0.00000000099999999987 0.00000000099999999987 0.00000000099999999987 0.00000000099999999987 0.00000000099999999987 0.00000000099999999987 0.00000000099999999987 0.00000000099999999987 
0.00000000099999999975 0.00000000099999999975 0.00000000099999999975 0.00000000099999999975 0.99999999200000011523 0.00000000099999999975 0.00000000099999999975 0.00000000099999999975 0.00000000099999999975 
0.37853354660700988532 0.21649629628405600568 0.00000000099999999995 0.00000000099999999995 0.25600470044796075353 0.05330628647162403283 0.00000000099999999995 0.00000000099999999995 0.09565916618934938720 
0.43349381563036709641 0.00000000099999999995 0.00000000099999999995 0.28965123876750620280 0.00000000099999999995 0.27685493960212659292 0.00000000099999999995 0.00000000099999999995 0.00000000099999999995 
0.99999999200000022626 0.00000000099999999917 0.00000000099999999917 0.00000000099999999917 0.00000000099999999917 0.00000000099999999917 0.00000000099999999917 0.00000000099999999917 0.00000000099999999917 
0.66207994358541155666 0.00000000099999999990 0.00000000099999999990 0.00000000099999999990 0.00000000099999999990 0.00000000099999999990 0.00000000099999999990 0.00000000099999999990 0.33792004941458858580 
0.15626447458792500078 0.00000000099999999971 0.00000000099999999971 0.00000000099999999971 0.00000000099999999971 0.00000000099999999971 0.00000000099999999971 0.00000000099999999971 0.84373551841207505841 
0.00000000099999999990 0.54000823869628766793 0.00000000099999999990 0.00000000099999999990 0.43875283599998121664 0.00000000099999999990 0.00000000099999999990 0.00000000099999999990 0.02123891930373110470 
0.00000000099999999976 0.00000000099999999976 0.99999999200000011523 0.00000000099999999976 0.00000000099999999976 0.00000000099999999976 0.00000000099999999976 0.00000000099999999976 0.00000000099999999976 
0.00000000099999999995 0.00000000099999999995 0.00000000099999999995 0.17673253123667007070 0.00000000099999999995 0.00000000099999999995 0.00000000099999999995 0.77364949818556327799 0.04961796457776655039 
0.00000000099999999990 0.53775434690735379739 0.00000000099999999990 0.00000000099999999990 0.44351681782798968445 0.00000000099999999990 0.00000000099999999990 0.00000000099999999990 0.01872882926465666356 
0.00000000099999999983 0.00000000099999999983 0.00000000099999999983 0.00000000099999999983 0.99999999200000000421 0.00000000099999999983 0.00000000099999999983 0.00000000099999999983 0.00000000099999999983 
0.00000000099999999990 0.00000000099999999990 0.00000000099999999990 0.00000000099999999990 0.00000000099999999990 0.00000000099999999990 0.00000000099999999990 0.00000000099999999990 0.99999999200000000421 
0.00000000099999999997 0.00000000099999999997 0.00511119988373251281 0.00000000099999999997 0.00000000099999999997 0.10089792597667068819 0.00417162280035748931 0.86032282086153200051 0.02949642647770726184 
0.00000000099999999993 0.00000000099999999993 0.00000000099999999993 0.00000000099999999993 0.00000000099999999993 0.12987644458643302081 0.00000000099999999993 0.87012354841356698287 0.00000000099999999993 
0.00000000099999999989 0.00000000099999999989 0.00000000099999999989 0.00000000099999999989 0.99999999200000000421 0.00000000099999999989 0.00000000099999999989 0.00000000099999999989 0.00000000099999999989 
0.03717021041965584693 0.00000000099999999997 0.00000000099999999997 0.00000000099999999997 0.89343361168531654215 0.06939617189502769734 0.00000000099999999997 0.00000000099999999997 0.00000000099999999997 
0.00000000099999999994 0.61121465760350712770 0.01776474216631250894 0.00000000099999999994 0.33196262660817460466 0.00000000099999999994 0.01277694258903038990 0.00000000099999999994 0.02628102703297560683 
0.00000000099999999996 0.00000000099999999996 0.00000000099999999996 0.08797358400460444927 0.01208555758941483663 0.00000000099999999996 0.00000000099999999996 0.83779817066213313481 0.06214268274384766172 
0.00000000099999999973 0.00000000099999999973 0.00000000099999999973 0.00000000099999999973 0.00000000099999999973 0.00000000099999999973 0.99999999200000000421 0.00000000099999999973 0.00000000099999999973 
0.00000000099999999998 0.00000000099999999998 0.00000000099999999998 0.00000000099999999998 0.00000000099999999998 0.17217102847371207330 0.04003435218186007782 0.78744618524272547155 0.00034842910170227196 
0.00000000099999999978 0.99999999200000011523 0.00000000099999999978 0.00000000099999999978 0.00000000099999999978 0.00000000099999999978 0.00000000099999999978 0.00000000099999999978 0.00000000099999999978 
0.00000000099999999980 0.00000000099999999980 0.99999999200000011523 0.00000000099999999980 0.00000000099999999980 0.00000000099999999980 0.00000000099999999980 0.00000000099999999980 0.00000000099999999980 
0.00000000099999999956 0.00000000099999999956 0.00000000099999999956 0.00000000099999999956 0.00000000099999999956 0.00000000099999999956 0.99999999199999989319 0.00000000099999999956 0.00000000099999999956 
0.00000000099999999985 0.00000000099999999985 0.00000000099999999985 0.00000000099999999985 0.99999999200000011523 0.00000000099999999985 0.00000000099999999985 0.00000000099999999985 0.00000000099999999985 
0.00000000099999999990 0.52622838965777574138 0.00563367580059821564 0.00000000099999999990 0.46813792854162611379 0.00000000099999999990 0.00000000099999999990 0.00000000099999999990 0.00000000099999999990 
0.00000000099999999983 0.00000000099999999983 0.00000000099999999983 0.00000000099999999983 0.99999999200000011523 0.00000000099999999983 0.00000000099999999983 0.00000000099999999983 0.00000000099999999983 
0.00000000099999999978 0.00000000099999999978 0.00000000099999999978 0.99999999200000011523 0.00000000099999999978 0.00000000099999999978 0.00000000099999999978 0.00000000099999999978 0.00000000099999999978 
0.00000000099999999999 0.08684379624952584531 0.00000000099999999999 0.31888265079507699395 0.00000000099999999999 0.52690222849414947159 0.00724100040457520151 0.06013032005667263286 0.00000000099999999999 
0.00000000099999999986 0.00000000099999999986 0.00000000099999999986 0.00000000099999999986 0.00000000099999999986 0.00000000099999999986 0.00000000099999999986 0.00000000099999999986 0.99999999199999989319 
0.00000000099999999996 0.00000000099999999996 0.00000000099999999996 0.04943937862672251327 0.00000000099999999996 0.00000000099999999996 0.00000000099999999996 0.46420307217202294581 0.48635754320125462735 
0.00000000099999999985 0.00000000099999999985 0.00000000099999999985 0.40832072125525431527 0.00000000099999999985 0.59167927174474566065 0.00000000099999999985 0.00000000099999999985 0.00000000099999999985 
0.00000000099999999996 0.58091796356633917942 0.00000000099999999996 0.00000000099999999996 0.41351885082021466733 0.00000000099999999996 0.00556018164630898547 0.00000000099999999996 0.00000299896713724306 
0.00000000099999999974 0.00000000099999999974 0.00000000099999999974 0.99999999200000000421 0.00000000099999999974 0.00000000099999999974 0.00000000099999999974 0.00000000099999999974 0.00000000099999999974 
0.00000000099999999977 0.00000000099999999977 0.00000000099999999977 0.00000000099999999977 0.00000000099999999977 0.99999999200000011523 0.00000000099999999977 0.00000000099999999977 0.00000000099999999977 
0.00000000099999999977 0.00000000099999999977 0.00000000099999999977 0.99999999200000000421 0.00000000099999999977 0.00000000099999999977 0.00000000099999999977 0.00000000099999999977 0.00000000099999999977 
0.00000000099999999996 0.00000000099999999996 0.00000000099999999996 0.00051845895260958742 0.00000000099999999996 0.16813229147792854712 0.02627222127556357381 0.80507702329389829732 0.00000000099999999996 
0.00000000099999999977 0.00000000099999999977 0.00000000099999999977 0.31640754493329004138 0.00000000099999999977 0.68359244806670993455 0.00000000099999999977 0.00000000099999999977 0.00000000099999999977 
0.00000000099999999985 0.00000000099999999985 0.00000000099999999985 0.60172408359089013530 0.00000000099999999985 0.39778306037297717079 0.00000000099999999985 0.00049285003613274282 0.00000000099999999985 
0.00000000099999999992 0.30427689379882577603 0.00000651898624158452 0.00000000099999999992 0.20968530444386676570 0.00000000099999999992 0.00179442255202368734 0.00000000099999999992 0.48423685621904216658 
0.01492608643447390290 0.00000000099999999999 0.00000000099999999999 0.00000000099999999999 0.00000000099999999999 0.24000799681714432565 0.00000000099999999999 0.73381272849720491358 0.01125318325117672519 
0.00000000786105205730 0.00000000099999999998 0.00000000099999999998 0.22439425984219135701 0.00000000099999999998 0.41406628870937639553 0.00457938348675394468 0.35696005610062619962 0.00000000099999999998 
0.00000000099999999978 0.00000000099999999978 0.00000000099999999978 0.00000000099999999978 0.00000000099999999978 0.99999999200000011523 0.00000000099999999978 0.00000000099999999978 0.00000000099999999978 
0.00000000099999999993 0.00000000099999999993 0.00000000099999999993 0.05628507223944311660 0.00000000099999999993 0.00000000099999999993 0.00632967089981217781 0.93738525086074464543 0.00000000099999999993 
0.00000000099999999989 0.00000000099999999989 0.00000000099999999989 0.57082700566518984608 0.00000000099999999989 0.42917298733481029638 0.00000000099999999989 0.00000000099999999989 0.00000000099999999989 
0.00000000099999999991 0.00000000099999999991 0.00000000099999999991 0.00000000099999999991 0.00000000099999999991 0.03753448977381240725 0.00000000099999999991 0.96246550322618762419 0.00000000099999999991 
0.00000000099999999991 0.00000000099999999991 0.00000000099999999991 0.09795136991776690061 0.00000000099999999991 0.00000000099999999991 0.00000000099999999991 0.90204862308223310308 0.00000000099999999991 
0.00000000099999999982 0.00000000099999999982 0.00000000099999999982 0.00000000099999999982 0.00000000099999999982 0.99999999200000011523 0.00000000099999999982 0.00000000099999999982 0.00000000099999999982 
0.00000000099999999977 0.00000000099999999977 0.00000000099999999977 0.99999999200000011523 0.00000000099999999977 0.00000000099999999977 0.00000000099999999977 0.00000000099999999977 0.00000000099999999977 
0.02054161943965021955 0.07729354534498125706 0.90216482921536866879 0.00000000099999999997 0.00000000099999999997 0.00000000099999999997 0.00000000099999999997 0.00000000099999999997 0.00000000099999999997 
0.00000000099999999991 0.00000000099999999991 0.00000000099999999991 0.12239911062792670216 0.00000000099999999991 0.00000000099999999991 0.00000000099999999991 0.87760088237207323214 0.00000000099999999991 
0.00000000099999999996 0.00000000099999999996 0.00002440790107806179 0.55611651510798054687 0.00000000099999999996 0.42819569985945121759 0.01566337213149029961 0.00000000099999999996 0.00000000099999999996 
0.00000000099999999984 0.00000000099999999984 0.99999999200000011523 0.00000000099999999984 0.00000000099999999984 0.00000000099999999984 0.00000000099999999984 0.00000000099999999984 0.00000000099999999984 
0.00000000099999999987 0.00000000099999999987 0.00000000099999999987 0.00000000099999999987 0.99999999200000011523 0.00000000099999999987 0.00000000099999999987 0.00000000099999999987 0.00000000099999999987 
0.00000000099999999993 0.00000000099999999993 0.00000000099999999993 0.00000000099999999993 0.00000000099999999993 0.05812138940150524125 0.00000000099999999993 0.94187860359849473468 0.00000000099999999993 
0.05237250408107604893 0.00000000099999999990 0.94762748891892401026 0.00000000099999999990 0.00000000099999999990 0.00000000099999999990 0.00000000099999999990 0.00000000099999999990 0.00000000099999999990 
0.00000000099999999986 0.00000000099999999986 0.99999999200000011523 0.00000000099999999986 0.00000000099999999986 0.00000000099999999986 0.00000000099999999986 0.00000000099999999986 0.00000000099999999986 
0.00000000099999999992 0.00000000099999999992 0.98053296205920148498 0.00000000099999999992 0.01946703094079848401 0.00000000099999999992 0.00000000099999999992 0.00000000099999999992 0.00000000099999999992 
0.00000000099999999985 0.00000000099999999985 0.00000000099999999985 0.00000000099999999985 0.00000000099999999985 0.00000000099999999985 0.00000000099999999985 0.00000000099999999985 0.99999999199999989319 
0.00000000099999999992 0.00000000099999999992 0.38412731270308109188 0.00000000099999999992 0.00000000099999999992 0.00000000099999999992 0.00000000099999999992 0.00000000099999999992 0.61587268029691888405 
0.00000164754975318046 0.05214671068408738980 0.27256366773340684473 0.14385146910016319288 0.00000000099999999999 0.00000000099999999999 0.01404115038767956083 0.00000000099999999999 0.51739535154490967628 
0.00000000099999999990 0.00000000099999999990 0.00000000099999999990 0.00000000099999999990 0.00000000099999999990 0.00000000099999999990 0.00000000099999999990 0.00000000099999999990 0.99999999200000000421 
0.00000000099999999979 0.99999999200000011523 0.00000000099999999979 0.00000000099999999979 0.00000000099999999979 0.00000000099999999979 0.00000000099999999979 0.00000000099999999979 0.00000000099999999979 
0.00000000099999999983 0.00000000099999999983 0.99999999200000011523 0.00000000099999999983 0.00000000099999999983 0.00000000099999999983 0.00000000099999999983 0.00000000099999999983 0.00000000099999999983 
0.00000000099999999987 0.00000000099999999987 0.35184581414287030565 0.00000000099999999987 0.00000000099999999987 0.00000000099999999987 0.01156779516825811975 0.00000000099999999987 0.63658638468887140949 
0.00000000099999999990 0.00000000099999999990 0.37888995370990924405 0.00000000099999999990 0.00000000099999999990 0.00000000099999999990 0.01709538068679323369 0.00000000099999999990 0.60401465960329747684 
0.00000000099999999998 0.00000000099999999998 0.86392484713499806404 0.00000000099999999998 0.09116219863356171682 0.00000000099999999998 0.03170942257145393378 0.00000000099999999998 0.01320352665998630187 
0.07076931925171381366 0.08813149769899125685 0.01067914296356666307 0.00000000100000000000 0.08427879232766687101 0.01308395948551892285 0.01000539826358975114 0.18289744103752850202 0.54015444797142431188 
0.00150485933360182118 0.43507893457926183345 0.06943970002375723927 0.00000000100000000000 0.35513273654011479064 0.01791445853666915125 0.00269025599959009983 0.11823905298700508604 0.00000000100000000000 
0.00000000099999999988 0.00000000099999999988 0.00000000099999999988 0.00000000099999999988 0.00000000099999999988 0.00000000099999999988 0.00000000099999999988 0.00000000099999999988 0.99999999199999989319 
0.00000000099999999995 0.00000029558060724462 0.99999969741939287449 0.00000000099999999995 0.00000000099999999995 0.00000000099999999995 0.00000000099999999995 0.00000000099999999995 0.00000000099999999995 
0.00000000099999999983 0.00000000099999999983 0.00000000099999999983 0.00000000099999999983 0.99999999200000011523 0.00000000099999999983 0.00000000099999999983 0.00000000099999999983 0.00000000099999999983 
0.00000000099999999996 0.49493750190956764534 0.03786352152894614104 0.00000000099999999996 0.44742347362824425039 0.00000000099999999996 0.00000000099999999996 0.00000000099999999996 0.01977549793324213587 
0.00000000099999999986 0.00000000099999999986 0.00000000099999999986 0.00000000099999999986 0.00000000099999999986 0.00000000099999999986 0.00000000099999999986 0.00000000099999999986 0.99999999199999989319 
0.00000000099999999993 0.58115505262631628192 0.00001408546166969779 0.00000000099999999993 0.41376007232331935004 0.00000000099999999993 0.00000000099999999993 0.00000000099999999993 0.00507078458869486548 
0.00000000099999999990 0.00000000099999999990 0.37743871661932854034 0.00000000099999999990 0.00000000099999999990 0.00000000099999999990 0.00065459330257191964 0.00000000099999999990 0.62190668407809945872 
0.00000000099999999997 0.00000000099999999997 0.00000000099999999997 0.00155467711525401615 0.00000000099999999997 0.03463067911625886119 0.00000000099999999997 0.00000000099999999997 0.96381463776848708136 
0.00000000099999999990 0.00000000099999999990 0.94136328967579852023 0.00000000099999999990 0.05863670332420153203 0.00000000099999999990 0.00000000099999999990 0.00000000099999999990 0.00000000099999999990 
0.00000000099999999994 0.05399289794066310100 0.00000000099999999994 0.00000000099999999994 0.00000000099999999994 0.00000000099999999994 0.00000000099999999994 0.00000000099999999994 0.94600709505933688881 
0.00000000099999999993 0.43438044365533595714 0.05125648798402884093 0.00000000099999999993 0.49976180535956760131 0.00000000099999999993 0.00000000099999999993 0.00000000099999999993 0.01460125800106753385 
0.00000000099999999986 0.00000000099999999986 0.00000000099999999986 0.52132903914878103713 0.00000000099999999986 0.47867095385121899431 0.00000000099999999986 0.00000000099999999986 0.00000000099999999986 
0.00000000099999999973 0.00000000099999999973 0.00000000099999999973 0.60351854079947042653 0.00000000099999999973 0.39648145220052966042 0.00000000099999999973 0.00000000099999999973 0.00000000099999999973 
0.00000000099999999992 0.00000000099999999992 0.00000000099999999992 0.00000000099999999992 0.00000000099999999992 0.07441946400712269594 0.02901460294120403877 0.89656592705167326152 0.00000000099999999992 
0.00000000099999999991 0.00000000099999999991 0.00000000099999999991 0.00004254201856460648 0.00000000099999999991 0.09688647211622325450 0.00000000099999999991 0.90307097986521200905 0.00000000099999999991 
0.05074347420942804110 0.01236053002770071303 0.86582500774771331553 0.00000023000445804917 0.00000000099999999999 0.02788048729586847449 0.04318960564682527981 0.00000066306800600632 0.00000000099999999999 
0.00000000099999999994 0.00000000099999999994 0.00000000099999999994 0.12891477360367273319 0.00000000099999999994 0.00000000099999999994 0.00000000099999999994 0.78864640945086006418 0.08243881094546713639 
0.00000000099999999994 0.00000000099999999994 0.00000000099999999994 0.07212568046952551326 0.00000000099999999994 0.00000000099999999994 0.00000000099999999994 0.92787431253047436552 0.00000000099999999994 
0.00000000099999999998 0.00000000099999999998 0.86951801587159394114 0.00000000099999999998 0.00000011135130917622 0.13048186677709691650 0.00000000099999999998 0.00000000099999999998 0.00000000099999999998 
0.00000000099999999998 0.00000000099999999998 0.00000000099999999998 0.12066283273767343387 0.12342056507605066173 0.03205160820281302558 0.02014755051169375352 0.70165736778933340823 0.00206007268243579497 
0.00000000099999999969 0.00000000099999999969 0.00000000099999999969 0.00000000099999999969 0.00000000099999999969 0.99999999200000000421 0.00000000099999999969 0.00000000099999999969 0.00000000099999999969 
0.00000000099999999998 0.00000000099999999998 0.82179543235333429863 0.00000000099999999998 0.00000000099999999998 0.15882533968906079047 0.00000000099999999998 0.01937922195760499733 0.00000000099999999998 
0.11968992522590179983 0.44742711656628059158 0.00000000099999999986 0.00000000099999999986 0.43288295220781769501 0.00000000099999999986 0.00000000099999999986 0.00000000099999999986 0.00000000099999999986 
0.00000000099999999981 0.00000000099999999981 0.99999999200000011523 0.00000000099999999981 0.00000000099999999981 0.00000000099999999981 0.00000000099999999981 0.00000000099999999981 0.00000000099999999981 
0.00000000099999999985 0.00000000099999999985 0.00000000099999999985 0.00000000099999999985 0.00000000099999999985 0.00000000099999999985 0.00000000099999999985 0.00000000099999999985 0.99999999199999989319 
0.00000000099999999993 0.57564105583308300407 0.00000000099999999993 0.00000000099999999993 0.42435893716691702737 0.00000000099999999993 0.00000000099999999993 0.00000000099999999993 0.00000000099999999993 
0.00000000099999999994 0.00000000099999999994 0.00000000099999999994 0.00175799826236061911 0.00000000099999999994 0.05489661795932070792 0.00000000099999999994 0.94334537777831861671 0.00000000099999999994 
0.02449182481658338656 0.00000000100000000000 0.15603083126289551963 0.00815334980442179551 0.00000000100000000000 0.08675142968240270869 0.00000000100000000000 0.72426451750461640078 0.00030804392908016781 
0.00000000099999999997 0.00000000099999999997 0.00000000099999999997 0.08710690060371502341 0.00000000099999999997 0.00000315747977124814 0.00000000099999999997 0.91288993591651368398 0.00000000099999999997 
0.00000000099999999994 0.00000000099999999994 0.00000000099999999994 0.00000000099999999994 0.00000000099999999994 0.12888374885672507220 0.00000000099999999994 0.87111624414327482047 0.00000000099999999994 
0.00000000099999999998 0.00000005209780347658 0.00000000099999999998 0.11010133538025182465 0.00498890392033063054 0.00000019704940828814 0.00000000099999999998 0.88490950755220576518 0.00000000099999999998 
0.00000000099999999987 0.00000000099999999987 0.00000000099999999987 0.00000000099999999987 0.00000000099999999987 0.16381886018321831222 0.00000000099999999987 0.83618113281678174697 0.00000000099999999987 
0.02019975971420459593 0.59113973047458601151 0.00000000542366759215 0.00000000099999999993 0.38592472975370939459 0.00000000099999999993 0.00000000099999999993 0.00000000099999999993 0.00273577063383242990 
0.00000000099999999992 0.00000000099999999992 0.00000000099999999992 0.00000000099999999992 0.00000000099999999992 0.00000000099999999992 0.00000000099999999992 0.00000000099999999992 0.99999999200000000421 
0.01305885224142282024 0.57809816414234438398 0.00000000099999999992 0.00000000099999999992 0.40884297761623289436 0.00000000099999999992 0.00000000099999999992 0.00000000099999999992 0.00000000099999999992 
0.00000000099999999988 0.99999999200000022626 0.00000000099999999988 0.00000000099999999988 0.00000000099999999988 0.00000000099999999988 0.00000000099999999988 0.00000000099999999988 0.00000000099999999988 
0.00000000099999999982 0.00000000099999999982 0.00000000099999999982 0.00000000099999999982 0.00000000099999999982 0.00000000099999999982 0.00000000099999999982 0.00000000099999999982 0.99999999199999989319 
0.00000000099999999974 0.00000000099999999974 0.99999999200000000421 0.00000000099999999974 0.00000000099999999974 0.00000000099999999974 0.00000000099999999974 0.00000000099999999974 0.00000000099999999974 
0.00000000099999999983 0.00000000099999999983 0.99999999200000011523 0.00000000099999999983 0.00000000099999999983 0.00000000099999999983 0.00000000099999999983 0.00000000099999999983 0.00000000099999999983 
0.00000000099999999986 0.49941290599457260901 0.00000000099999999986 0.00000000099999999986 0.50058708700542753345 0.00000000099999999986 0.00000000099999999986 0.00000000099999999986 0.00000000099999999986 
0.00000000099999999989 0.56684145772448968348 0.00000000099999999989 0.00000000099999999989 0.43315853527551051450 0.00000000099999999989 0.00000000099999999989 0.00000000099999999989 0.00000000099999999989 
0.00000000099999999988 0.39450224945104017671 0.00000000099999999988 0.00000000099999999988 0.60549774354895979922 0.00000000099999999988 0.00000000099999999988 0.00000000099999999988 0.00000000099999999988 
0.00000000099999999984 0.00000000099999999984 0.99999999200000011523 0.00000000099999999984 0.00000000099999999984 0.00000000099999999984 0.00000000099999999984 0.00000000099999999984 0.00000000099999999984 
0.00000000099999999993 0.00000000099999999993 0.97397917248983889582 0.00000000099999999993 0.02602082051016125358 0.00000000099999999993 0.00000000099999999993 0.00000000099999999993 0.00000000099999999993 
0.00000000099999999980 0.00000000099999999980 0.00000000099999999980 0.00000000099999999980 0.99999999200000000421 0.00000000099999999980 0.00000000099999999980 0.00000000099999999980 0.00000000099999999980 
0.00000000099999999985 0.00000000099999999985 0.00000000099999999985 0.00000000099999999985 0.00000000099999999985 0.00000000099999999985 0.00000000099999999985 0.00000000099999999985 0.99999999200000000421 
0.00000000099999999996 0.00000000099999999996 0.02524585020279930189 0.00000000099999999996 0.94316797549806230538 0.00000000099999999996 0.03158616273105422506 0.00000000099999999996 0.00000000656808434814 
0.00000000099999999976 0.00000000099999999976 0.99999999200000011523 0.00000000099999999976 0.00000000099999999976 0.00000000099999999976 0.00000000099999999976 0.00000000099999999976 0.00000000099999999976 
0.00000000099999999988 0.41180204635053635487 0.00000000099999999988 0.00000000099999999988 0.58819794664946356555 0.00000000099999999988 0.00000000099999999988 0.00000000099999999988 0.00000000099999999988 
0.00000000099999999998 0.00171172566513544747 0.00000000099999999998 0.14838826586691247766 0.00000000099999999998 0.00000006492650269636 0.01288697868802357767 0.80704362093695314329 0.02996934091647272466 
0.00000000099999999992 0.00759436163759772982 0.83905754841128865618 0.00000000099999999992 0.00000000099999999992 0.00000000099999999992 0.00000000099999999992 0.00000000099999999992 0.15334808395111371171 
0.00000000099999999996 0.00000000099999999996 0.00000000099999999996 0.04789594446288865381 0.08285560074944710307 0.00026809024671802119 0.01327623587721280495 0.85570412466373346749 0.00000000099999999996 
0.00000000099999999976 0.00000000099999999976 0.99999999200000000421 0.00000000099999999976 0.00000000099999999976 0.00000000099999999976 0.00000000099999999976 0.00000000099999999976 0.00000000099999999976 
0.00000000099999999983 0.00000000099999999983 0.00000000099999999983 0.00000000099999999983 0.99999999200000011523 0.00000000099999999983 0.00000000099999999983 0.00000000099999999983 0.00000000099999999983 
0.00000000099999999988 0.34266049281725474707 0.00000000099999999988 0.00000000099999999988 0.65733950018274522886 0.00000000099999999988 0.00000000099999999988 0.00000000099999999988 0.00000000099999999988 
0.00000000099999999981 0.00000000099999999981 0.99999999200000000421 0.00000000099999999981 0.00000000099999999981 0.00000000099999999981 0.00000000099999999981 0.00000000099999999981 0.00000000099999999981 
0.00000000099999999988 0.40256255258413087272 0.00000000099999999988 0.00000000099999999988 0.59743744041586910321 0.00000000099999999988 0.00000000099999999988 0.00000000099999999988 0.00000000099999999988 
0.02664018707485613438 0.21311311915072048140 0.00000042179764537589 0.00000000100000000000 0.44089417059688784661 0.06252818051963623946 0.06846261442272291720 0.16663192586038463872 0.02172937957714634119 
0.02329212282889353905 0.00000000099999999986 0.97670787017110660688 0.00000000099999999986 0.00000000099999999986 0.00000000099999999986 0.00000000099999999986 0.00000000099999999986 0.00000000099999999986 
0.00000000099999999987 0.99999999200000022626 0.00000000099999999987 0.00000000099999999987 0.00000000099999999987 0.00000000099999999987 0.00000000099999999987 0.00000000099999999987 0.00000000099999999987 
0.00000000099999999992 0.00000000099999999992 0.00000000099999999992 0.58243443558210505895 0.00000000099999999992 0.29179550919824226440 0.00000506490183363418 0.12576498531781898915 0.00000000099999999992 
0.00000000099999999948 0.00000000099999999948 0.00000000099999999948 0.00000000099999999948 0.00000000099999999948 0.00000000099999999948 0.99999999199999989319 0.00000000099999999948 0.00000000099999999948 
0.00000000099999999988 0.00000000099999999988 0.00000000099999999988 0.07306820930799791391 0.00000000099999999988 0.00000000099999999988 0.00000000099999999988 0.92693178369200213140 0.00000000099999999988 
0.00000000099999999993 0.00000000099999999993 0.00000000099999999993 0.00000000099999999993 0.00000000099999999993 0.10459175232140235923 0.00000000099999999993 0.89540824067859769997 0.00000000099999999993 
0.00000000099999999995 0.00000000099999999995 0.00000000099999999995 0.06356825365096206715 0.00000000099999999995 0.00000000099999999995 0.00000000099999999995 0.93643173934903800593 0.00000000099999999995 
0.00000000099999999995 0.00000000099999999995 0.00000000099999999995 0.06864592527822552248 0.00000000099999999995 0.00000001698993599958 0.00000000099999999995 0.93135405173183849481 0.00000000099999999995 
0.01539963748673424740 0.00000000099999999996 0.00000000099999999996 0.00000000099999999996 0.00000000099999999996 0.10152544248214577516 0.00000000099999999996 0.88307491403111992856 0.00000000099999999996 
0.02410523538783553715 0.00000000099999999999 0.00000000099999999999 0.00000000099999999999 0.07902144087423991492 0.23602736853485378754 0.00191841629847318024 0.65892753490459743393 0.00000000099999999999 
0.00000000099999999990 0.00000000099999999990 0.00000000099999999990 0.04562304676850159613 0.00000000099999999990 0.00000000099999999990 0.00000000099999999990 0.95437694623149826878 0.00000000099999999990 
0.00000000099999999976 0.00000000099999999976 0.99999999200000011523 0.00000000099999999976 0.00000000099999999976 0.00000000099999999976 0.00000000099999999976 0.00000000099999999976 0.00000000099999999976 
0.00000000099999999996 0.00000000099999999996 0.00000000099999999996 0.11347736675410650953 0.00000000099999999996 0.00000000099999999996 0.01472196537167628182 0.87180066187421711987 0.00000000099999999996 
0.00000000099999999952 0.00000000099999999952 0.00000000099999999952 0.00000000099999999952 0.00000000099999999952 0.00000000099999999952 0.99999999200000000421 0.00000000099999999952 0.00000000099999999952 
0.00000000099999999994 0.00000000099999999994 0.00000000099999999994 0.00000000099999999994 0.00000000099999999994 0.10004029550851477326 0.00000000099999999994 0.89995969749148518879 0.00000000099999999994 
0.00000000099999999976 0.00000000099999999976 0.00000000099999999976 0.99999999200000000421 0.00000000099999999976 0.00000000099999999976 0.00000000099999999976 0.00000000099999999976 0.00000000099999999976 
0.00000000099999999988 0.40284027978917302804 0.00000000099999999988 0.00000000099999999988 0.59715971321082705892 0.00000000099999999988 0.00000000099999999988 0.00000000099999999988 0.00000000099999999988 
0.00000000099999999980 0.00000000099999999980 0.00000000099999999980 0.31346040954982556936 0.00000000099999999980 0.68653958345017429554 0.00000000099999999980 0.00000000099999999980 0.00000000099999999980 
0.00000000099999999983 0.00000000099999999983 0.00000000099999999983 0.41310657398863637191 0.00000000099999999983 0.58689341901136360402 0.00000000099999999983 0.00000000099999999983 0.00000000099999999983 
0.00000000099999999997 0.01385428639338908037 0.00527680611496671604 0.12601966703187483798 0.00000000099999999997 0.00000000099999999997 0.00206528076604110345 0.84323509170621746556 0.00954886498751075959 
0.00000000099999999995 0.00000000099999999995 0.00000000099999999995 0.05547115686547518520 0.00000000099999999995 0.08399803923590755395 0.00000000099999999995 0.83514422243511843291 0.02538657646349875771 
0.00000000099999999975 0.00000000099999999975 0.00000000099999999975 0.00000000099999999975 0.00000000099999999975 0.99999999200000011523 0.00000000099999999975 0.00000000099999999975 0.00000000099999999975 
0.00000000099999999977 0.00000000099999999977 0.00000000099999999977 0.99999999200000000421 0.00000000099999999977 0.00000000099999999977 0.00000000099999999977 0.00000000099999999977 0.00000000099999999977 
0.00000000099999999995 0.00000000099999999995 0.00000000099999999995 0.00000005682668113817 0.00000000099999999995 0.13319399983647267627 0.00000000099999999995 0.86680593733684607738 0.00000000099999999995 
0.00000000099999999986 0.66270645302197894733 0.00000000099999999986 0.00000000099999999986 0.33729353997802119514 0.00000000099999999986 0.00000000099999999986 0.00000000099999999986 0.00000000099999999986 
0.00000000099999999998 0.00000000099999999998 0.01964749038829374447 0.15392350414462505070 0.00000000099999999998 0.00000000099999999998 0.00806109810311470866 0.81836790236396639298 0.00000000099999999998 
0.00000000099999999974 0.00000000099999999974 0.00000000099999999974 0.00000000099999999974 0.00000000099999999974 0.99999999200000011523 0.00000000099999999974 0.00000000099999999974 0.00000000099999999974 
0.00000000099999999997 0.00000000099999999997 0.00000000099999999997 0.00000000099999999997 0.00000000099999999997 0.11964996054862608865 0.00000000099999999997 0.85049300511981074102 0.02985702833156315267 
0.00000000099999999997 0.00000000099999999997 0.00000000099999999997 0.05896524212917816227 0.00000000099999999997 0.05667226287711058658 0.00000000099999999997 0.88436248899371117105 0.00000000099999999997 
0.00000000099999999984 0.00000000099999999984 0.00000000099999999984 0.25647444691598408895 0.00000000099999999984 0.74352554608401588698 0.00000000099999999984 0.00000000099999999984 0.00000000099999999984 
0.00000000099999999976 0.99999999200000011523 0.00000000099999999976 0.00000000099999999976 0.00000000099999999976 0.00000000099999999976 0.00000000099999999976 0.00000000099999999976 0.00000000099999999976 
0.00000000099999999983 0.00000000099999999983 0.00000000099999999983 0.00000000099999999983 0.00000000099999999983 0.99999999200000000421 0.00000000099999999983 0.00000000099999999983 0.00000000099999999983 
0.00000000099999999997 0.00000000099999999997 0.00356278411684472903 0.00000000099999999997 0.00000000099999999997 0.08961324270062537289 0.00000000099999999997 0.90682396718252977763 0.00000000099999999997 
0.00000002687214649393 0.00000000099999999999 0.00000000204228523425 0.08402229110434024373 0.00003130925182208627 0.00000000099999999999 0.00000000099999999999 0.87508450247872393568 0.04086186525068211117 
0.00000000099999999993 0.00000000099999999993 0.00000000099999999993 0.00000000099999999993 0.00000000099999999993 0.10519799403931275050 0.00000000099999999993 0.88982272999308820172 0.00497926996759900237 
0.00000000099999999988 0.40551391918863644026 0.00000000099999999988 0.00000000099999999988 0.59448607381136353567 0.00000000099999999988 0.00000000099999999988 0.00000000099999999988 0.00000000099999999988 
0.00000000099999999996 0.00000000099999999996 0.00000000099999999996 0.00000000099999999996 0.00000000099999999996 0.12567963423728029104 0.00000000099999999996 0.73427447304701798370 0.14004588671570158964 
0.00000000099999999996 0.00000000099999999996 0.00000000099999999996 0.00000000099999999996 0.00000000099999999996 0.14596768896125625337 0.00632138052559615225 0.84771091748314253422 0.00000000803000499603 
0.00000000099999999990 0.00000000099999999990 0.00000000099999999990 0.00000000099999999990 0.00000000099999999990 0.02343867950618208282 0.00000000099999999990 0.97656131349381791740 0.00000000099999999990 
0.00674842927160905319 0.00000000099999999998 0.00000000099999999998 0.05627394907193368490 0.00000000099999999998 0.00000000099999999998 0.01768715895518705936 0.91929045770127015835 0.00000000099999999998 
0.00000000099999999996 0.00000000099999999996 0.00000000099999999996 0.99999989346148876468 0.00000000099999999996 0.00000000099999999996 0.00000000099999999996 0.00000009953851133636 0.00000000099999999996 
0.00000000099999999996 0.88707845949159103149 0.00000000099999999996 0.11292153350840898607 0.00000000099999999996 0.00000000099999999996 0.00000000099999999996 0.00000000099999999996 0.00000000099999999996 
0.00000000099999999997 0.00000000099999999997 0.00000000099999999997 0.09471273433523513807 0.00000000099999999997 0.00000000099999999997 0.00000000099999999997 0.83719933097660548249 0.06808792868815929933 
0.00000000099999999967 0.00000000099999999967 0.00000000099999999967 0.99999999200000011523 0.00000000099999999967 0.00000000099999999967 0.00000000099999999967 0.00000000099999999967 0.00000000099999999967 
0.00000000099999999993 0.00000000099999999993 0.00000000099999999993 0.00000000099999999993 0.00000000099999999993 0.99999999200000000421 0.00000000099999999993 0.00000000099999999993 0.00000000099999999993 
0.00000000099999999997 0.00000000099999999997 0.05261142162578744119 0.66229359719780978022 0.00000000099999999997 0.00000004756296355712 0.00000000099999999997 0.28509492861343932457 0.00000000099999999997 
0.00000000099999999997 0.47842623533986472495 0.00000000099999999997 0.42684434435914159200 0.00000000099999999997 0.00000000099999999997 0.00000000099999999997 0.09471661930896498049 0.00001279599202856442 
0.00000000099999999986 0.00000000099999999986 0.00000000099999999986 0.00000000099999999986 0.00000000099999999986 0.05040164401427887908 0.00000000099999999986 0.94959834898572115236 0.00000000099999999986 
0.00000000100000000000 0.20596094569515335793 0.06327973181907171896 0.00027309517870815315 0.20712173210572998316 0.12376700333247485364 0.02225604378733092234 0.37734143689637172914 0.00000001018515934038 
0.00000000099999999996 0.00000000099999999996 0.00000000099999999996 0.00003282614125166140 0.00000000099999999996 0.07399101541809388616 0.00000000099999999996 0.71777443855063671752 0.20820171489001779164 
0.00000000099999999998 0.00000000099999999998 0.00000000099999999998 0.00000000099999999998 0.00000000099999999998 0.00000000099999999998 0.00000000099999999998 0.99999999199999989319 0.00000000099999999998 
