0.00000536530194474180 0.66910150468251594624 0.33089313001553927185 
0.05935267699406684277 0.93841518683120839217 0.00223213617472474033 
0.05238389797388395136 0.93726913864248118102 0.01034696338363480690 
0.03090304215999294113 0.95738864211736585119 0.01170831572264121115 
0.01096160218835825519 0.97885584369144496009 0.01018255412019670320 
0.02673547427828995224 0.96707370546787696508 0.00619082025383312692 
0.99999999799999994554 0.00000000099999999995 0.00000000099999999995 
0.00000000099999999996 0.99999999800000005656 0.00000000099999999996 
0.00647730169455877289 0.99132750219061727126 0.00219519611482404476 
0.99999999799999994554 0.00000000099999999996 0.00000000099999999996 
0.99999992240105783914 0.00000000099999999997 0.00000007659894210405 
0.99999987053185912522 0.00000000099999999998 0.00000012846814100162 
0.70584125135737141310 0.13627774703597361761 0.15788100160665499705 
0.67254655879905489435 0.13431691934682224443 0.19313652185412286122 
0.27547608854509275655 0.21705287684743596044 0.50747103460747122750 
0.99999999800000005656 0.00000000099999999996 0.00000000099999999996 
0.60943388578753876494 0.12581335127647261252 0.26475276293598865029 
0.11097308309172643215 0.61107683792542355494 0.27795007898285006842 
0.00000000099999999991 0.00000000099999999991 0.99999999799999994554 
0.33977152306656738245 0.04343599315362296764 0.61679248377980977480 
0.71023941767549536586 0.10760592276576166904 0.18215465955874299286 
0.99999998427549285918 0.00000000099999999997 0.00000001472450726130 
0.00000000099999999994 0.00000000099999999994 0.99999999799999994554 
0.06134848324481829290 0.93597483337953668592 0.00267668337564510488 
0.99999999799999994554 0.00000000099999999997 0.00000000099999999997 
0.99999999799999994554 0.00000000099999999997 0.00000000099999999997 
0.69683790035390413831 0.14223874915524456486 0.16092335049085124132 
0.03780295665446802011 0.93815067433760890303 0.02404636900792312890 
0.00011260943935234883 0.98506517494874412666 0.01482221561190365071 
0.99999825415603205148 0.00000145091166528204 0.00000029493230264375 
0.89077595380729679420 0.07617659895129731684 0.03304744724140575018 
0.96973841203595201321 0.00000000099999999999 0.03026158696404797691 
0.08960440981647611880 0.91033399248525881386 0.00006159769826511894 
0.00000005222114946970 0.29707479526431085359 0.70292515251453968617 
0.00968694520458920558 0.94848635780439460863 0.04182669699101605049 
0.99993144838775560590 0.00000000099999999998 0.00006855061224448264 
0.00000000099999999994 0.00000000099999999994 0.99999999800000005656 
0.01905723116981809448 0.27380486704328915737 0.70713790178689261978 
0.99998871410334777554 0.00000000099999999999 0.00001128489665224178 
0.99211646729394764588 0.00000000099999999997 0.00788353170605236506 
0.99978892500788218989 0.00000000099999999998 0.00021107399211795565 
0.00000000099999999996 0.99999999799999994554 0.00000000099999999996 
0.08156224128172594179 0.91842836732070520789 0.00000939139756877262 
0.70601562238908166513 0.13696401960410006793 0.15702035800681823918 
0.33910661313802742400 0.59139182560826786261 0.06950156125370465787 
0.00000000099999999995 0.99999999800000005656 0.00000000099999999995 
0.99999909506070105980 0.00000000099999999999 0.00000090393929892748 
0.00000000099999999995 0.99999999800000005656 0.00000000099999999995 
0.00000000099999999997 0.99999999799999994554 0.00000000099999999997 
0.00000000099999999996 0.99999999799999994554 0.00000000099999999996 
0.01790474289189353599 0.95882782091122031876 0.02326743619688610709 
0.00000000099999999993 0.99999999799999994554 0.00000000099999999993 
0.00000000099999999994 0.99999999799999994554 0.00000000099999999994 
0.88823831118049301203 0.00084355652530199924 0.11091813229420495468 
0.03581326079871696016 0.93540765457263441718 0.02877908462864860531 
0.00000000099999999999 0.99999999347940393690 0.00000000552059602092 
0.00000000099999999995 0.99999999799999994554 0.00000000099999999995 
0.00543143243009794590 0.96750831546803928163 0.02706025210186277161 
0.00000000099999999996 0.99999999799999994554 0.00000000099999999996 
0.01531288454546822671 0.97060046591156534657 0.01408664954296642326 
0.02534205747545249451 0.97465794152454754418 0.00000000099999999999 
0.00000000099999999997 0.99999999800000005656 0.00000000099999999997 
0.00000000099999999995 0.99999999800000005656 0.00000000099999999995 
0.06800372021441053461 0.00000349189461294785 0.93199278789097661502 
0.00000247365382227709 0.98549051652176544724 0.01450700982441226368 
0.00000000099999999999 0.98950559729291720501 0.01049440170708272786 
0.00000000099999999996 0.00000000099999999996 0.99999999799999994554 
0.99026686347252534937 0.00000000099999999998 0.00973313552747481596 
0.02834444917376270981 0.96489545926958231181 0.00676009155665501047 
0.00000266655816384573 0.00000000099999999998 0.99999733244183619529 
0.00140155090184736469 0.00000000099999999997 0.99859844809815256905 
0.03792327269812708485 0.00000000099999999998 0.96207672630187290874 
0.70320501066850005234 0.13012473800059184970 0.16667025133090809796 
0.36814697653676176081 0.04440732669530989690 0.58744569676792846025 
0.32688960112234277666 0.22979275368389689982 0.44331764519376021250 
0.65779828369959802981 0.13743886724463164062 0.20476284905577038509 
0.99999999799999994554 0.00000000099999999997 0.00000000099999999997 
0.00000000099999999995 0.00000000099999999995 0.99999999800000005656 
0.40600867907933685386 0.01576527937079606409 0.57822604154986700919 
0.36013302447629275127 0.03925855609160466136 0.60060841943210263594 
0.10181052084724524776 0.00000035662078671198 0.89818912253196803164 
0.51379730243948740220 0.28233774276859413543 0.20386495479191854563 
0.80162673398914519041 0.12064993765569127782 0.07772332835516353178 
0.72046428953925301109 0.15610753532255575160 0.12342817513819129283 
0.00384930857263598427 0.00000000099999999998 0.99615069042736414939 
0.99999999799999994554 0.00000000099999999997 0.00000000099999999997 
0.96728229699806245190 0.00000000099999999999 0.03271770200193763883 
0.74750096812342914365 0.10491159327843489757 0.14758743859813591714 
0.99296532715625385190 0.00000000099999999998 0.00703467184374606362 
0.38448116322747954987 0.03837622000466636013 0.57714261676785405530 
0.65089638955254158770 0.19372930439345198428 0.15537430605400653905 
0.07250066720498730966 0.00000000099999999997 0.92749933179501264924 
0.70066711967348560552 0.15823775994281216728 0.14109512038370225495 
0.95566113386366391413 0.00000000099999999998 0.04433886513633603782 
0.00000000099999999995 0.99999999800000005656 0.00000000099999999995 
0.00000000099999999993 0.99999999800000005656 0.00000000099999999993 
0.00872455080141316952 0.97056775425920560618 0.02070769493938125552 
0.00268467854004381199 0.99726818245562831589 0.00004713900432785971 
0.01529109945443864541 0.03889210752513325847 0.94581679302042809265 
0.05035267233749256971 0.92163574381178026140 0.02801158385072714807 
0.01330864350890705733 0.97205938205795072715 0.01463197443314219644 
0.02725411360254353585 0.11121789658273770196 0.86152798981471878648 
0.15203928490332610513 0.83201214884237140179 0.01594856625430250349 
0.00000000099999999995 0.99999999799999994554 0.00000000099999999995 
0.01468621596036655090 0.16423472669361269261 0.82107905734602082415 
0.92735738189622485272 0.00000000099999999997 0.07264261710377523107 
0.00000000099999999995 0.00000000099999999995 0.99999999799999994554 
0.68379462888210018612 0.12271449043363305553 0.19349088068426673059 
0.99999999799999994554 0.00000000099999999998 0.00000000099999999998 
0.00000006700045063695 0.96191569906966944981 0.03808423392987997369 
0.03501727091827343957 0.77369973792062685103 0.19128299116109959144 
0.02682727477255102480 0.95321876970326235856 0.01995395552418668603 
0.02986060998810722428 0.96430996180504047199 0.00582942820685218317 
0.05118219561097627629 0.94881582218203508461 0.00000198220698862963 
0.00134397193686212869 0.99865575289224972622 0.00000027517088820509 
0.98476133438027846356 0.00000000099999999998 0.01523866461972145717 
0.68265370270594949442 0.13399031385072882050 0.18335598344332182386 
0.98994469925254868770 0.00000000099999999998 0.01005529974745149845 
0.99994696554905082575 0.00000000099999999999 0.00005303345094916004 
0.73960248894268043607 0.09925152897715795730 0.16114598208016170378 
0.00000000099999999993 0.00000000099999999993 0.99999999800000005656 
0.00000000099999999995 0.00000000099999999995 0.99999999800000005656 
0.99999999800000005656 0.00000000099999999996 0.00000000099999999996 
0.99999999799999994554 0.00000000099999999996 0.00000000099999999996 
0.99995497687470047410 0.00000000099999999997 0.00004502212529953896 
0.00000780391559121530 0.00000000099999999996 0.99999219508440873039 
0.03561037868393531619 0.00000000099999999999 0.96438962031606456637 
0.99999999799999994554 0.00000000099999999996 0.00000000099999999996 
0.73381456979032355648 0.11103604127001019675 0.15514938893966631617 
0.93583105267529598237 0.00000407651698107186 0.06416487080772299845 
0.00000000099999999993 0.00000000099999999993 0.99999999800000005656 
0.99994022644632396535 0.00000000099999999997 0.00005977255367604288 
0.04509687159459511291 0.93405119688859972182 0.02085193151680517221 
0.11878849516885801874 0.00000000099999999998 0.88121150383114188465 
0.11108293927682821867 0.88789448815368920975 0.00102257256948259782 
0.00000000099999999995 0.00000000099999999995 0.99999999799999994554 
0.99995983845488045638 0.00000000099999999998 0.00004016054511966118 
0.99999999800000005656 0.00000000099999999997 0.00000000099999999997 
0.00000000099999999995 0.00000000099999999995 0.99999999799999994554 
0.99999999800000005656 0.00000000099999999996 0.00000000099999999996 
0.68478059007485836407 0.24625802125376114460 0.06896138867138036643 
0.00000000099999999996 0.00000000099999999996 0.99999999799999994554 
0.99863852779313533325 0.00000000099999999999 0.00136147120686467204 
0.00000000099999999998 0.99999999799999994554 0.00000000099999999998 
0.00000000099999999999 0.27855184830276175090 0.72144815069723811085 
0.00000011823608786144 0.98286775621161182048 0.01713212555230032505 
0.00000007609460360869 0.97667664853615743237 0.02332327536923903613 
0.00077281819853071562 0.96018203382166589233 0.03904514797980340735 
0.02246323447602028428 0.96250377470013426251 0.01503299082384545494 
0.02003612907685062630 0.94856803747132467652 0.03139583345182467983 
0.09885014077792866893 0.86603574330983135177 0.03511411591224008338 
0.00005426854253664867 0.97528593741080915613 0.02465979404665424868 
0.00000000099999999994 0.00000000099999999994 0.99999999800000005656 
0.02256366924528259432 0.95999687256916410583 0.01743945818555333455 
0.00000000099999999999 0.26756488313677340152 0.73243511586322651574 
0.00000574872063166537 0.97723447561184251242 0.02275977566752588124 
0.00000000099999999994 0.99999999800000005656 0.00000000099999999994 
0.99999999800000005656 0.00000000099999999996 0.00000000099999999996 
0.00000000099999999994 0.99999999799999994554 0.00000000099999999994 
0.00000000099999999994 0.99999999799999994554 0.00000000099999999994 
0.05208349001411027857 0.92442909431324526981 0.02348741567264440652 
0.01624273128352694134 0.95469503994982662931 0.02906222876664643281 
0.00000000099999999997 0.99999999800000005656 0.00000000099999999997 
0.00000000099999999995 0.99999999799999994554 0.00000000099999999995 
0.01757156444797075209 0.96175081557527253295 0.02067761997675655189 
0.99999999800000005656 0.00000000099999999996 0.00000000099999999996 
0.01977225139929822059 0.94010041220762163849 0.04012733639308025541 
0.00000000099999999995 0.99999999800000005656 0.00000000099999999995 
0.03882083080118831769 0.93421682776547765314 0.02696234143333389385 
0.03118548712882563204 0.96707997416509872135 0.00173453870607554361 
0.00000021585925130063 0.99999978314074866592 0.00000000099999999999 
0.99999999799999994554 0.00000000099999999997 0.00000000099999999997 
0.00000000099999999997 0.99999999799999994554 0.00000000099999999997 
0.02133489982027101176 0.95726618119786166528 0.02139891898186729868 
0.05325021763743592595 0.91698821048209355755 0.02976157188047054078 
0.04142026182354235919 0.95856736674616072058 0.00001237143029694393 
0.99999999800000005656 0.00000000099999999996 0.00000000099999999996 
0.09161083842786822695 0.85939099918355532637 0.04899816238857646750 
0.04194980825307724481 0.95803618657977973605 0.00001400516714295117 
0.02895771851887967221 0.97041786780221606090 0.00062441367890428998 
0.00122703993353516440 0.95489399745737069125 0.04387896260909410207 
0.03160606956017089630 0.96839392943982904871 0.00000000099999999999 
0.87103063441725703253 0.12896875731120169273 0.00000060827154133300 
0.06786268031309102000 0.91139399224207395811 0.02074332744483507046 
0.00000000099999999993 0.99999999800000005656 0.00000000099999999993 
0.00000189593143951388 0.99992712050775889310 0.00007098356080166721 
0.00000012990273983241 0.94884751219038243608 0.05115235790687781836 
0.46002109123127588042 0.53997887416804979388 0.00000003460067424703 
0.00076445401821969205 0.99895194213146543127 0.00028360385031495587 
0.43022362304575434422 0.48244767182107206605 0.08732870513317367300 
0.12733686994180740126 0.83749473617377312440 0.03516839388441946740 
0.03727438590690648063 0.95754401241549091939 0.00518160167760252539 
0.39596848599199174767 0.60403151300800816959 0.00000000100000000000 
0.03189860284109579530 0.96795021461823294029 0.00015118254067124259 
0.00058600266890760104 0.17624478591893880108 0.82316921141215360080 
0.70419392377937994887 0.12525935026951334761 0.17054672595110673128 
0.03458523420308775437 0.96513705410311256827 0.00027771169379959117 
0.00000000099999999997 0.99999999799999994554 0.00000000099999999997 
0.00000000099999999998 0.99999999799999994554 0.00000000099999999998 
0.00000000099999999994 0.99999999800000005656 0.00000000099999999994 
0.00000000099999999999 0.32146906366985672499 0.67853093533014330330 
0.03341165116084053588 0.94549416299741328995 0.02109418584174622274 
0.00000000099999999999 0.98146242494663138434 0.01853757405336851558 
0.00000000099999999998 0.99999999799999994554 0.00000000099999999998 
0.04207074443783102163 0.95792919999808656684 0.00000005556408240089 
0.00000000099999999995 0.99999999800000005656 0.00000000099999999995 
0.00000000099999999999 0.26957416815110674113 0.73042583084889312062 
0.00000000099999999996 0.99999999800000005656 0.00000000099999999996 
0.00000000099999999997 0.99999999800000005656 0.00000000099999999997 
0.00000000099999999999 0.29318930016943811623 0.70681069883056169001 
0.00000000099999999999 0.32828985179254177584 0.67171014720745825244 
0.01611015166457734071 0.95244439245733281130 0.03144545587808984799 
0.00000000099999999993 0.99999999800000005656 0.00000000099999999993 
0.00848504133958712277 0.95633647631032669967 0.03517848235008604052 
0.00000000099999999995 0.99999999799999994554 0.00000000099999999995 
