sample,pop,cluster1,cluster2,cluster3,cluster4
2,TER-North-Mesophotic,0.562961168,0.33523674,0.000000001,0.101802091
4,TER-North-Mesophotic,1.63E-06,1.00E-09,0.002045998,0.997952376
5,TER-North-Mesophotic,0.14394938,1.08E-09,0.02474949,0.831301128
6,TER-North-Mesophotic,0.067027041,1.00E-09,1.00E-09,0.932972957
7,TER-North-Mesophotic,0.108154056,1.00E-09,1.00E-09,0.891845942
8,TER-North-Mesophotic,6.17E-07,1.00E-09,1.00E-09,0.999999381
9,TER-North-Mesophotic,1.00E-09,1.00E-09,0.999999997,1.00E-09
10,TER-North-Mesophotic,0.999999997,1.00E-09,1.00E-09,1.00E-09
12,TER-North-Mesophotic,0.072527421,1.00E-09,1.00E-09,0.927472577
13,TER-North-Mesophotic,1.00E-09,1.00E-09,0.999999997,1.00E-09
14,TER-North-Shallow,1.00E-09,1.00E-09,0.999999997,1.00E-09
15,TER-North-Shallow,1.00E-09,1.00E-09,0.999999997,1.00E-09
16,TER-North-Shallow,0.000000001,0.156329016,0.684478579,0.159192404
17,TER-North-Shallow,3.17E-06,0.190884021,0.668412291,0.140700516
18,TER-North-Shallow,0.205345179,0.513784149,0.280798594,7.21E-05
19,TER-North-Shallow,1.00E-09,1.00E-09,0.999999997,1.00E-09
20,TER-North-Shallow,0.102514365,0.266325436,0.605898916,0.025261283
21,TER-North-Shallow,0.529316699,0.285901187,0.112069188,0.072712927
22,TER-North-Shallow,1.00E-09,0.999999997,1.00E-09,1.00E-09
23,TER-North-Shallow,0.000000001,0.617392179,0.328291642,0.054316178
24,TER-North-Shallow,1.00E-09,0.183016924,0.683590356,0.133392719
26,TER-North-Shallow,1.00E-09,1.00E-09,0.999999997,1.00E-09
27,TER-North-Shallow,1.00E-09,0.999999997,1.00E-09,1.00E-09
28,TER-North-Shallow,0.112111414,1.00E-09,0.02412179,0.863766795
29,TER-North-Shallow,1.00E-09,1.00E-09,0.999999997,1.00E-09
30,TER-North-Shallow,1.00E-09,1.00E-09,0.999999997,1.00E-09
31,TER-North-Shallow,0.000000001,0.161972682,0.670642881,0.167384436
32,TER-North-Shallow,0.028864613,0.019736121,0.000000001,0.951399265
33,TER-North-Shallow,0.073303565,1.00E-09,1.00E-09,0.926696433
34,TER-North-Shallow,0.000723922,1.00E-09,0.999276076,1.00E-09
36,TER-North-Shallow,0.08037904,0.029179938,0.890441021,0.000000001
37,TER-North-Mesophotic,1.00E-09,0.031938122,0.968061876,1.00E-09
38,TER-North-Mesophotic,0.022812159,1.00E-09,0.053505421,0.923682418
39,TER-North-Mesophotic,0.287075115,0.712924883,1.00E-09,1.00E-09
40,TER-North-Mesophotic,0.121909884,0.017661002,9.50E-08,0.860429019
41,TER-North-Mesophotic,1.00E-09,1.00E-09,0.999999997,1.00E-09
42,TER-North-Mesophotic,1.00E-09,0.999999997,1.00E-09,1.00E-09
44,TER-North-Mesophotic,0.261510742,0.718770376,0.017529156,0.002189726
45,TER-North-Mesophotic,1.00E-09,1.00E-09,0.999999997,1.00E-09
46,TER-North-Mesophotic,1.00E-09,0.006305608,0.99369439,1.00E-09
47,TER-North-Mesophotic,1.00E-09,8.06E-09,0.99999999,1.00E-09
48,TER-North-Shallow,0.999999997,1.00E-09,1.00E-09,1.00E-09
49,TER-North-Shallow,0.843686941,0.000000001,0.092384868,0.06392819
50,TER-North-Shallow,1.54E-07,0.15596506,0.686769515,0.15726527
52,TER-North-Shallow,0.00484939,0.060127392,0.304753241,0.630269978
53,TER-North-Shallow,0.999999997,1.00E-09,1.00E-09,1.00E-09
54,TER-North-Mesophotic,1.00E-09,1.00E-09,0.999999997,1.00E-09
55,TER-North-Mesophotic,0.999999997,1.00E-09,1.00E-09,1.00E-09
56,TER-North-Mesophotic,0.999999997,1.00E-09,1.00E-09,1.00E-09
60,TER-North-Shallow,0.999999997,1.00E-09,1.00E-09,1.00E-09
61,TER-South-Mesophotic,0.130534116,1.00E-09,1.00E-09,0.869465882
62,TER-South-Mesophotic,0.999999997,1.00E-09,1.00E-09,1.00E-09
63,TER-South-Mesophotic,0.999075264,1.00E-09,1.00E-09,0.000924734
64,TER-South-Mesophotic,1.00E-09,0.11177981,0.870462985,0.017757204
65,TER-South-Mesophotic,0.168872067,0.017025799,0.000202774,0.81389936
66,TER-South-Mesophotic,0.605329432,1.00E-09,1.00E-09,0.394670566
67,TER-South-Mesophotic,0.999989957,1.00E-09,1.00E-09,1.00E-05
68,TER-South-Mesophotic,5.38E-05,1.00E-09,1.00E-09,0.999946161
69,TER-South-Mesophotic,0.999818732,1.00E-09,1.00E-09,0.000181266
70,TER-South-Mesophotic,1.00E-09,1.00E-09,1.00E-09,0.999999997
71,TER-South-Mesophotic,0.034176663,1.00E-09,1.00E-09,0.965823335
72,TER-South-Mesophotic,0.960161599,1.00E-09,1.00E-09,0.039838399
73,TER-South-Mesophotic,0.999999997,1.00E-09,1.00E-09,1.00E-09
74,TER-South-Mesophotic,7.65E-07,0.932326168,0.067673066,0.000000001
75,TER-South-Mesophotic,0.030851404,1.00E-09,1.00E-09,0.969148594
76,TER-South-Mesophotic,0.986090997,0.013856556,1.00E-09,5.24E-05
77,TER-South-Mesophotic,1.00E-09,0.999999997,1.00E-09,1.00E-09
78,TER-South-Mesophotic,1.00E-09,0.009442158,0.99055784,1.00E-09
79,TER-South-Mesophotic,8.66E-09,1.00E-09,1.00E-09,0.999999989
80,TER-South-Mesophotic,1.00E-09,0.999999997,1.00E-09,1.00E-09
82,TER-South-Shallow,1.00E-09,0.999901529,9.85E-05,1.00E-09
84,TER-South-Shallow,1.00E-09,0.961526958,0.03847304,1.00E-09
85,TER-South-Shallow,1.00E-09,0.16678396,0.678879545,0.154336494
86,TER-South-Shallow,0.000000001,0.586591346,0.357116207,0.056292446
87,TER-South-Shallow,0.13714973,0.445814095,0.321950125,0.09508605
88,TER-South-Shallow,0.003038145,0.207955244,0.637488422,0.151518189
89,TER-South-Shallow,1.00E-09,1.00E-09,0.999999997,1.00E-09
90,TER-South-Shallow,1.00E-09,0.999999997,1.00E-09,1.00E-09
91,TER-South-Shallow,1.00E-09,0.577116165,0.39229083,0.030593004
92,TER-South-Shallow,0.000000001,0.599917107,0.34779754,0.052285352
93,TER-South-Shallow,0.000000001,0.898849403,0.101150584,1.23E-08
94,TER-South-Shallow,0.000688371,0.199295139,0.495030254,0.304986236
95,TER-South-Shallow,0.013338455,0.076413666,0.795742518,0.11450536
96,TER-South-Shallow,2.03E-09,0.123706117,0.697151695,0.179142186
97,TER-South-Shallow,1.00E-09,0.99646607,0.003533928,1.00E-09
98,TER-South-Shallow,1.00E-09,1.00E-09,0.999999997,1.00E-09
99,TER-South-Shallow,1.00E-09,0.031803487,0.968196511,1.00E-09
100,TER-South-Shallow,1.00E-09,0.14658696,0.723281973,0.130131066
101,TER-South-Shallow,1.00E-09,0.006315161,0.993684837,1.00E-09
102,TER-South-Shallow,1.00E-09,0.576445734,0.374385023,0.049169242
103,TER-South-Shallow,0.038719323,0.155570457,0.634338796,0.171371424
104,TER-South-Shallow,1.00E-09,0.928030356,0.071969642,1.00E-09
105,TER-South-Shallow,0.006303531,0.142094485,0.681840323,0.169761661
106,TER-South-Shallow,1.00E-09,0.046270323,0.953729675,1.00E-09
107,TER-South-Mesophotic,0.999999997,1.00E-09,1.00E-09,1.00E-09
108,TER-South-Mesophotic,0.999999997,1.00E-09,1.00E-09,1.00E-09
109,TER-South-Mesophotic,0.023568336,1.00E-09,1.00E-09,0.976431662
110,TER-South-Mesophotic,0.030390581,1.00E-09,1.00E-09,0.969609417
111,TER-South-Mesophotic,0.043229903,0.94512347,0.011646621,6.27E-09
112,TER-South-Mesophotic,0.052419909,0.003527234,0.018947515,0.925105343
113,TER-South-Mesophotic,0.001080686,1.00E-09,1.00E-09,0.998919312
114,TER-South-Mesophotic,0.115956636,0.864313089,0.019730273,1.00E-09
115,TER-South-Mesophotic,0.114250382,2.57E-09,0.130294037,0.755455578
116,TER-South-Mesophotic,0.999999997,1.00E-09,1.00E-09,1.00E-09
117,TER-South-Mesophotic,0.115673848,0.818402805,0.014695442,0.051227905
118,TER-South-Shallow,1.00E-09,0.073549877,0.926450121,1.00E-09
119,TER-South-Shallow,1.00E-09,0.999999997,1.00E-09,1.00E-09
120,TER-South-Shallow,0.000000001,0.194057848,0.660825986,0.145116165
121,TER-South-Shallow,1.00E-09,1.00E-09,0.999999997,1.00E-09
122,TER-South-Mesophotic,0.000129629,1.00E-09,1.00E-09,0.999870369
123,TER-South-Mesophotic,0.045389882,0.174162054,0.000149042,0.780299022
124,TER-South-Mesophotic,0.041837287,1.00E-09,1.00E-09,0.958162711
125,TER-South-Mesophotic,0.077181476,1.00E-09,1.00E-09,0.922818522
126,TER-South-Mesophotic,0.066201176,1.00E-09,1.11E-08,0.933798812
127,TER-South-Mesophotic,0.084672916,1.00E-09,1.00E-09,0.915327082
128,Lower Keys-Shallow,1.00E-09,0.015639836,0.984360162,1.00E-09
129,Lower Keys-Shallow,0.001344814,0.183745256,0.663815742,0.151094188
130,Lower Keys-Shallow,1.00E-09,0.010194051,0.989805947,1.00E-09
131,Lower Keys-Shallow,1.00E-09,1.00E-09,0.999999997,1.00E-09
132,Lower Keys-Shallow,0.000000001,0.162643628,0.717325306,0.120031065
133,Lower Keys-Shallow,1.00E-09,0.999999997,1.00E-09,1.00E-09
134,Lower Keys-Shallow,1.00E-09,0.999999997,1.00E-09,1.00E-09
135,Lower Keys-Shallow,1.00E-09,1.00E-09,0.999999997,1.00E-09
136,Lower Keys-Shallow,1.00E-09,1.00E-09,0.999999997,1.00E-09
137,Lower Keys-Shallow,1.00E-09,1.00E-09,0.999999997,1.00E-09
138,Lower Keys-Shallow,1.00E-09,0.999999997,1.00E-09,1.00E-09
139,Lower Keys-Shallow,1.00E-09,0.962888075,0.037111923,1.00E-09
140,Lower Keys-Shallow,1.00E-09,1.00E-09,0.999999997,1.00E-09
141,Lower Keys-Shallow,0.000000001,0.155916207,0.707193937,0.136889855
142,Lower Keys-Shallow,0.000000001,0.064926834,0.935073164,0.000000001
143,Lower Keys-Shallow,1.00E-09,0.999999997,1.00E-09,1.00E-09
144,Lower Keys-Shallow,1.00E-09,1.00E-09,0.999999997,1.00E-09
145,Lower Keys-Shallow,0.101940104,0.000288741,0.012170184,0.885600972
146,Lower Keys-Shallow,1.00E-09,0.881351265,0.118648733,1.00E-09
147,Lower Keys-Shallow,0.007829645,1.00E-09,0.076063999,0.916106355
148,Lower Keys-Shallow,1.00E-09,0.999999997,1.00E-09,1.00E-09
149,Lower Keys-Shallow,1.00E-09,1.00E-09,0.999999997,1.00E-09
150,Lower Keys-Shallow,1.00E-09,1.00E-09,0.999999997,1.00E-09
151,Lower Keys-Shallow,1.00E-09,0.999999997,1.00E-09,1.00E-09
152,Lower Keys-Shallow,1.00E-09,1.00E-09,0.999999997,1.00E-09
153,Lower Keys-Shallow,0.058290033,0.064746382,0.680600304,0.196363281
154,Lower Keys-Shallow,1.00E-09,0.999999997,1.00E-09,1.00E-09
155,Lower Keys-Shallow,1.00E-09,3.31E-06,0.999996684,1.00E-09
156,Lower Keys-Shallow,0.861798942,1.00E-09,1.00E-09,0.138201056
157,Lower Keys-Mesophotic,0.193380864,0.722092702,1.00E-09,0.084526433
158,Lower Keys-Mesophotic,0.001505702,1.00E-09,1.00E-09,0.998494296
159,Lower Keys-Mesophotic,0.020342351,1.00E-09,1.00E-09,0.979657647
160,Lower Keys-Mesophotic,0.000185621,1.00E-09,1.00E-09,0.999814377
161,Lower Keys-Mesophotic,0.006781913,1.00E-09,1.00E-09,0.993218085
162,Lower Keys-Mesophotic,0.026228567,0.001395717,1.00E-09,0.972375715
163,Lower Keys-Mesophotic,0.184347159,0.024280742,0.0793199,0.712052199
164,Lower Keys-Mesophotic,1.00E-09,1.00E-09,1.00E-09,0.999999997
165,Lower Keys-Mesophotic,1.00E-09,0.999999997,1.00E-09,1.00E-09
166,Lower Keys-Mesophotic,0.056497474,1.00E-09,1.00E-09,0.943502524
167,Lower Keys-Mesophotic,0.257872289,0.741226021,1.00E-09,0.000901688
168,Lower Keys-Mesophotic,0.051051086,1.00E-09,1.00E-09,0.948948912
169,Lower Keys-Mesophotic,0.999999997,1.00E-09,1.00E-09,1.00E-09
170,Lower Keys-Shallow,1.00E-09,1.00E-09,0.999999997,1.00E-09
171,Upper Keys-Mesophotic,0.999999997,1.00E-09,1.00E-09,1.00E-09
172,Upper Keys-Mesophotic,0.999999997,1.00E-09,1.00E-09,1.00E-09
173,Upper Keys-Mesophotic,0.069216748,4.91E-05,0.020127469,0.910606705
174,Upper Keys-Mesophotic,0.083651736,1.00E-09,1.00E-09,0.916348262
175,Upper Keys-Mesophotic,0.999999997,1.00E-09,1.00E-09,1.00E-09
176,Upper Keys-Mesophotic,0.999999997,1.00E-09,1.00E-09,1.00E-09
177,Upper Keys-Mesophotic,0.087041262,1.00E-09,1.00E-09,0.912958736
178,Upper Keys-Mesophotic,1.00E-09,1.00E-09,0.999999997,1.00E-09
179,Upper Keys-Shallow,0.097592505,0.019114066,1.00E-09,0.883293428
180,Upper Keys-Shallow,0.999999997,1.00E-09,1.00E-09,1.00E-09
181,Upper Keys-Shallow,0.023637386,3.49E-09,0.000135871,0.976226739
182,Upper Keys-Shallow,0.066772859,1.00E-09,1.00E-09,0.933227139
183,Upper Keys-Shallow,0.999999997,1.00E-09,1.00E-09,1.00E-09
184,Upper Keys-Shallow,1.00E-09,1.00E-09,0.999999997,1.00E-09
185,Upper Keys-Shallow,0.999999997,1.00E-09,1.00E-09,1.00E-09
186,Upper Keys-Shallow,0.03963227,1.00E-09,1.00E-09,0.960367728
187,Upper Keys-Mesophotic,0.03589793,0.006305375,0.016308664,0.941488031
188,Upper Keys-Mesophotic,0.046859953,1.00E-09,1.00E-09,0.953140045
189,Upper Keys-Mesophotic,1.00E-09,1.00E-09,0.999999997,1.00E-09
190,Upper Keys-Mesophotic,0.054120091,0.016767888,0.069845665,0.859266356
191,Upper Keys-Mesophotic,0.081174922,1.00E-09,1.00E-09,0.918825076
192,Upper Keys-Mesophotic,1.00E-09,1.00E-09,1.00E-09,0.999999997
193,Upper Keys-Mesophotic,0.011370121,2.24E-08,1.00E-09,0.988629855
194,Upper Keys-Shallow,0.822244966,1.00E-09,0.034457669,0.143297365
195,Upper Keys-Shallow,0.132506095,1.00E-09,0.867493903,1.00E-09
196,Upper Keys-Shallow,0.020332428,8.46E-07,0.03206924,0.947597487
198,Upper Keys-Shallow,0.999999997,1.00E-09,1.00E-09,1.00E-09
199,Upper Keys-Shallow,0.997838452,1.00E-09,1.00E-09,0.002161546
200,Upper Keys-Shallow,0.625539773,0.0499236,0.000000001,0.324536626
201,Upper Keys-Mesophotic,0.360237368,0.000000001,0.457578413,0.182184218
202,Upper Keys-Mesophotic,4.66E-06,1.00E-09,1.00E-09,0.999995334
205,Upper Keys-Mesophotic,0.117414852,0.078550518,0.419463103,0.384571528
208,Upper Keys-Mesophotic,0.026488237,0.027315892,0.093880826,0.852315045
209,Upper Keys-Mesophotic,1.00E-09,1.00E-09,1.00E-09,0.999999997
211,Upper Keys-Mesophotic,2.26E-05,1.00E-09,0.36609624,0.633881126
212,Upper Keys-Mesophotic,0.349888984,1.00E-09,0.021293321,0.628817694
214,Upper Keys-Mesophotic,0.019001492,0.818154622,1.72E-06,0.162842167
216,Upper Keys-Mesophotic,0.000000001,0.173426957,0.672570142,0.154002899
217,Upper Keys-Mesophotic,0.070775372,1.00E-09,1.00E-09,0.929224626
218,Upper Keys-Shallow,0.999999997,1.00E-09,1.00E-09,1.00E-09
219,Upper Keys-Shallow,0.999999997,1.00E-09,1.00E-09,1.00E-09
220,Upper Keys-Shallow,0.999999997,1.00E-09,1.00E-09,1.00E-09
222,Upper Keys-Shallow,0.268048742,0.680805914,1.00E-09,0.051145343
224,Upper Keys-Shallow,0.02974959,0.000000001,2.68E-09,0.970250406
225,Upper Keys-Shallow,0.012579518,1.00E-09,1.00E-09,0.98742048
226,Upper Keys-Shallow,0.944974319,1.00E-09,1.00E-09,0.055025679
227,Upper Keys-Shallow,0.089401961,1.00E-09,5.65E-07,0.910597473
228,Upper Keys-Shallow,0.999999997,1.00E-09,1.00E-09,1.00E-09
229,Upper Keys-Shallow,0.24297,0.736348413,1.00E-09,0.020681586
230,Upper Keys-Shallow,0.999999997,1.00E-09,1.00E-09,1.00E-09
231,Upper Keys-Shallow,0.999999478,1.00E-09,1.00E-09,5.20E-07
232,Upper Keys-Shallow,0.269882958,0.711288877,1.00E-09,0.018828163
233,Upper Keys-Shallow,0.298628688,0.674680103,1.00E-09,0.026691208
234,Upper Keys-Shallow,1.00E-09,1.00E-09,1.00E-09,0.999999997
235,Upper Keys-Shallow,0.999999997,1.00E-09,1.00E-09,1.00E-09
236,Upper Keys-Shallow,0.0434424,5.76E-07,1.00E-09,0.956557023
237,Upper Keys-Shallow,0.999999997,1.00E-09,1.00E-09,1.00E-09