sample	pop	cluster1	cluster2	cluster3
2	TER-North-Mesophotic	0.33086858	1.34041E-06	0.669130079
4	TER-North-Mesophotic	0.002373116	0.059055756	0.938571127
5	TER-North-Mesophotic	0.010435328	0.052151436	0.937413236
6	TER-North-Mesophotic	0.011812032	0.030664606	0.957523362
7	TER-North-Mesophotic	0.010408325	0.01066388	0.978927795
8	TER-North-Mesophotic	0.00656888	0.02610639	0.967324731
9	TER-North-Mesophotic	1E-09	0.999999998	1E-09
10	TER-North-Mesophotic	1E-09	1E-09	0.999999998
12	TER-North-Mesophotic	0.004537536	0.003038125	0.992424339
13	TER-North-Mesophotic	1E-09	0.999999998	1E-09
14	TER-North-Shallow	1E-09	0.999999998	1E-09
15	TER-North-Shallow	1E-09	0.999999998	1E-09
16	TER-North-Shallow	0.157977324	0.705698687	0.136323989
17	TER-North-Shallow	0.193115271	0.672541443	0.134343285
18	TER-North-Shallow	0.507524851	0.27537272	0.21710243
19	TER-North-Shallow	1E-09	0.999999998	1E-09
20	TER-North-Shallow	0.26472539	0.609443075	0.125831535
21	TER-North-Shallow	0.277988681	0.110852229	0.61115909
22	TER-North-Shallow	0.999999998	1E-09	1E-09
23	TER-North-Shallow	0.616844166	0.339702866	0.043452969
24	TER-North-Shallow	0.182278566	0.71006765	0.107653784
26	TER-North-Shallow	1.15525E-09	0.999999998	1E-09
27	TER-North-Shallow	0.999999998	1E-09	1E-09
28	TER-North-Shallow	0.002800822	0.061081047	0.936118131
29	TER-North-Shallow	1E-09	0.999999998	1E-09
30	TER-North-Shallow	1E-09	0.999999998	1E-09
31	TER-North-Shallow	0.16098732	0.69672701	0.14228567
32	TER-North-Shallow	0.024193592	0.037488108	0.9383183
33	TER-North-Shallow	0.014844833	1.54008E-06	0.985153627
34	TER-North-Shallow	0.000000001	0.999999666	3.33365E-07
36	TER-North-Shallow	0.032987852	0.890854451	0.076157697
37	TER-North-Mesophotic	0.030150252	0.969849747	1E-09
38	TER-North-Mesophotic	5.43399E-05	0.089444093	0.910501567
39	TER-North-Mesophotic	0.702927024	0.000000001	0.297072975
40	TER-North-Mesophotic	0.042928852	0.007476769	0.949594379
41	TER-North-Mesophotic	8.90066E-06	0.999991098	1E-09
42	TER-North-Mesophotic	0.999999998	1E-09	1E-09
44	TER-North-Mesophotic	0.707156415	0.01902926	0.273814326
45	TER-North-Mesophotic	3.7181E-07	0.999999627	1E-09
46	TER-North-Mesophotic	0.007447647	0.992552352	1E-09
47	TER-North-Mesophotic	3.27878E-05	0.999967211	1E-09
48	TER-North-Shallow	1E-09	1E-09	0.999999998
49	TER-North-Shallow	4.63341E-06	0.081357153	0.918638214
50	TER-North-Shallow	0.157087108	0.705906344	0.137006549
52	TER-North-Shallow	0.069621152	0.338857926	0.591520921
53	TER-North-Shallow	1E-09	1E-09	0.999999998
54	TER-North-Mesophotic	3.89649E-09	0.999999995	1E-09
55	TER-North-Mesophotic	1E-09	1E-09	0.999999998
56	TER-North-Mesophotic	1E-09	1E-09	0.999999998
60	TER-North-Shallow	1E-09	1E-09	0.999999998
61	TER-South-Mesophotic	0.0234087	0.017648747	0.958942553
62	TER-South-Mesophotic	1E-09	1E-09	0.999999998
63	TER-South-Mesophotic	1E-09	1E-09	0.999999998
64	TER-South-Mesophotic	0.110945719	0.888267755	0.000786526
65	TER-South-Mesophotic	0.028959741	0.035469081	0.935571179
66	TER-South-Mesophotic	1.96386E-09	1E-09	0.999999997
67	TER-South-Mesophotic	1E-09	1E-09	0.999999998
68	TER-South-Mesophotic	0.02772011	0.003891345	0.968388546
69	TER-South-Mesophotic	1E-09	1E-09	0.999999998
70	TER-South-Mesophotic	0.01430482	0.014803271	0.970891908
71	TER-South-Mesophotic	1.68725E-09	0.02507179	0.974928209
72	TER-South-Mesophotic	1E-09	1E-09	0.999999998
73	TER-South-Mesophotic	1E-09	1E-09	0.999999998
74	TER-South-Mesophotic	0.931964079	0.06803592	1.29188E-09
75	TER-South-Mesophotic	0.014496512	7.55571E-09	0.98550348
76	TER-South-Mesophotic	0.010483729	1E-09	0.98951627
77	TER-South-Mesophotic	0.999999997	1.96511E-09	1E-09
78	TER-South-Mesophotic	0.009257522	0.990742477	1E-09
79	TER-South-Mesophotic	0.007089762	0.027824159	0.965086079
80	TER-South-Mesophotic	0.999998722	1.27707E-06	1E-09
82	TER-South-Shallow	0.998589517	0.001410482	1E-09
84	TER-South-Shallow	0.961924118	0.038075881	1E-09
85	TER-South-Shallow	0.166754982	0.703076069	0.130168949
86	TER-South-Shallow	0.587489033	0.368089477	0.04442149
87	TER-South-Shallow	0.443396698	0.326759744	0.229843558
88	TER-South-Shallow	0.204805339	0.657719257	0.137475404
89	TER-South-Shallow	1E-09	0.999999998	1E-09
90	TER-South-Shallow	0.999999998	1E-09	1E-09
91	TER-South-Shallow	0.578262503	0.405962288	0.015775209
92	TER-South-Shallow	0.600676988	0.360050335	0.039272677
93	TER-South-Shallow	0.898195303	0.101804696	0.000000001
94	TER-South-Shallow	0.20392935	0.513677188	0.282393461
95	TER-South-Shallow	0.077678632	0.801648132	0.120673236
96	TER-South-Shallow	0.123486195	0.720356516	0.156157289
97	TER-South-Shallow	0.99606037	0.003939629	1E-09
98	TER-South-Shallow	1E-09	0.999999998	1E-09
99	TER-South-Shallow	0.032584455	0.967415544	1E-09
100	TER-South-Shallow	0.147658792	0.747394178	0.104947029
101	TER-South-Shallow	0.006414711	0.993585288	1E-09
102	TER-South-Shallow	0.577200982	0.384424846	0.038374172
103	TER-South-Shallow	0.155413889	0.65080942	0.193776692
104	TER-South-Shallow	0.927505724	0.072494275	1E-09
105	TER-South-Shallow	0.141168433	0.700537703	0.158293865
106	TER-South-Shallow	0.044261183	0.955738816	1E-09
107	TER-South-Mesophotic	1E-09	1E-09	0.999999998
108	TER-South-Mesophotic	1E-09	1E-09	0.999999998
109	TER-South-Mesophotic	0.021093208	0.00805957	0.970847222
110	TER-South-Mesophotic	0.000169008	0.0004455	0.999385492
111	TER-South-Mesophotic	0.945742396	0.015335724	0.03892188
112	TER-South-Mesophotic	0.028171018	0.050033996	0.921794987
113	TER-South-Mesophotic	0.014842805	0.012818124	0.972339071
114	TER-South-Mesophotic	0.861570219	0.027210691	0.11121909
115	TER-South-Mesophotic	0.016051667	0.151810995	0.832137339
116	TER-South-Mesophotic	1E-09	1E-09	0.999999998
117	TER-South-Mesophotic	0.821100436	0.014636009	0.164263555
118	TER-South-Shallow	0.072571462	0.927428537	1E-09
119	TER-South-Shallow	0.999999998	1E-09	1E-09
120	TER-South-Shallow	0.193576874	0.683659082	0.122764044
121	TER-South-Shallow	1E-09	0.999999998	1E-09
122	TER-South-Mesophotic	0.038015296	0.000000001	0.961984703
123	TER-South-Mesophotic	0.19150926	0.034569318	0.773921422
124	TER-South-Mesophotic	0.020160096	0.026427275	0.953412629
125	TER-South-Mesophotic	0.00611237	0.029445496	0.964442135
126	TER-South-Mesophotic	1.44332E-06	0.050938215	0.949060342
127	TER-South-Mesophotic	5.3701E-07	0.000545932	0.999453531
128	Lower Keys-Shallow	0.015000815	0.984999184	1E-09
129	Lower Keys-Shallow	0.183406643	0.682557262	0.134036095
130	Lower Keys-Shallow	0.009907135	0.990092864	1E-09
131	Lower Keys-Shallow	5.14544E-06	0.999994854	1E-09
132	Lower Keys-Shallow	0.161222192	0.739491553	0.099286255
133	Lower Keys-Shallow	0.999999998	1E-09	1E-09
134	Lower Keys-Shallow	0.999999998	1E-09	1E-09
135	Lower Keys-Shallow	1E-09	0.999999998	1E-09
136	Lower Keys-Shallow	1E-09	0.999999998	1E-09
137	Lower Keys-Shallow	2.4596E-06	0.999997539	1E-09
138	Lower Keys-Shallow	0.999994551	5.44807E-06	1E-09
139	Lower Keys-Shallow	0.964396842	0.035603157	1E-09
140	Lower Keys-Shallow	1E-09	0.999999998	1E-09
141	Lower Keys-Shallow	0.155215039	0.733695033	0.111089928
142	Lower Keys-Shallow	0.064070086	0.935928743	1.17112E-06
143	Lower Keys-Shallow	0.999999998	1E-09	1E-09
144	Lower Keys-Shallow	4.31571E-06	0.999995683	1E-09
145	Lower Keys-Shallow	0.020971039	0.044733432	0.934295528
146	Lower Keys-Shallow	0.881229394	0.118770605	1E-09
147	Lower Keys-Shallow	0.001011309	0.110913983	0.888074708
148	Lower Keys-Shallow	0.999999998	1E-09	1E-09
149	Lower Keys-Shallow	2.24338E-06	0.999997756	1E-09
150	Lower Keys-Shallow	1E-09	0.999999998	1E-09
151	Lower Keys-Shallow	0.999999998	1E-09	1E-09
152	Lower Keys-Shallow	1E-09	0.999999998	1E-09
153	Lower Keys-Shallow	0.068878986	0.684812855	0.246308158
154	Lower Keys-Shallow	0.999999998	1E-09	1E-09
155	Lower Keys-Shallow	0.000542711	0.999457288	1E-09
156	Lower Keys-Shallow	1E-09	1E-09	0.999999998
157	Lower Keys-Mesophotic	0.721445266	1E-09	0.278554733
158	Lower Keys-Mesophotic	0.017098162	0.000000001	0.982901837
159	Lower Keys-Mesophotic	0.023294799	0.000000001	0.9767052
160	Lower Keys-Mesophotic	0.039439257	0.000133389	0.960427355
161	Lower Keys-Mesophotic	0.015174702	0.02220897	0.962616328
162	Lower Keys-Mesophotic	0.031486414	0.019714865	0.948798721
163	Lower Keys-Mesophotic	0.035179629	0.098658105	0.866162266
164	Lower Keys-Mesophotic	0.024644009	2.20712E-06	0.975353784
165	Lower Keys-Mesophotic	0.999999998	1E-09	1E-09
166	Lower Keys-Mesophotic	0.017475082	0.022307026	0.960217892
167	Lower Keys-Mesophotic	0.732434983	1E-09	0.267565016
168	Lower Keys-Mesophotic	0.022739839	2.17852E-08	0.977260139
169	Lower Keys-Mesophotic	1E-09	1E-09	0.999999998
170	Lower Keys-Shallow	1E-09	0.999999998	1E-09
171	Upper Keys-Mesophotic	1E-09	1E-09	0.999999998
172	Upper Keys-Mesophotic	1E-09	1E-09	0.999999998
173	Upper Keys-Mesophotic	0.023631792	0.051699281	0.924668928
174	Upper Keys-Mesophotic	0.02926718	0.015809402	0.954923417
175	Upper Keys-Mesophotic	1E-09	1E-09	0.999999998
176	Upper Keys-Mesophotic	1E-09	1E-09	0.999999998
177	Upper Keys-Mesophotic	0.020884905	0.017218699	0.961896397
178	Upper Keys-Mesophotic	1E-09	0.999999998	1E-09
179	Upper Keys-Shallow	0.040307214	0.019370868	0.940321918
180	Upper Keys-Shallow	1E-09	1E-09	0.999999998
181	Upper Keys-Shallow	0.027114299	0.038487149	0.934398552
182	Upper Keys-Shallow	0.001889881	0.030915094	0.967195024
183	Upper Keys-Shallow	1E-09	1E-09	0.999999998
184	Upper Keys-Shallow	1E-09	0.999999998	1E-09
185	Upper Keys-Shallow	1E-09	1E-09	0.999999998
186	Upper Keys-Shallow	0.021499805	0.021101686	0.957398509
187	Upper Keys-Mesophotic	0.029880079	0.052955151	0.917164769
188	Upper Keys-Mesophotic	1.11619E-05	0.041228993	0.958759845
189	Upper Keys-Mesophotic	1E-09	0.999999998	1E-09
190	Upper Keys-Mesophotic	0.049122787	0.091337705	0.859539508
191	Upper Keys-Mesophotic	1.87116E-05	0.041670431	0.958310857
192	Upper Keys-Mesophotic	0.000889904	0.028452341	0.970657755
193	Upper Keys-Mesophotic	0.044584026	0.00018316	0.955232813
194	Upper Keys-Shallow	1E-09	0.031503086	0.968496913
195	Upper Keys-Shallow	5.08769E-09	0.871020053	0.128979942
196	Upper Keys-Shallow	0.020889027	0.067505133	0.91160584
198	Upper Keys-Shallow	1E-09	1E-09	0.999999998
199	Upper Keys-Shallow	5.77426E-05	2.01553E-08	0.999942237
200	Upper Keys-Shallow	0.051147631	1.25884E-09	0.948852367
201	Upper Keys-Mesophotic	0.000000001	0.459924861	0.540075138
202	Upper Keys-Mesophotic	0.000478519	1.30515E-05	0.999508429
205	Upper Keys-Mesophotic	0.087350129	0.430122561	0.48252731
208	Upper Keys-Mesophotic	0.035299023	0.127055128	0.837645849
209	Upper Keys-Mesophotic	0.005504391	0.03679999	0.957695619
211	Upper Keys-Mesophotic	2.40696E-09	0.395839208	0.60416079
212	Upper Keys-Mesophotic	0.000109251	0.031835616	0.968055133
214	Upper Keys-Mesophotic	0.82320023	0.000533663	0.176266107
216	Upper Keys-Mesophotic	0.170691019	0.703998824	0.125310157
217	Upper Keys-Mesophotic	0.000290616	0.034405669	0.965303715
218	Upper Keys-Shallow	1E-09	1E-09	0.999999998
219	Upper Keys-Shallow	1E-09	1E-09	0.999999998
220	Upper Keys-Shallow	1E-09	1E-09	0.999999998
222	Upper Keys-Shallow	0.678533846	1E-09	0.321466153
224	Upper Keys-Shallow	0.021153224	0.0332233	0.945623476
225	Upper Keys-Shallow	0.018552779	1E-09	0.98144722
226	Upper Keys-Shallow	1E-09	1E-09	0.999999998
227	Upper Keys-Shallow	0.000000001	0.041857053	0.958142946
228	Upper Keys-Shallow	1E-09	1E-09	0.999999998
229	Upper Keys-Shallow	0.730417548	1E-09	0.269582451
230	Upper Keys-Shallow	1E-09	1E-09	0.999999998
231	Upper Keys-Shallow	1E-09	1E-09	0.999999998
232	Upper Keys-Shallow	0.706798954	1E-09	0.293201045
233	Upper Keys-Shallow	0.671700951	1E-09	0.328299048
234	Upper Keys-Shallow	0.031640827	0.015694326	0.952664846
235	Upper Keys-Shallow	1E-09	1E-09	0.999999998
236	Upper Keys-Shallow	0.035355297	0.00814528	0.956499423
237	Upper Keys-Shallow	1E-09	1E-09	0.999999998