0.56296116796982720309 0.33523674032344713547 0.00000000100000000000 0.10180209070672564808 
0.00000162533123806843 0.00000000099999999999 0.00204599760379643595 0.99795237606496556282 
0.14394938045121224990 0.00000000108016497864 0.02474949025372128603 0.83130112821490154129 
0.06702704148750629476 0.00000000099999999999 0.00000000099999999999 0.93297295651249367854 
0.10815405631712393664 0.00000000099999999998 0.00000000099999999998 0.89184594168287611993 
0.00000061719480551495 0.00000000099999999998 0.00000000099999999998 0.99999938080519457095 
0.00000000099999999992 0.00000000099999999992 0.99999999699999986280 0.00000000099999999992 
0.99999999700000008485 0.00000000099999999994 0.00000000099999999994 0.00000000099999999994 
0.07252742103886397618 0.00000000099999999996 0.00000000099999999996 0.92747257696113594161 
0.00000000099999999993 0.00000000099999999993 0.99999999699999986280 0.00000000099999999993 
0.00000000099999999994 0.00000000099999999994 0.99999999699999997382 0.00000000099999999994 
0.00000000099999999996 0.00000000099999999996 0.99999999699999997382 0.00000000099999999996 
0.00000000100000000000 0.15632901573023702535 0.68447857900496145156 0.15919240426480163464 
0.00000317147445561654 0.19088402124964323758 0.66841229084113706893 0.14070051643476411130 
0.20534517867467497187 0.51378414871196731450 0.28079859442019028393 0.00007207819316726277 
0.00000000099999999993 0.00000000099999999993 0.99999999699999986280 0.00000000099999999993 
0.10251436513392184202 0.26632543564627964017 0.60589891580760357748 0.02526128341219492646 
0.52931669879429743553 0.28590118660240337878 0.11206918767862997233 0.07271292692466935215 
0.00000000099999999986 0.99999999699999997382 0.00000000099999999986 0.00000000099999999986 
0.00000000100000000000 0.61739217909106913762 0.32829164177402742064 0.05431617813490349778 
0.00000000099999999999 0.18301692413953213334 0.68359035604515661078 0.13339271881531120090 
0.00000000099999999994 0.00000000099999999994 0.99999999699999986280 0.00000000099999999994 
0.00000000099999999990 0.99999999699999997382 0.00000000099999999990 0.00000000099999999990 
0.11211141381718518761 0.00000000099999999999 0.02412179011564999365 0.86376679506716491641 
0.00000000099999999995 0.00000000099999999995 0.99999999699999986280 0.00000000099999999995 
0.00000000099999999996 0.00000000099999999996 0.99999999699999997382 0.00000000099999999996 
0.00000000100000000000 0.16197268154840363530 0.67064288106133718159 0.16738443639025918364 
0.02886461342615765160 0.01973612077446314575 0.00000000100000000000 0.95139926479937930726 
0.07330356466319203068 0.00000000099999999997 0.00000000099999999997 0.92669643333680795649 
0.00072392155053505405 0.00000000099999999999 0.99927607644946492282 0.00000000099999999999 
0.08037904046023830462 0.02917993789352691519 0.89044102064623464887 0.00000000100000000000 
0.00000000099999999997 0.03193812151473462285 0.96806187648526520473 0.00000000099999999997 
0.02281215933716382663 0.00000000099999999999 0.05350542130741208630 0.92368241835542408413 
0.28707511454019396524 0.71292488345980609132 0.00000000099999999999 0.00000000099999999999 
0.12190988438998483223 0.01766100188758613909 0.00000009504676857233 0.86042901867566057295 
0.00000000099999999996 0.00000000099999999996 0.99999999699999986280 0.00000000099999999996 
0.00000000099999999991 0.99999999700000008485 0.00000000099999999991 0.00000000099999999991 
0.26151074238051152943 0.71877037574299762479 0.01752915585135028306 0.00218972602514050981 
0.00000000099999999997 0.00000000099999999997 0.99999999699999997382 0.00000000099999999997 
0.00000000099999999995 0.00630560849183518356 0.99369438950816468825 0.00000000099999999995 
0.00000000099999999995 0.00000000806358788793 0.99999998993641214806 0.00000000099999999995 
0.99999999700000008485 0.00000000099999999996 0.00000000099999999996 0.00000000099999999996 
0.84368694089303142292 0.00000000100000000000 0.09238486780639844353 0.06392819030057021734 
0.00000015441838466205 0.15596505971737098517 0.68676951542025499453 0.15726527044398927457 
0.00484938958973780195 0.06012739157800240514 0.30475324109823276331 0.63026997773402715364 
0.99999999700000008485 0.00000000099999999994 0.00000000099999999994 0.00000000099999999994 
0.00000000099999999998 0.00000000099999999998 0.99999999699999986280 0.00000000099999999998 
0.99999999700000008485 0.00000000099999999994 0.00000000099999999994 0.00000000099999999994 
0.99999999700000008485 0.00000000099999999995 0.00000000099999999995 0.00000000099999999995 
0.99999999700000008485 0.00000000099999999994 0.00000000099999999994 0.00000000099999999994 
0.13053411643582427115 0.00000000099999999999 0.00000000099999999999 0.86946588156417581317 
0.99999999700000008485 0.00000000099999999992 0.00000000099999999992 0.00000000099999999992 
0.99907526402741142491 0.00000000099999999994 0.00000000099999999994 0.00092473397258859122 
0.00000000099999999999 0.11177980957262871609 0.87046298511151365407 0.01775720431585756445 
0.16887206748886174346 0.01702579872429663826 0.00020277408830876887 0.81389935969853288711 
0.60532943166822350545 0.00000000099999999999 0.00000000099999999999 0.39467056633177666214 
0.99998995682872371393 0.00000000099999999996 0.00000000099999999996 0.00001004117127626596 
0.00005383722824908339 0.00000000099999999997 0.00000000099999999997 0.99994616077175091373 
0.99981873215044803072 0.00000000099999999996 0.00000000099999999996 0.00018126584955215349 
0.00000000099999999996 0.00000000099999999996 0.00000000099999999996 0.99999999699999997382 
0.03417666308808156583 0.00000000099999999996 0.00000000099999999996 0.96582333491191851849 
0.96016159916680376973 0.00000000099999999997 0.00000000099999999997 0.03983839883319618969 
0.99999999700000008485 0.00000000099999999995 0.00000000099999999995 0.00000000099999999995 
0.00000076502065381352 0.93232616787747490950 0.06767306610187112659 0.00000000100000000000 
0.03085140393706530329 0.00000000099999999996 0.00000000099999999996 0.96914859406293463184 
0.98609099651015486021 0.01385655573888995920 0.00000000099999999999 0.00005244675095519899 
0.00000000099999999992 0.99999999699999997382 0.00000000099999999992 0.00000000099999999992 
0.00000000099999999997 0.00944215755261424393 0.99055784044738581784 0.00000000099999999997 
0.00000000866062066721 0.00000000099999999997 0.00000000099999999997 0.99999998933937939150 
0.00000000099999999995 0.99999999699999997382 0.00000000099999999995 0.00000000099999999995 
0.00000000099999999994 0.99990152925041586585 0.00009846874958423490 0.00000000099999999994 
0.00000000099999999996 0.96152695811427746353 0.03847303988572246120 0.00000000099999999996 
0.00000000099999999999 0.16678396025780936607 0.67887954498702096640 0.15433649375516964031 
0.00000000100000000000 0.58659134575806726186 0.35711620674935529163 0.05629244649257742622 
0.13714972999025384914 0.44581409515191267046 0.32195012468808820172 0.09508605016974512603 
0.00303814514999947239 0.20795524352893413056 0.63748842202919975275 0.15151818929186675056 
0.00000000099999999995 0.00000000099999999995 0.99999999699999986280 0.00000000099999999995 
0.00000000099999999991 0.99999999700000008485 0.00000000099999999991 0.00000000099999999991 
0.00000000099999999999 0.57711616513694241615 0.39229082987053170983 0.03059300399252599598 
0.00000000100000000000 0.59991710748352866656 0.34779753976179583752 0.05228535175467548951 
0.00000000100000000000 0.89884940279212632852 0.10115058393239073631 0.00000001227548292083 
0.00068837051194934121 0.19929513904430010141 0.49503025411735251948 0.30498623632639798586 
0.01333845541733091888 0.07641366577485729505 0.79574251832752929126 0.11450536048028245317 
0.00000000202508506989 0.12370611679427127860 0.69715169518063990761 0.17914218600000381132 
0.00000000099999999997 0.99646606989796460141 0.00353392810203537362 0.00000000099999999997 
0.00000000099999999994 0.00000000099999999994 0.99999999699999986280 0.00000000099999999994 
0.00000000099999999998 0.03180348692811273831 0.96819651107188720029 0.00000000099999999998 
0.00000000099999999999 0.14658695998004092620 0.72328197349434963925 0.13013106552560937956 
0.00000000099999999996 0.00631516065908430558 0.99368483734091572757 0.00000000099999999996 
0.00000000099999999999 0.57644573362197804034 0.37438502290757091906 0.04916924247045099949 
0.03871932330767247077 0.15557045699341542910 0.63433879591398445452 0.17137142378492767336 
0.00000000099999999995 0.92803035555907009702 0.07196964244092982077 0.00000000099999999995 
0.00630353133534466720 0.14209448504725732954 0.68184032292054830293 0.16976166069684975324 
0.00000000099999999996 0.04627032300037652729 0.95372967499962346682 0.00000000099999999996 
0.99999999700000008485 0.00000000099999999994 0.00000000099999999994 0.00000000099999999994 
0.99999999699999997382 0.00000000099999999989 0.00000000099999999989 0.00000000099999999989 
0.02356833600914214760 0.00000000099999999998 0.00000000099999999998 0.97643166199085784651 
0.03039058109417238501 0.00000000099999999996 0.00000000099999999996 0.96960941690582747032 
0.04322990266302713380 0.94512346970605265462 0.01164662135677924093 0.00000000627414095310 
0.05241990878056870806 0.00352723399670514491 0.01894751462986686216 0.92510534259285925884 
0.00108068570056152357 0.00000000099999999997 0.00000000099999999997 0.99891931229943853321 
0.11595663646706065586 0.86431308925576844082 0.01973027327717078241 0.00000000099999999999 
0.11425038187627867270 0.00000000256685038406 0.13029403711870099491 0.75545557843817001675 
0.99999999699999997382 0.00000000099999999992 0.00000000099999999992 0.00000000099999999992 
0.11567384751181235270 0.81840280494305972514 0.01469544241409417515 0.05122790513103369497 
0.00000000099999999995 0.07354987681529846777 0.92645012118470149165 0.00000000099999999995 
0.00000000099999999992 0.99999999700000008485 0.00000000099999999992 0.00000000099999999992 
0.00000000100000000000 0.19405784841892542714 0.66082598583094898093 0.14511616475012556471 
0.00000000099999999997 0.00000000099999999997 0.99999999699999997382 0.00000000099999999997 
0.00012962862560675405 0.00000000099999999998 0.00000000099999999998 0.99987036937439321971 
0.04538988154617534798 0.17416205391841638184 0.00014904215626550116 0.78029902237914283702 
0.04183728691542619449 0.00000000099999999999 0.00000000099999999999 0.95816271108457395922 
0.07718147550813686530 0.00000000099999999998 0.00000000099999999998 0.92281852249186313575 
0.06620117629462306252 0.00000000099999999999 0.00000001114422410093 0.93379881156115285279 
0.08467291598302650879 0.00000000099999999995 0.00000000099999999995 0.91532708201697354777 
0.00000000099999999996 0.01563983597283429006 0.98436016202716569712 0.00000000099999999996 
0.00134481377715233775 0.18374525626012014334 0.66381574174191337878 0.15109418822081416289 
0.00000000099999999996 0.01019405139310893167 0.98980594660689091846 0.00000000099999999996 
0.00000000099999999998 0.00000000099999999998 0.99999999699999997382 0.00000000099999999998 
0.00000000100000000000 0.16264362770275020420 0.71732530640378378006 0.12003106489346611341 
0.00000000099999999988 0.99999999700000008485 0.00000000099999999988 0.00000000099999999988 
0.00000000099999999992 0.99999999699999997382 0.00000000099999999992 0.00000000099999999992 
0.00000000099999999992 0.00000000099999999992 0.99999999699999997382 0.00000000099999999992 
0.00000000099999999994 0.00000000099999999994 0.99999999699999997382 0.00000000099999999994 
0.00000000099999999994 0.00000000099999999994 0.99999999699999986280 0.00000000099999999994 
0.00000000099999999993 0.99999999700000008485 0.00000000099999999993 0.00000000099999999993 
0.00000000099999999998 0.96288807461513481467 0.03711192338486529047 0.00000000099999999998 
0.00000000099999999993 0.00000000099999999993 0.99999999699999997382 0.00000000099999999993 
0.00000000100000000000 0.15591620713508136387 0.70719393706630007124 0.13688985479861853767 
0.00000000100000000000 0.06492683362225423749 0.93507316437774568030 0.00000000100000000000 
0.00000000099999999988 0.99999999699999997382 0.00000000099999999988 0.00000000099999999988 
0.00000000099999999994 0.00000000099999999994 0.99999999699999986280 0.00000000099999999994 
0.10194010385979772326 0.00028874062553148989 0.01217018387356375193 0.88560097164110707091 
0.00000000099999999996 0.88135126532210283923 0.11864873267789723121 0.00000000099999999996 
0.00782964516249893758 0.00000000099999999999 0.07606399873742254736 0.91610635510007853988 
0.00000000099999999990 0.99999999700000008485 0.00000000099999999990 0.00000000099999999990 
0.00000000099999999995 0.00000000099999999995 0.99999999699999986280 0.00000000099999999995 
0.00000000099999999994 0.00000000099999999994 0.99999999699999997382 0.00000000099999999994 
0.00000000099999999991 0.99999999700000008485 0.00000000099999999991 0.00000000099999999991 
0.00000000099999999993 0.00000000099999999993 0.99999999699999986280 0.00000000099999999993 
0.05829003332556580153 0.06474638223200127052 0.68060030360487655532 0.19636328083755627549 
0.00000000099999999993 0.99999999700000008485 0.00000000099999999993 0.00000000099999999993 
0.00000000099999999999 0.00000331430863599698 0.99999668369136385238 0.00000000099999999999 
0.86179894246558697013 0.00000000099999999998 0.00000000099999999998 0.13820105553441297541 
0.19338086434730200613 0.72209270208158993221 0.00000000099999999999 0.08452643257110796504 
0.00150570168028394151 0.00000000099999999996 0.00000000099999999996 0.99849429631971620136 
0.02034235125712910430 0.00000000099999999997 0.00000000099999999997 0.97965764674287092451 
0.00018562059885166956 0.00000000099999999998 0.00000000099999999998 0.99981437740114842416 
0.00678191263382512972 0.00000000099999999997 0.00000000099999999997 0.99321808536617484098 
0.02622856674352202003 0.00139571719776961762 0.00000000099999999999 0.97237571505870834532 
0.18434715907277521296 0.02428074211790808012 0.07931990008520754809 0.71205219872410918658 
0.00000000099999999996 0.00000000099999999996 0.00000000099999999996 0.99999999700000008485 
0.00000000099999999990 0.99999999699999997382 0.00000000099999999990 0.00000000099999999990 
0.05649747435637961918 0.00000000099999999999 0.00000000099999999999 0.94350252364362030555 
0.25787228926323735312 0.74122602123727610035 0.00000000099999999999 0.00090168849948643126 
0.05105108568633022481 0.00000000099999999998 0.00000000099999999998 0.94894891231366984563 
0.99999999700000008485 0.00000000099999999994 0.00000000099999999994 0.00000000099999999994 
0.00000000099999999993 0.00000000099999999993 0.99999999699999986280 0.00000000099999999993 
0.99999999699999997382 0.00000000099999999993 0.00000000099999999993 0.00000000099999999993 
0.99999999699999997382 0.00000000099999999994 0.00000000099999999994 0.00000000099999999994 
0.06921674778051423171 0.00004907895897124063 0.02012746864962779852 0.91060670461088677463 
0.08365173553779585436 0.00000000099999999999 0.00000000099999999999 0.91634826246220402179 
0.99999999699999997382 0.00000000099999999996 0.00000000099999999996 0.00000000099999999996 
0.99999999700000008485 0.00000000099999999994 0.00000000099999999994 0.00000000099999999994 
0.08704126168177576950 0.00000000099999999998 0.00000000099999999998 0.91295873631822421768 
0.00000000099999999993 0.00000000099999999993 0.99999999699999997382 0.00000000099999999993 
0.09759250473260762393 0.01911406611849585449 0.00000000099999999999 0.88329342814889655333 
0.99999999699999997382 0.00000000099999999994 0.00000000099999999994 0.00000000099999999994 
0.02363738607890581919 0.00000000348811155437 0.00013587107358662608 0.97622673935939596745 
0.06677285882772571179 0.00000000099999999998 0.00000000099999999998 0.93322713917227428926 
0.99999999699999997382 0.00000000099999999995 0.00000000099999999995 0.00000000099999999995 
0.00000000099999999995 0.00000000099999999995 0.99999999699999986280 0.00000000099999999995 
0.99999999699999997382 0.00000000099999999997 0.00000000099999999997 0.00000000099999999997 
0.03963226976242984617 0.00000000099999999999 0.00000000099999999999 0.96036772823757021733 
0.03589793009170989119 0.00630537505319692625 0.01630866358787214435 0.94148803126722102608 
0.04685995262590868238 0.00000000099999999997 0.00000000099999999997 0.95314004537409124929 
0.00000000099999999993 0.00000000099999999993 0.99999999699999986280 0.00000000099999999993 
0.05412009060828171236 0.01676788844434130496 0.06984566540132473855 0.85926635554605235168 
0.08117492166365243567 0.00000000099999999998 0.00000000099999999998 0.91882507633634746824 
0.00000000099999999996 0.00000000099999999996 0.00000000099999999996 0.99999999699999997382 
0.01137012142023958831 0.00000002236853038314 0.00000000099999999999 0.98862985521122992427 
0.82224496575346872618 0.00000000099999999999 0.03445766873464272545 0.14329736451188862523 
0.13250609538949811861 0.00000000099999999999 0.86749390261050174367 0.00000000099999999999 
0.02033242773694811725 0.00000084601489812803 0.03206923967085446858 0.94759748657729925281 
0.99999999699999997382 0.00000000099999999990 0.00000000099999999990 0.00000000099999999990 
0.99783845168392970582 0.00000000099999999999 0.00000000099999999999 0.00216154631607036983 
0.62553977338459931801 0.04992359989824191741 0.00000000100000000000 0.32453662571715891083 
0.36023736775811560085 0.00000000100000000000 0.45757841337368820867 0.18218421786819624653 
0.00000466389995747911 0.00000000099999999995 0.00000000099999999995 0.99999533410004248779 
0.11741485187192592099 0.07855051753065210585 0.41946310262611935515 0.38457152797130250699 
0.02648823716807754275 0.02731589170567400374 0.09388082593241406371 0.85231504519383438634 
0.00000000099999999999 0.00000000099999999999 0.00000000099999999999 0.99999999700000008485 
0.00002263366332064307 0.00000000099999999999 0.36609623973499827443 0.63388112560168108356 
0.34988898411791252707 0.00000000099999999999 0.02129332104258208069 0.62881769383950547603 
0.01900149242576639960 0.81815462242331749021 0.00000171832213102357 0.16284216682878507876 
0.00000000100000000000 0.17342695740534055937 0.67257014233182743634 0.15400289926283211583 
0.07077537212634399388 0.00000000099999999998 0.00000000099999999998 0.92922462587365606268 
0.99999999699999997382 0.00000000099999999995 0.00000000099999999995 0.00000000099999999995 
0.99999999699999997382 0.00000000099999999997 0.00000000099999999997 0.00000000099999999997 
0.99999999699999997382 0.00000000099999999994 0.00000000099999999994 0.00000000099999999994 
0.26804874170508691256 0.68080591386470334925 0.00000000099999999999 0.05114534343020986362 
0.02974959022479389814 0.00000000100000000000 0.00000000268428724735 0.97025040609091894872 
0.01257951833499005960 0.00000000099999999996 0.00000000099999999996 0.98742047966501000911 
0.94497431877232263009 0.00000000099999999998 0.00000000099999999998 0.05502567922767738484 
0.08940196097224785421 0.00000000099999999999 0.00000056538741607813 0.91059747264033596981 
0.99999999700000008485 0.00000000099999999994 0.00000000099999999994 0.00000000099999999994 
0.24297000002100879734 0.73634841271196826984 0.00000000099999999999 0.02068158626702303396 
0.99999999699999997382 0.00000000099999999995 0.00000000099999999995 0.00000000099999999995 
0.99999947848769021874 0.00000000099999999997 0.00000000099999999997 0.00000051951230975998 
0.26988295848295096313 0.71128887712792721043 0.00000000099999999999 0.01882816338912177839 
0.29862868834560568621 0.67468010284623125550 0.00000000099999999999 0.02669120780816311780 
0.00000000099999999998 0.00000000099999999998 0.00000000099999999998 0.99999999699999997382 
0.99999999699999997382 0.00000000099999999991 0.00000000099999999991 0.00000000099999999991 
0.04344240045366156572 0.00000057586040572840 0.00000000099999999999 0.95655702268593267856 
0.99999999700000008485 0.00000000099999999993 0.00000000099999999993 0.00000000099999999993 
