0.000000	0.251576	0.246611	0.247456	0.249746	0.245875	0.270943	0.270935	0.272156	0.244304	0.249595	0.267116	0.260123	0.269121	0.263586	0.263567	0.258344	0.271400	0.269719	0.247887	0.254608	0.264752	0.270888	0.268065	0.262413	0.248818	0.263276	0.270045	0.264155	0.247307	0.253128	0.259088	0.267020	0.273998	0.265038	0.257009	0.242134	0.265256	0.225544	0.262943	0.271214	0.275154	0.262295	0.238241	0.236874	0.263403	0.254323	0.243598	0.271300	0.236676	0.238934	0.248931	0.245678	0.232695	0.242387	0.267033	0.245696	0.228738	0.241792	0.250407	0.244694	0.248477	0.243673	0.246359	0.249086	0.262686	0.243408	0.231192	0.253450	0.266977	0.256400	0.254549	0.260168	0.258550	0.265841	0.260675	0.260005	0.259056	0.269200	0.262738	0.267129	0.266680	0.251585	0.254993	0.268815	0.265999	0.248513	0.265382	0.274355	0.270392	0.259658	0.269832	0.268727	0.256203	0.263747	0.261665	0.242646	0.248778	0.247660	0.250780	0.260655	0.256763	0.250355	0.261845	0.243232	0.240268	0.263619	0.263850	0.255455	0.270926	0.257926	0.256389	0.259259	0.249595	0.247367	0.247163	0.253649	0.257330	0.265013	0.266082	0.266045	0.263878	0.263621	0.255441	0.262759	0.276204	0.266993	0.259229	0.256532	0.265882	0.263008	0.264284	0.263438	0.265169	0.243071	0.256362	0.258701	0.256856	0.268519	0.262156	0.262581	0.267049	0.259779	0.254086	0.270935	0.242276	0.253808	0.247347	0.260489	0.257854	0.252488	0.248369	0.242709	0.241758	0.245283	0.255772	0.262382	0.244633	0.250769	0.248273	0.237814	0.271781	0.240024	0.241200	0.231284	0.247316	0.258379	0.247551	0.244724	0.237650	0.250457	0.270055	0.251042	0.246297	0.253743	0.251171	0.235628	0.261091	0.236655	0.256746	0.242498	0.250202	0.269880	0.256041	0.258032	0.244264	0.253324	0.247090	0.270069	0.250903	0.251884	0.241137	0.235598	0.248603	0.251021	0.252898	0.249866	0.243173	0.245667	0.241351	0.260280	0.266985	0.244467	0.244674	0.236632	0.238203	0.240026	0.271195	0.244204	0.249160	0.251383	0.250515	0.256405	0.232340	0.259488	0.240600	0.242097	0.265544	0.252632	0.248431	0.247699	0.250405	0.243665	
0.251576	0.000000	0.240229	0.239188	0.234605	0.239952	0.275595	0.277967	0.276915	0.246730	0.241135	0.279996	0.279650	0.285699	0.275461	0.275801	0.272981	0.284850	0.286981	0.260452	0.282987	0.283213	0.275946	0.282730	0.287747	0.240117	0.281163	0.278536	0.265510	0.245577	0.237698	0.283530	0.288408	0.282465	0.246697	0.274197	0.240221	0.282021	0.284585	0.277045	0.281034	0.283286	0.280514	0.243757	0.248980	0.271977	0.256954	0.244211	0.281478	0.240927	0.241876	0.245734	0.238559	0.239049	0.240128	0.283923	0.237783	0.240755	0.243329	0.241648	0.256919	0.244045	0.240439	0.249403	0.247597	0.284890	0.238500	0.252913	0.287611	0.280834	0.242964	0.285714	0.286903	0.276489	0.266539	0.279456	0.270777	0.266064	0.280485	0.284159	0.275770	0.281980	0.280799	0.270435	0.274556	0.272884	0.281846	0.284067	0.290444	0.275541	0.276512	0.279102	0.276920	0.281841	0.275153	0.278482	0.247648	0.255415	0.242369	0.239858	0.281902	0.244625	0.239066	0.282612	0.242723	0.244894	0.276138	0.275511	0.286621	0.275379	0.283416	0.242969	0.257330	0.233934	0.240227	0.245371	0.233615	0.280916	0.271538	0.280209	0.283524	0.279142	0.284091	0.282236	0.282714	0.281267	0.282900	0.290143	0.285807	0.282965	0.275462	0.278246	0.283196	0.279589	0.241907	0.280552	0.248661	0.282886	0.282958	0.273529	0.287892	0.287585	0.281745	0.285058	0.282031	0.248064	0.271446	0.234133	0.236173	0.244030	0.235444	0.239133	0.236887	0.236015	0.244539	0.244736	0.285975	0.236111	0.271496	0.245427	0.247917	0.281561	0.249146	0.250663	0.247023	0.249310	0.243628	0.244105	0.251565	0.247227	0.239306	0.280856	0.238689	0.250824	0.247377	0.237551	0.249364	0.277310	0.244722	0.246495	0.245512	0.241274	0.280635	0.236962	0.243355	0.241698	0.247473	0.243917	0.271268	0.243800	0.250373	0.238067	0.244149	0.262514	0.242114	0.250495	0.248614	0.243924	0.253886	0.245722	0.275306	0.270885	0.247814	0.251013	0.246648	0.245627	0.240752	0.277451	0.246384	0.247543	0.234620	0.239312	0.238228	0.248770	0.271896	0.249136	0.244181	0.271413	0.270326	0.245735	0.249600	0.241631	0.248803	
0.246611	0.240229	0.000000	0.235400	0.230712	0.233014	0.272602	0.277660	0.275822	0.242354	0.233628	0.272456	0.267529	0.273177	0.269557	0.275775	0.263606	0.280422	0.281950	0.254467	0.283198	0.272977	0.269554	0.273263	0.277520	0.238731	0.274759	0.273200	0.265107	0.241149	0.239832	0.280010	0.281015	0.278048	0.245330	0.268571	0.235162	0.276042	0.276067	0.267733	0.271468	0.281042	0.272708	0.232803	0.250908	0.266618	0.246477	0.241290	0.275594	0.242059	0.238844	0.238459	0.238901	0.238998	0.237691	0.276409	0.240321	0.244195	0.242363	0.234732	0.240559	0.237017	0.240386	0.239273	0.242856	0.283080	0.241918	0.239736	0.277334	0.271025	0.243641	0.281592	0.281710	0.275427	0.265045	0.274479	0.271358	0.256853	0.269841	0.278611	0.271427	0.275372	0.270320	0.263529	0.274533	0.264760	0.273540	0.274792	0.270336	0.277813	0.269251	0.275268	0.272167	0.277980	0.272601	0.279556	0.240331	0.243413	0.233916	0.234297	0.275847	0.239738	0.239307	0.276654	0.238144	0.238186	0.274822	0.268789	0.277905	0.265528	0.281680	0.238901	0.250816	0.234487	0.234886	0.236614	0.235870	0.266125	0.262994	0.271367	0.271995	0.271028	0.273822	0.269709	0.273516	0.273433	0.279263	0.277304	0.281780	0.275246	0.263754	0.276462	0.274997	0.269934	0.236629	0.270479	0.246616	0.273395	0.270798	0.272017	0.283505	0.275085	0.270218	0.276304	0.267993	0.236578	0.265617	0.233471	0.244423	0.247311	0.241033	0.231824	0.242224	0.239372	0.239305	0.238521	0.279057	0.232141	0.266375	0.242011	0.241181	0.278558	0.234994	0.243202	0.234828	0.239075	0.242424	0.238555	0.245697	0.240666	0.240102	0.278026	0.237515	0.232593	0.237261	0.241013	0.235865	0.273469	0.238262	0.238816	0.239480	0.236526	0.270705	0.242709	0.239107	0.242475	0.236195	0.239291	0.275780	0.245374	0.237989	0.239062	0.237892	0.267442	0.242235	0.256142	0.237967	0.240209	0.252102	0.244008	0.272903	0.273165	0.234322	0.240336	0.240336	0.240428	0.241371	0.272795	0.241104	0.241002	0.241855	0.237815	0.232866	0.240106	0.264970	0.238371	0.235184	0.265039	0.264747	0.241517	0.242312	0.240256	0.245712	
0.247456	0.239188	0.235400	0.000000	0.230588	0.233428	0.275954	0.277956	0.272126	0.247787	0.232738	0.277211	0.266153	0.272244	0.269403	0.267642	0.262737	0.278523	0.274903	0.251748	0.277157	0.266196	0.269643	0.274330	0.270491	0.229686	0.271571	0.272328	0.263366	0.248717	0.233703	0.268972	0.276369	0.272458	0.238684	0.269348	0.233708	0.276254	0.278373	0.266968	0.268459	0.277705	0.269356	0.241837	0.235328	0.267982	0.254726	0.238472	0.278601	0.237676	0.236811	0.243605	0.231561	0.236571	0.237881	0.275917	0.234763	0.243309	0.239237	0.239196	0.247418	0.240354	0.232521	0.246420	0.245984	0.281403	0.232097	0.239447	0.277462	0.268837	0.233804	0.280344	0.282465	0.271920	0.262956	0.269644	0.268024	0.257521	0.272514	0.273386	0.272941	0.279569	0.266033	0.255692	0.268350	0.267042	0.270000	0.274197	0.274118	0.264011	0.274145	0.270079	0.267343	0.274049	0.265672	0.268552	0.242229	0.247312	0.227160	0.231464	0.279441	0.238880	0.236397	0.272963	0.230708	0.239842	0.277484	0.270621	0.276656	0.265128	0.270315	0.240880	0.237700	0.226833	0.234312	0.239795	0.239418	0.269100	0.259950	0.271489	0.271255	0.268836	0.277175	0.274014	0.270478	0.278200	0.275510	0.281058	0.279765	0.275248	0.273163	0.277074	0.275104	0.276813	0.234270	0.276737	0.235787	0.271097	0.274546	0.273657	0.280419	0.277939	0.267387	0.273883	0.273654	0.238213	0.268813	0.238937	0.236169	0.241923	0.233657	0.234506	0.232313	0.236325	0.242395	0.239167	0.279385	0.232880	0.264814	0.240559	0.237243	0.280871	0.244485	0.242656	0.242104	0.237212	0.246269	0.235124	0.248429	0.242087	0.233134	0.278129	0.239429	0.241383	0.241200	0.241583	0.238065	0.268968	0.242168	0.237374	0.233326	0.240132	0.272446	0.242224	0.241526	0.236478	0.235342	0.239037	0.268549	0.239906	0.243668	0.232213	0.238534	0.258052	0.239744	0.253757	0.241930	0.236446	0.244184	0.233532	0.268213	0.264935	0.229833	0.244990	0.237630	0.240135	0.235625	0.271609	0.240834	0.231607	0.231960	0.236322	0.240090	0.240588	0.269117	0.238982	0.237313	0.265824	0.266462	0.239877	0.239598	0.234958	0.246187	
0.249746	0.234605	0.230712	0.230588	0.000000	0.231157	0.278268	0.278003	0.276813	0.240847	0.236410	0.273760	0.267179	0.280597	0.267150	0.268017	0.270140	0.279295	0.278442	0.250655	0.274358	0.270779	0.269841	0.275726	0.278974	0.240627	0.279087	0.271368	0.265950	0.242188	0.234185	0.278980	0.286112	0.284118	0.243777	0.269750	0.232267	0.276857	0.276478	0.271869	0.279689	0.283160	0.274359	0.239812	0.250583	0.267415	0.253410	0.238482	0.278242	0.242122	0.238997	0.243119	0.231321	0.234519	0.234993	0.272901	0.234998	0.237719	0.240489	0.236406	0.239790	0.238222	0.237897	0.243323	0.240539	0.285033	0.230238	0.243741	0.274508	0.273134	0.240695	0.278567	0.283568	0.273115	0.266979	0.273234	0.270883	0.258253	0.271131	0.276130	0.274046	0.276152	0.270134	0.263119	0.275928	0.263557	0.275280	0.277540	0.289245	0.271412	0.268464	0.270822	0.269817	0.272486	0.266152	0.273026	0.240466	0.243188	0.234462	0.235406	0.275016	0.241274	0.236269	0.284293	0.242095	0.237665	0.275685	0.272438	0.280315	0.270884	0.276409	0.238865	0.245779	0.231259	0.231247	0.234390	0.237013	0.273847	0.264674	0.269523	0.279256	0.269161	0.277423	0.274803	0.282482	0.277533	0.281046	0.283276	0.276910	0.276376	0.266205	0.279096	0.278876	0.278336	0.234630	0.280037	0.242507	0.273000	0.277730	0.273703	0.285958	0.276399	0.271087	0.276740	0.277791	0.238428	0.266392	0.233888	0.238731	0.242255	0.238126	0.229149	0.228529	0.229917	0.242187	0.245818	0.282525	0.233439	0.269297	0.242150	0.239949	0.279949	0.241239	0.246982	0.242553	0.240149	0.246597	0.236550	0.248221	0.245678	0.235714	0.279461	0.240476	0.239868	0.236973	0.238075	0.237177	0.271195	0.238253	0.240467	0.231955	0.237984	0.275866	0.243413	0.237822	0.233882	0.235342	0.235409	0.267659	0.239881	0.247227	0.235971	0.240979	0.263941	0.238628	0.257653	0.244208	0.243404	0.248851	0.246770	0.267573	0.271403	0.239323	0.248005	0.243773	0.239270	0.235342	0.263332	0.240637	0.243796	0.239343	0.238268	0.233892	0.238875	0.269779	0.239944	0.239658	0.265673	0.261848	0.239029	0.239121	0.240457	0.243482	
0.245875	0.239952	0.233014	0.233428	0.231157	0.000000	0.279856	0.281703	0.279172	0.243702	0.233410	0.283936	0.272178	0.280320	0.270646	0.277093	0.272382	0.282732	0.278605	0.255947	0.284248	0.278030	0.274072	0.277791	0.281811	0.236895	0.280619	0.281535	0.274997	0.242570	0.235346	0.278236	0.285310	0.279689	0.242974	0.276905	0.234565	0.277521	0.287174	0.273128	0.278629	0.284003	0.275161	0.243490	0.247601	0.277064	0.258662	0.242694	0.281842	0.242673	0.238601	0.241580	0.241811	0.241018	0.241198	0.278818	0.232860	0.232252	0.240324	0.231655	0.244628	0.235867	0.233509	0.245606	0.241992	0.289075	0.234484	0.244891	0.286217	0.277717	0.236839	0.284843	0.286745	0.280643	0.270291	0.271826	0.275185	0.257312	0.276640	0.285461	0.281391	0.283757	0.272778	0.270886	0.278000	0.267606	0.278690	0.281835	0.280702	0.271407	0.274849	0.275393	0.271186	0.282591	0.270282	0.276280	0.238399	0.240953	0.236175	0.240374	0.280222	0.242457	0.236374	0.283504	0.245805	0.240941	0.278873	0.279546	0.281415	0.270288	0.279749	0.236350	0.252828	0.225532	0.228111	0.240739	0.232644	0.280676	0.266370	0.273965	0.283744	0.273007	0.275667	0.278098	0.275537	0.282791	0.285541	0.289764	0.291011	0.278897	0.272329	0.279631	0.283311	0.282948	0.240629	0.282416	0.237513	0.283337	0.283653	0.278282	0.289505	0.283378	0.279544	0.279996	0.272695	0.239051	0.269827	0.236322	0.237541	0.243889	0.237245	0.233018	0.232702	0.237719	0.234035	0.238401	0.283602	0.234563	0.269885	0.235275	0.246812	0.284361	0.245001	0.246553	0.242590	0.241474	0.240826	0.240978	0.249864	0.245691	0.234129	0.279336	0.238090	0.243761	0.235878	0.237912	0.237654	0.271192	0.242328	0.238478	0.235596	0.246216	0.279202	0.240546	0.239309	0.239869	0.231795	0.237124	0.273199	0.242036	0.241557	0.245165	0.210572	0.257126	0.236589	0.251572	0.240380	0.236241	0.245988	0.246749	0.276802	0.278026	0.235103	0.236316	0.238074	0.243385	0.241062	0.269565	0.235172	0.238983	0.237743	0.235499	0.241189	0.240476	0.269790	0.244165	0.240680	0.277459	0.267137	0.233395	0.236334	0.241162	0.246088	
0.270943	0.275595	0.272602	0.275954	0.278268	0.279856	0.000000	0.113725	0.111392	0.275478	0.275472	0.238192	0.232986	0.243112	0.250824	0.240167	0.255240	0.235151	0.248526	0.265870	0.260810	0.258262	0.261195	0.233861	0.259151	0.275758	0.236580	0.236845	0.247508	0.279711	0.281910	0.236699	0.242811	0.234380	0.279874	0.266386	0.274418	0.230704	0.255240	0.265712	0.234789	0.243369	0.231953	0.275902	0.275080	0.255088	0.277595	0.276093	0.235037	0.276727	0.277073	0.275767	0.274901	0.275788	0.272379	0.244145	0.274021	0.278133	0.271927	0.280674	0.279045	0.274984	0.276786	0.275088	0.279838	0.255869	0.272380	0.281677	0.259496	0.236092	0.279864	0.255645	0.255138	0.257520	0.249390	0.257792	0.258720	0.242865	0.232758	0.253733	0.252496	0.261172	0.253238	0.252660	0.238061	0.251886	0.257318	0.233250	0.232780	0.252589	0.232605	0.251757	0.257974	0.251378	0.253656	0.232203	0.276967	0.286234	0.278906	0.278266	0.258301	0.284993	0.278131	0.260856	0.269613	0.276045	0.258075	0.234108	0.261614	0.255553	0.235557	0.277748	0.284434	0.272083	0.274360	0.282110	0.281132	0.227539	0.252183	0.230675	0.235795	0.253004	0.255253	0.255205	0.239291	0.230761	0.234585	0.261274	0.260686	0.231820	0.263337	0.230465	0.256997	0.235802	0.271387	0.253920	0.282560	0.250480	0.231108	0.235475	0.262688	0.235181	0.260259	0.260912	0.240415	0.276103	0.267905	0.279672	0.290618	0.287791	0.282893	0.275075	0.275884	0.274564	0.273450	0.275319	0.257289	0.274429	0.263310	0.282696	0.279437	0.231793	0.277476	0.280526	0.275957	0.279691	0.283201	0.281210	0.280707	0.276412	0.281602	0.227893	0.274400	0.277919	0.277466	0.278412	0.270044	0.231716	0.277601	0.283714	0.271503	0.280165	0.237241	0.272197	0.273007	0.275289	0.278741	0.272869	0.242126	0.277482	0.281642	0.268515	0.287182	0.215583	0.282373	0.258183	0.265707	0.283348	0.261538	0.270820	0.257948	0.257961	0.274681	0.277431	0.273335	0.278139	0.271465	0.268659	0.277930	0.283004	0.282592	0.273952	0.274579	0.272116	0.260497	0.276059	0.272637	0.261392	0.263112	0.276245	0.280664	0.279511	0.279495	
0.270935	0.277967	0.277660	0.277956	0.278003	0.281703	0.113725	0.000000	0.114702	0.279647	0.278266	0.239047	0.235777	0.241067	0.251866	0.236406	0.263275	0.234951	0.246278	0.272648	0.265897	0.262673	0.260066	0.235376	0.260256	0.279918	0.234944	0.239318	0.252073	0.284130	0.284629	0.236686	0.244328	0.234565	0.284511	0.268410	0.278497	0.233675	0.262192	0.267932	0.235282	0.239217	0.234704	0.279368	0.277332	0.253015	0.274646	0.276833	0.236842	0.278790	0.279591	0.277736	0.277867	0.280463	0.272504	0.247397	0.277459	0.284364	0.272766	0.280141	0.281525	0.282766	0.280350	0.278890	0.279453	0.255569	0.278451	0.284033	0.260400	0.238019	0.283580	0.259549	0.255395	0.259720	0.246970	0.255675	0.263936	0.246489	0.233875	0.257703	0.256604	0.263673	0.255865	0.253194	0.245744	0.253270	0.260322	0.235062	0.231913	0.252944	0.231457	0.249546	0.259569	0.252733	0.246762	0.233486	0.280235	0.290804	0.279374	0.278341	0.264644	0.287245	0.280038	0.266299	0.275573	0.276324	0.258582	0.234678	0.260660	0.257161	0.237472	0.280403	0.285965	0.270749	0.275237	0.283689	0.283115	0.227031	0.252431	0.231992	0.233361	0.253972	0.258967	0.257048	0.239802	0.234668	0.235640	0.268638	0.264693	0.233945	0.256806	0.232921	0.261041	0.233380	0.278865	0.254902	0.281817	0.255449	0.238408	0.235382	0.265013	0.238238	0.259524	0.263278	0.235233	0.276103	0.270739	0.281150	0.286967	0.289285	0.284908	0.276880	0.277736	0.277363	0.277467	0.278013	0.260977	0.276169	0.268198	0.286292	0.284355	0.233273	0.282202	0.283309	0.280957	0.281692	0.286565	0.281183	0.283468	0.279296	0.282352	0.228078	0.277546	0.285015	0.279546	0.279829	0.271879	0.231064	0.277025	0.287705	0.268511	0.279666	0.234706	0.279584	0.279817	0.278415	0.279943	0.271136	0.240239	0.278351	0.283260	0.270431	0.288689	0.215388	0.283399	0.256715	0.267207	0.287642	0.262000	0.274167	0.258878	0.258211	0.279777	0.281377	0.276209	0.282280	0.274205	0.270152	0.278983	0.285616	0.281707	0.280773	0.276648	0.278973	0.267552	0.283582	0.277512	0.263665	0.266558	0.278473	0.280726	0.275399	0.280754	
0.272156	0.276915	0.275822	0.272126	0.276813	0.279172	0.111392	0.114702	0.000000	0.276833	0.278782	0.233711	0.235213	0.235846	0.251677	0.236636	0.257694	0.232804	0.249234	0.267414	0.259447	0.257738	0.259709	0.231178	0.254443	0.274819	0.233893	0.235932	0.246654	0.276523	0.280481	0.230960	0.244684	0.234026	0.275952	0.263183	0.272077	0.229851	0.259670	0.264989	0.233952	0.240613	0.230421	0.274763	0.275711	0.252773	0.272485	0.275370	0.236311	0.278614	0.274527	0.276664	0.275118	0.277028	0.272020	0.239605	0.269204	0.282162	0.270632	0.276219	0.278070	0.276851	0.274430	0.273543	0.278762	0.253627	0.274716	0.276341	0.254111	0.239707	0.277801	0.251347	0.252262	0.250627	0.247531	0.251229	0.256023	0.243573	0.228941	0.254813	0.251489	0.258985	0.253868	0.250774	0.239383	0.253615	0.257807	0.231350	0.232080	0.251791	0.232901	0.249360	0.259396	0.248318	0.245293	0.229972	0.276603	0.285837	0.274411	0.279947	0.257371	0.283143	0.277772	0.257134	0.267625	0.271511	0.258306	0.233316	0.257860	0.253124	0.229157	0.278485	0.283778	0.268326	0.270727	0.277989	0.277141	0.224815	0.250809	0.226924	0.237734	0.250080	0.252588	0.252444	0.237532	0.232793	0.234917	0.261614	0.257799	0.227119	0.255125	0.227671	0.255088	0.234328	0.271356	0.250028	0.280684	0.250667	0.231703	0.230614	0.259649	0.236882	0.251729	0.255910	0.234386	0.271243	0.265059	0.278673	0.283945	0.285225	0.280672	0.271931	0.274264	0.269300	0.277606	0.274852	0.256520	0.273507	0.260268	0.278516	0.279201	0.231770	0.274445	0.272687	0.273471	0.279122	0.283273	0.279164	0.278473	0.278542	0.273849	0.224011	0.274300	0.278286	0.276078	0.276507	0.266504	0.228611	0.277393	0.283360	0.267793	0.275899	0.231227	0.274820	0.276975	0.272091	0.276071	0.276024	0.238766	0.277964	0.284253	0.267949	0.292944	0.207880	0.277026	0.256287	0.258602	0.275712	0.259111	0.272111	0.253753	0.256804	0.275516	0.277431	0.269289	0.280656	0.268683	0.265924	0.278110	0.279235	0.274756	0.270934	0.274495	0.273670	0.258933	0.275877	0.272294	0.261868	0.260836	0.277290	0.276593	0.272612	0.273945	
0.244304	0.246730	0.242354	0.247787	0.240847	0.243702	0.275478	0.279647	0.276833	0.000000	0.238896	0.281969	0.273716	0.278864	0.275458	0.279576	0.269152	0.280810	0.284496	0.251339	0.284050	0.276053	0.274388	0.278371	0.284179	0.242561	0.285973	0.276403	0.273065	0.252983	0.245451	0.277950	0.285891	0.275344	0.254553	0.269010	0.231795	0.281630	0.275888	0.271559	0.279962	0.284911	0.280220	0.224175	0.237387	0.275523	0.258834	0.226841	0.281544	0.229597	0.222903	0.230933	0.242337	0.226655	0.227825	0.279117	0.237282	0.231654	0.224462	0.246879	0.232416	0.244084	0.239519	0.233125	0.228678	0.283244	0.245381	0.228724	0.290967	0.277111	0.248776	0.287074	0.284189	0.281998	0.269059	0.276714	0.271336	0.268544	0.271752	0.280422	0.287129	0.283718	0.274225	0.266965	0.276515	0.268467	0.277595	0.280075	0.288376	0.280963	0.274061	0.276830	0.278683	0.283109	0.275781	0.279352	0.227273	0.231732	0.241863	0.241629	0.284554	0.246624	0.246211	0.284336	0.251019	0.230737	0.272960	0.282190	0.281964	0.271542	0.281627	0.248824	0.253944	0.233774	0.239708	0.247307	0.244488	0.281420	0.270340	0.277611	0.280685	0.270633	0.279399	0.280245	0.283147	0.282668	0.280531	0.283678	0.284816	0.280650	0.278457	0.281657	0.277618	0.284143	0.240365	0.281382	0.244613	0.277802	0.281916	0.277124	0.288695	0.283752	0.276743	0.281878	0.279510	0.228722	0.269193	0.238989	0.246936	0.252032	0.248194	0.237744	0.241958	0.240072	0.245012	0.245036	0.285638	0.245521	0.272513	0.244924	0.227282	0.283106	0.224248	0.230039	0.219158	0.225495	0.257164	0.245923	0.225188	0.230057	0.243752	0.278253	0.252106	0.220467	0.245949	0.249440	0.220152	0.274295	0.226126	0.243099	0.244666	0.245929	0.281343	0.243100	0.248008	0.252703	0.251416	0.217894	0.278561	0.246623	0.230589	0.224155	0.238371	0.260377	0.245403	0.255596	0.246395	0.243007	0.255445	0.242097	0.282669	0.273140	0.246916	0.229578	0.224503	0.228432	0.228238	0.269051	0.226246	0.245395	0.244799	0.230525	0.239695	0.229053	0.272460	0.231498	0.226453	0.273085	0.264139	0.250609	0.223879	0.251187	0.231316	
0.249595	0.241135	0.233628	0.232738	0.236410	0.233410	0.275472	0.278266	0.278782	0.238896	0.000000	0.272408	0.267848	0.276351	0.268249	0.272947	0.278682	0.277233	0.282501	0.258970	0.286769	0.273588	0.270750	0.271688	0.280112	0.239772	0.274624	0.275408	0.270910	0.244277	0.234964	0.272694	0.282615	0.281183	0.239761	0.262863	0.227856	0.279129	0.284805	0.272020	0.273400	0.279470	0.271946	0.243421	0.242957	0.274333	0.253098	0.241587	0.278416	0.241335	0.235986	0.243639	0.243410	0.237223	0.234539	0.272506	0.231700	0.234126	0.238568	0.233266	0.248533	0.232054	0.233107	0.243875	0.242859	0.285162	0.231322	0.244976	0.282995	0.269882	0.241891	0.287549	0.293272	0.281474	0.261968	0.276849	0.266441	0.266801	0.268515	0.286173	0.273536	0.280646	0.277217	0.265382	0.273346	0.268516	0.276271	0.278651	0.283599	0.269116	0.271515	0.271743	0.269464	0.279648	0.273782	0.274437	0.242401	0.240170	0.235006	0.239646	0.281892	0.240561	0.235865	0.285780	0.248676	0.238005	0.277976	0.271722	0.280862	0.271778	0.272599	0.240128	0.249891	0.230210	0.233918	0.236759	0.239191	0.273102	0.262988	0.275003	0.272792	0.272447	0.276081	0.275179	0.276095	0.279339	0.284376	0.286522	0.285560	0.278846	0.272429	0.278298	0.277825	0.276910	0.232315	0.282392	0.235783	0.280579	0.273536	0.269685	0.289861	0.277677	0.278604	0.279522	0.275371	0.243235	0.264003	0.234483	0.246018	0.243638	0.241456	0.229583	0.235181	0.239386	0.239215	0.235665	0.284603	0.233948	0.263726	0.243232	0.246839	0.281081	0.246337	0.250275	0.243160	0.238447	0.240444	0.235332	0.247654	0.241200	0.233277	0.276277	0.238382	0.245744	0.235121	0.235832	0.238221	0.277331	0.239716	0.240762	0.236948	0.241506	0.276584	0.238332	0.237662	0.230980	0.233186	0.237361	0.271898	0.242379	0.243111	0.244580	0.246045	0.252440	0.237712	0.248873	0.240606	0.240702	0.238088	0.243660	0.279508	0.274547	0.234789	0.237202	0.238869	0.241394	0.238981	0.262116	0.237199	0.240720	0.230548	0.236968	0.238187	0.238009	0.267836	0.243313	0.241535	0.266209	0.263266	0.240518	0.240780	0.235195	0.246588	
0.267116	0.279996	0.272456	0.277211	0.273760	0.283936	0.238192	0.239047	0.233711	0.281969	0.272408	0.000000	0.225254	0.228544	0.247161	0.241873	0.261415	0.229295	0.247742	0.274004	0.263612	0.264302	0.260274	0.229775	0.249700	0.274772	0.237449	0.232523	0.255265	0.277617	0.276603	0.236092	0.245706	0.228158	0.281930	0.259800	0.278178	0.234569	0.253456	0.263679	0.231541	0.243593	0.232803	0.275792	0.280604	0.250266	0.269807	0.281097	0.238274	0.281621	0.278133	0.277498	0.277425	0.277808	0.277545	0.244985	0.273882	0.283951	0.272125	0.278088	0.284434	0.287028	0.273653	0.283739	0.280619	0.261953	0.282369	0.272630	0.260155	0.235376	0.281716	0.253271	0.258243	0.252087	0.250374	0.262796	0.265118	0.250561	0.229701	0.256815	0.250294	0.255025	0.253314	0.251906	0.237385	0.252685	0.260051	0.231150	0.237989	0.256808	0.233259	0.248685	0.256853	0.251526	0.255779	0.230913	0.277895	0.283265	0.279741	0.278580	0.260990	0.279953	0.276639	0.260950	0.275634	0.284232	0.261480	0.237027	0.256870	0.256498	0.230678	0.283886	0.283319	0.270351	0.277595	0.281099	0.283335	0.231240	0.255319	0.226558	0.232647	0.254477	0.257239	0.251404	0.242247	0.225966	0.235035	0.257429	0.260264	0.241972	0.258764	0.233168	0.253272	0.233666	0.275926	0.251144	0.281536	0.251907	0.231908	0.235714	0.265147	0.239806	0.247018	0.262703	0.233132	0.276306	0.261428	0.285239	0.285684	0.284006	0.279829	0.278047	0.277778	0.274180	0.276868	0.279570	0.253095	0.275811	0.267278	0.277231	0.279252	0.235654	0.281834	0.286955	0.282339	0.278685	0.275077	0.279072	0.279842	0.280489	0.278831	0.228574	0.275305	0.282230	0.272950	0.277712	0.273377	0.231994	0.283785	0.277885	0.268598	0.275833	0.230326	0.280252	0.281588	0.277754	0.278231	0.272082	0.235383	0.274449	0.283724	0.279467	0.281614	0.264700	0.282101	0.201697	0.269844	0.279451	0.265030	0.281423	0.264119	0.251398	0.279494	0.277467	0.276068	0.274784	0.276916	0.273581	0.281743	0.285188	0.283017	0.275094	0.274133	0.279673	0.264751	0.283619	0.280692	0.264936	0.258581	0.280907	0.278970	0.282634	0.285653	
0.260123	0.279650	0.267529	0.266153	0.267179	0.272178	0.232986	0.235777	0.235213	0.273716	0.267848	0.225254	0.000000	0.231609	0.245492	0.236094	0.256898	0.231063	0.244935	0.264033	0.258485	0.250616	0.257645	0.227810	0.250733	0.268948	0.229794	0.235225	0.249122	0.277695	0.270317	0.230655	0.235321	0.235642	0.272110	0.258829	0.265474	0.233881	0.251469	0.263711	0.231628	0.232850	0.225135	0.273670	0.259070	0.246085	0.266951	0.269339	0.234343	0.275578	0.268766	0.275361	0.271753	0.273576	0.272475	0.242563	0.264392	0.272641	0.270308	0.274302	0.276177	0.275061	0.267478	0.275057	0.271560	0.251943	0.276251	0.265717	0.257094	0.240672	0.274028	0.252702	0.255937	0.248824	0.245664	0.249839	0.266474	0.236929	0.222411	0.254283	0.250400	0.253953	0.247624	0.250715	0.235526	0.251244	0.250274	0.226899	0.234707	0.252089	0.230974	0.252059	0.250326	0.246099	0.246225	0.229440	0.269637	0.279609	0.268384	0.276705	0.259206	0.275748	0.270184	0.252296	0.266916	0.270820	0.248672	0.232065	0.256130	0.249655	0.232522	0.276979	0.274928	0.264925	0.267803	0.269969	0.278898	0.228550	0.248485	0.224644	0.226668	0.250988	0.246811	0.246612	0.228285	0.227906	0.233476	0.250080	0.249756	0.230908	0.248564	0.229663	0.252297	0.230868	0.265702	0.251026	0.280366	0.246014	0.227953	0.227480	0.253703	0.233483	0.243173	0.257779	0.235845	0.267873	0.264077	0.269868	0.279110	0.282371	0.275461	0.266231	0.276180	0.270417	0.268342	0.269961	0.255467	0.270643	0.259800	0.276351	0.274984	0.232444	0.272387	0.276657	0.270472	0.276856	0.277630	0.271464	0.275657	0.270862	0.272446	0.230235	0.266614	0.279702	0.270158	0.268081	0.267743	0.224707	0.268076	0.276466	0.263578	0.276436	0.227215	0.273162	0.275546	0.269517	0.275666	0.264121	0.233353	0.273676	0.276675	0.270394	0.280448	0.257906	0.273145	0.249006	0.260289	0.277504	0.264098	0.273539	0.259291	0.250294	0.273086	0.274308	0.274493	0.271094	0.269447	0.266375	0.278844	0.274251	0.276852	0.274116	0.270192	0.269074	0.257348	0.278763	0.269261	0.259811	0.259288	0.275119	0.273281	0.274680	0.279514	
0.269121	0.285699	0.273177	0.272244	0.280597	0.280320	0.243112	0.241067	0.235846	0.278864	0.276351	0.228544	0.231609	0.000000	0.253972	0.246456	0.262231	0.234877	0.259051	0.269623	0.256694	0.258944	0.257477	0.229198	0.254479	0.279350	0.233887	0.234112	0.261470	0.281003	0.281665	0.237261	0.245046	0.238565	0.280434	0.266761	0.273797	0.239490	0.252788	0.267007	0.242643	0.244308	0.231778	0.278898	0.275913	0.259251	0.270153	0.274202	0.240130	0.279407	0.279161	0.277061	0.278074	0.276480	0.278367	0.249542	0.278285	0.280578	0.274611	0.278873	0.286103	0.286562	0.276209	0.287388	0.279229	0.254612	0.279655	0.281311	0.254607	0.241595	0.281635	0.257732	0.256896	0.252187	0.257411	0.257655	0.263817	0.249865	0.230927	0.256542	0.255294	0.260950	0.254670	0.256648	0.243917	0.252406	0.257618	0.232934	0.234796	0.258264	0.237206	0.258794	0.259198	0.252655	0.257053	0.237331	0.274404	0.285388	0.277421	0.278028	0.260889	0.282262	0.279922	0.259311	0.273938	0.283801	0.257482	0.234776	0.254785	0.258144	0.237664	0.285668	0.279691	0.269653	0.279721	0.280203	0.280501	0.233557	0.256511	0.234930	0.230254	0.255354	0.253614	0.256002	0.238692	0.232109	0.239545	0.261804	0.254743	0.234920	0.258437	0.240365	0.253384	0.234409	0.277515	0.254658	0.283729	0.252849	0.232824	0.228817	0.266933	0.243211	0.253986	0.255886	0.235095	0.278656	0.266659	0.279224	0.285420	0.281070	0.285159	0.275174	0.281661	0.277928	0.276107	0.279235	0.260028	0.276642	0.268561	0.278246	0.279092	0.234568	0.277784	0.283195	0.277016	0.276832	0.282756	0.279163	0.285391	0.278818	0.280622	0.230319	0.280205	0.278306	0.275135	0.281189	0.274478	0.229590	0.278853	0.278966	0.274639	0.278363	0.228316	0.281601	0.280778	0.276814	0.272951	0.264409	0.243280	0.281768	0.288497	0.273970	0.277273	0.266135	0.280645	0.254203	0.276337	0.287228	0.270718	0.278758	0.255857	0.261094	0.281545	0.284594	0.277149	0.278195	0.279048	0.271887	0.287741	0.282087	0.278050	0.278433	0.282334	0.278489	0.262879	0.283286	0.272983	0.264484	0.265739	0.284470	0.286628	0.280566	0.284634	
0.263586	0.275461	0.269557	0.269403	0.267150	0.270646	0.250824	0.251866	0.251677	0.275458	0.268249	0.247161	0.245492	0.253972	0.000000	0.252124	0.255905	0.256846	0.264509	0.261157	0.268570	0.253376	0.235587	0.244493	0.256006	0.274005	0.254423	0.254408	0.236520	0.274610	0.276060	0.250124	0.259889	0.253353	0.272757	0.258560	0.268577	0.254328	0.259829	0.262204	0.252393	0.262299	0.250838	0.269482	0.267221	0.234205	0.257295	0.268031	0.255034	0.270815	0.266487	0.268532	0.271257	0.271206	0.269116	0.243513	0.270624	0.279608	0.272321	0.271241	0.278660	0.275436	0.270700	0.272552	0.279470	0.259264	0.270831	0.274302	0.257547	0.255106	0.278353	0.257312	0.262072	0.260969	0.234431	0.245105	0.252378	0.231252	0.254604	0.258593	0.241953	0.246637	0.248582	0.236695	0.253058	0.226444	0.258524	0.254005	0.249501	0.229945	0.251278	0.241803	0.230477	0.254728	0.227180	0.251752	0.269640	0.268356	0.274083	0.274215	0.256813	0.274383	0.269721	0.268081	0.273171	0.271701	0.263373	0.251618	0.265382	0.231683	0.247964	0.274491	0.268010	0.262588	0.270665	0.269743	0.273210	0.249973	0.232207	0.248999	0.254667	0.227059	0.257736	0.259511	0.253150	0.256103	0.252222	0.259275	0.257732	0.255238	0.236464	0.255106	0.257265	0.253795	0.271877	0.255074	0.275281	0.260516	0.250701	0.249203	0.261588	0.253436	0.259035	0.261169	0.255400	0.274174	0.263375	0.267850	0.274759	0.277659	0.276553	0.273185	0.268146	0.271049	0.273570	0.270906	0.263604	0.273567	0.262790	0.275021	0.274984	0.254491	0.280231	0.284211	0.279119	0.270670	0.280260	0.267607	0.275693	0.276834	0.276505	0.247484	0.266262	0.280814	0.267884	0.269177	0.273933	0.254396	0.272271	0.272250	0.260111	0.274499	0.254046	0.266234	0.280026	0.268098	0.276246	0.266039	0.253597	0.269995	0.277102	0.276081	0.275440	0.263494	0.267933	0.245693	0.241052	0.271424	0.268553	0.271096	0.268970	0.230409	0.270897	0.271539	0.280529	0.270482	0.271282	0.268381	0.270494	0.271249	0.276607	0.269336	0.275086	0.266859	0.262911	0.279507	0.273950	0.264451	0.261663	0.272206	0.266425	0.268380	0.276777	
0.263567	0.275801	0.275775	0.267642	0.268017	0.277093	0.240167	0.236406	0.236636	0.279576	0.272947	0.241873	0.236094	0.246456	0.252124	0.000000	0.249527	0.237514	0.249214	0.258835	0.245188	0.243285	0.245616	0.242359	0.259975	0.273735	0.234950	0.241448	0.258029	0.274577	0.277853	0.245548	0.248909	0.244758	0.277985	0.263468	0.267298	0.242830	0.254539	0.270375	0.244319	0.244640	0.243041	0.276657	0.262215	0.253155	0.263100	0.274105	0.241873	0.268421	0.267598	0.272556	0.272192	0.270372	0.261591	0.252231	0.266284	0.278054	0.267623	0.272335	0.268683	0.280004	0.267743	0.277331	0.275789	0.254406	0.275124	0.275618	0.256240	0.247627	0.277901	0.252277	0.259396	0.253846	0.261440	0.254989	0.264037	0.250055	0.244875	0.259557	0.253426	0.260613	0.252673	0.256937	0.243179	0.250307	0.252089	0.243265	0.239795	0.257289	0.241478	0.254198	0.257637	0.251539	0.251581	0.241161	0.272424	0.280694	0.273333	0.272195	0.260791	0.277193	0.266468	0.263823	0.273787	0.276502	0.260630	0.238378	0.260550	0.254426	0.239689	0.277617	0.275094	0.263268	0.268766	0.274042	0.280987	0.242663	0.250559	0.242456	0.240847	0.252545	0.253524	0.251479	0.236455	0.235361	0.238058	0.256439	0.255527	0.244268	0.263866	0.242378	0.258869	0.245567	0.274034	0.249679	0.276713	0.247004	0.246010	0.240048	0.264478	0.251392	0.248362	0.250028	0.246141	0.272576	0.261715	0.272223	0.278776	0.281681	0.279355	0.271294	0.272162	0.270243	0.275900	0.272088	0.256743	0.271106	0.262636	0.276182	0.271446	0.241582	0.273362	0.281695	0.275797	0.281243	0.275835	0.272466	0.273779	0.275274	0.275801	0.237689	0.277771	0.277808	0.272687	0.280772	0.264269	0.247293	0.275611	0.278494	0.268056	0.271389	0.247765	0.273900	0.276262	0.268951	0.272952	0.269775	0.248778	0.268299	0.281094	0.266761	0.275584	0.246457	0.263502	0.251138	0.268241	0.270241	0.257870	0.273625	0.246331	0.241308	0.274972	0.277930	0.270667	0.275372	0.274205	0.272144	0.272525	0.275424	0.276880	0.272696	0.275647	0.277519	0.262624	0.272687	0.266835	0.263821	0.259594	0.274068	0.273795	0.278667	0.276060	
0.258344	0.272981	0.263606	0.262737	0.270140	0.272382	0.255240	0.263275	0.257694	0.269152	0.278682	0.261415	0.256898	0.262231	0.255905	0.249527	0.000000	0.257736	0.234137	0.242994	0.205176	0.217339	0.212244	0.263179	0.247023	0.268384	0.259294	0.255909	0.255801	0.278243	0.274096	0.257019	0.261753	0.250097	0.269565	0.255102	0.254165	0.258659	0.244229	0.268184	0.261556	0.268458	0.260236	0.263502	0.264584	0.257719	0.257567	0.268559	0.256988	0.267733	0.268958	0.266158	0.272152	0.267201	0.269517	0.249442	0.266680	0.276836	0.269417	0.273115	0.276114	0.278759	0.270426	0.277024	0.282864	0.239827	0.267695	0.269696	0.252049	0.256405	0.275470	0.245102	0.254773	0.245905	0.255189	0.242481	0.250000	0.249397	0.254464	0.252249	0.249163	0.252844	0.247599	0.250257	0.266542	0.250047	0.241783	0.251609	0.253936	0.243379	0.261931	0.244039	0.259357	0.242263	0.250746	0.248774	0.269502	0.281888	0.262922	0.266220	0.258471	0.280437	0.264575	0.248920	0.265845	0.269395	0.253025	0.254300	0.249244	0.250000	0.257479	0.275617	0.275931	0.260991	0.266767	0.269340	0.277516	0.251082	0.255399	0.256268	0.257337	0.251069	0.244975	0.239281	0.251316	0.254549	0.259798	0.251401	0.244511	0.256420	0.256634	0.259608	0.251819	0.258521	0.271305	0.241728	0.272349	0.238628	0.259280	0.256486	0.252416	0.259523	0.258178	0.240385	0.264556	0.275503	0.269071	0.274136	0.274707	0.279620	0.274433	0.270007	0.269497	0.275084	0.271051	0.271532	0.245807	0.270350	0.265318	0.272676	0.276313	0.260796	0.271575	0.270023	0.267137	0.269909	0.285211	0.273845	0.275209	0.274404	0.265773	0.256200	0.276502	0.271511	0.267804	0.277498	0.267037	0.252371	0.268551	0.273611	0.263060	0.262886	0.259955	0.273335	0.276061	0.272761	0.273425	0.252516	0.258265	0.268660	0.281291	0.265688	0.270874	0.271558	0.267910	0.261204	0.262703	0.264167	0.260504	0.269191	0.214919	0.209865	0.271968	0.275774	0.268402	0.265734	0.269155	0.259768	0.279432	0.273803	0.275985	0.270861	0.269043	0.268657	0.260746	0.267998	0.257695	0.268204	0.262292	0.270185	0.265375	0.269821	0.274470	
0.271400	0.284850	0.280422	0.278523	0.279295	0.282732	0.235151	0.234951	0.232804	0.280810	0.277233	0.229295	0.231063	0.234877	0.256846	0.237514	0.257736	0.000000	0.249575	0.266053	0.259764	0.251872	0.258815	0.232676	0.258883	0.274352	0.232359	0.235993	0.260059	0.279826	0.279434	0.235389	0.243767	0.243516	0.282914	0.265211	0.276356	0.240965	0.264187	0.274813	0.236825	0.244858	0.231406	0.282477	0.283176	0.253843	0.268655	0.275784	0.243773	0.275672	0.278850	0.277482	0.279667	0.277161	0.273153	0.251983	0.274816	0.282408	0.277666	0.277293	0.284599	0.284806	0.273490	0.281993	0.283449	0.260202	0.275694	0.282092	0.261666	0.235026	0.282498	0.260567	0.264159	0.260936	0.251429	0.258422	0.270692	0.248041	0.233700	0.261956	0.254958	0.256479	0.260000	0.258164	0.246663	0.254303	0.266747	0.231609	0.237843	0.254635	0.238428	0.254547	0.256679	0.256278	0.258829	0.232050	0.278766	0.289086	0.278104	0.279049	0.260670	0.282800	0.276902	0.266809	0.268510	0.279415	0.266485	0.242143	0.262177	0.255966	0.241266	0.284800	0.281490	0.269174	0.277440	0.279327	0.281247	0.235179	0.251184	0.234120	0.236081	0.255416	0.257103	0.258783	0.230794	0.232502	0.234536	0.257872	0.265903	0.238634	0.262807	0.241273	0.262034	0.230106	0.279415	0.259537	0.281180	0.259082	0.237855	0.231387	0.263186	0.231476	0.255599	0.262609	0.235822	0.278629	0.270352	0.278936	0.285942	0.286949	0.281836	0.276167	0.278377	0.270333	0.275563	0.278317	0.263062	0.275735	0.271426	0.281701	0.282854	0.236439	0.281366	0.284517	0.277578	0.284264	0.289585	0.280898	0.281908	0.277866	0.280110	0.233880	0.278226	0.284897	0.278512	0.280597	0.278652	0.235381	0.277854	0.279415	0.276695	0.277989	0.229156	0.281981	0.279568	0.274304	0.279103	0.281911	0.244325	0.281579	0.289082	0.278481	0.279358	0.261000	0.285350	0.257345	0.277532	0.283147	0.242514	0.283597	0.267431	0.252407	0.279599	0.279354	0.279556	0.277356	0.279977	0.270299	0.286362	0.284785	0.277617	0.278871	0.276582	0.279518	0.263848	0.285453	0.280137	0.262469	0.265696	0.280785	0.283511	0.283055	0.283201	
0.269719	0.286981	0.281950	0.274903	0.278442	0.278605	0.248526	0.246278	0.249234	0.284496	0.282501	0.247742	0.244935	0.259051	0.264509	0.249214	0.234137	0.249575	0.000000	0.259818	0.236080	0.242231	0.244675	0.255330	0.256223	0.274928	0.252529	0.256121	0.261264	0.286511	0.280120	0.249579	0.249128	0.251765	0.290214	0.272458	0.278021	0.245358	0.253735	0.276481	0.251816	0.256758	0.253562	0.274729	0.284225	0.265018	0.281868	0.284478	0.250828	0.280074	0.273927	0.284509	0.283432	0.281257	0.274952	0.261545	0.275913	0.277496	0.280980	0.282752	0.289347	0.288230	0.278062	0.283084	0.284802	0.254273	0.282959	0.280342	0.265678	0.258174	0.287600	0.256326	0.257126	0.253778	0.258763	0.256439	0.267867	0.254739	0.253039	0.257527	0.259221	0.262646	0.253329	0.260436	0.252395	0.259881	0.260253	0.252563	0.247439	0.254653	0.243609	0.253526	0.265665	0.250029	0.258904	0.249217	0.274861	0.285780	0.280832	0.284028	0.265266	0.283391	0.282478	0.258968	0.278017	0.267772	0.261447	0.246156	0.259281	0.261937	0.253570	0.290075	0.287536	0.271759	0.278016	0.278171	0.283751	0.246759	0.265724	0.248141	0.255162	0.260439	0.257232	0.257468	0.252263	0.248545	0.256794	0.267466	0.261386	0.256922	0.262829	0.256049	0.264736	0.255278	0.281452	0.260739	0.283857	0.252427	0.247788	0.256198	0.258619	0.248540	0.256325	0.255280	0.254202	0.278897	0.282576	0.289630	0.287817	0.291252	0.285081	0.280201	0.279099	0.269892	0.275462	0.286877	0.260522	0.276514	0.280440	0.285893	0.279452	0.247947	0.278171	0.281268	0.277847	0.279093	0.289653	0.282507	0.279320	0.282495	0.278087	0.249174	0.278945	0.282698	0.277545	0.286040	0.275815	0.251477	0.280300	0.289781	0.277305	0.279177	0.252726	0.284434	0.283816	0.285342	0.280595	0.272672	0.254871	0.283244	0.292117	0.279612	0.281706	0.272567	0.290429	0.262884	0.273355	0.283189	0.272060	0.272053	0.247017	0.240049	0.288980	0.282343	0.281394	0.282051	0.278486	0.281095	0.279117	0.289133	0.290315	0.273077	0.279812	0.283968	0.276559	0.284776	0.274241	0.276325	0.275409	0.283773	0.281514	0.288874	0.289432	
