0.000000	0.247856	0.249256	0.243815	0.246108	0.238655	0.267850	0.241317	0.245977	0.270454	0.262568	0.266560	0.254542	0.256132	0.256822	0.267608	0.259161	0.243726	0.263493	0.264002	0.251539	0.265518	0.259252	0.245165	0.263021	0.269446	0.260367	0.244914	0.261377	0.266321	0.264356	0.257734	0.253569	0.256869	0.237073	0.268854	0.221511	0.261357	0.270012	0.273423	0.268891	0.227646	0.231529	0.261905	0.262874	0.240048	0.267106	0.235754	0.242406	0.243600	0.241317	0.227445	0.233898	0.275518	0.241343	0.226711	0.246769	0.247359	0.241939	0.239386	0.239096	0.235186	0.235365	0.262186	0.248855	0.226566	0.254839	0.265818	0.238732	0.247970	0.260084	0.255061	0.261312	0.255587	0.251603	0.256195	0.275319	0.259795	0.266813	0.266266	0.250553	0.253972	0.267659	0.267349	0.249647	0.264909	0.274079	0.270454	0.262413	0.269139	0.252760	0.250152	0.259592	0.268347	0.241238	0.237962	0.242703	0.240949	0.254751	0.253157	0.239706	0.258391	0.252812	0.230984	0.254638	0.264338	0.254045	0.260377	0.262660	0.253513	0.250680	0.259296	0.244584	0.249646	0.242797	0.259252	0.262120	0.270420	0.263203	0.263789	0.259633	0.246424	0.258753	0.267343	0.262705	0.252749	0.246424	0.268127	0.258425	0.259155	0.256730	0.264435	0.240387	0.249638	0.251415	0.258798	0.267191	0.262363	0.265204	0.272855	0.260499	0.255583	0.267972	0.236034	0.262828	0.246348	0.251601	0.247750	0.245049	0.244458	0.243364	0.249354	0.260974	0.252632	0.243667	0.246455	0.236531	0.272545	0.235013	0.238663	0.248504	0.248749	0.232683	0.223752	0.244126	0.265731	0.244731	0.243577	0.250843	0.246452	0.240763	0.258875	0.242575	0.243173	0.247115	0.241913	0.266627	0.250149	0.249701	0.238294	0.242997	0.242385	0.272864	0.244173	0.240904	0.231960	0.230143	0.250611	0.241012	0.247267	0.249472	0.241046	0.236440	0.237033	0.258029	0.254023	0.239959	0.239279	0.238076	0.235532	0.265450	0.244390	0.238842	0.234818	0.249397	0.234811	0.255461	0.233407	0.245804	0.256630	0.262540	0.241414	0.235365	0.247073	0.235669	
0.247856	0.000000	0.241770	0.234067	0.236462	0.240082	0.277382	0.252531	0.240416	0.284245	0.281322	0.283077	0.271796	0.275279	0.273940	0.280654	0.278890	0.255780	0.284776	0.278131	0.271171	0.281211	0.283218	0.242062	0.277388	0.276847	0.267412	0.241870	0.237220	0.278834	0.283308	0.282163	0.241741	0.265887	0.235176	0.278379	0.281594	0.272316	0.278810	0.279813	0.277960	0.239434	0.249038	0.266736	0.260452	0.243659	0.279294	0.244027	0.239725	0.248168	0.238365	0.237119	0.241065	0.275769	0.235335	0.234082	0.244968	0.238190	0.256105	0.240038	0.234747	0.242809	0.247223	0.281415	0.237166	0.249239	0.281987	0.275272	0.236076	0.277945	0.282078	0.278440	0.261987	0.276913	0.268338	0.269790	0.280806	0.285124	0.284534	0.279894	0.283817	0.263657	0.275729	0.273432	0.283133	0.280779	0.284163	0.277789	0.272509	0.277568	0.274472	0.279874	0.269599	0.277289	0.239504	0.254599	0.237509	0.229301	0.277754	0.241248	0.235306	0.289777	0.249222	0.243740	0.284279	0.283307	0.286037	0.263711	0.280120	0.241071	0.244578	0.236998	0.241394	0.241372	0.233471	0.274703	0.271494	0.280857	0.284115	0.272556	0.277825	0.275928	0.282344	0.282491	0.283463	0.285519	0.278736	0.285461	0.274160	0.273004	0.283225	0.280378	0.238998	0.278014	0.246090	0.279958	0.278389	0.277152	0.291488	0.285113	0.271508	0.284901	0.271025	0.241110	0.270457	0.234156	0.237046	0.234567	0.235473	0.242500	0.250087	0.243786	0.281474	0.239151	0.264932	0.242741	0.244444	0.279577	0.244287	0.246817	0.235564	0.239962	0.249974	0.243619	0.238512	0.277988	0.236019	0.246344	0.241867	0.244990	0.243781	0.281191	0.247515	0.240265	0.237037	0.235697	0.275217	0.236606	0.236160	0.244276	0.237103	0.236701	0.271241	0.238815	0.242307	0.236141	0.240330	0.259993	0.240021	0.239094	0.242886	0.239658	0.253814	0.235238	0.275021	0.270169	0.240425	0.247445	0.243915	0.242056	0.270861	0.247059	0.232218	0.238223	0.244168	0.243462	0.270562	0.245257	0.243411	0.273987	0.272504	0.234169	0.244449	0.242226	0.246449	
0.249256	0.241770	0.000000	0.234499	0.244864	0.238182	0.275780	0.253006	0.241362	0.276505	0.274086	0.277438	0.273369	0.273560	0.265213	0.284207	0.275866	0.256133	0.283114	0.271581	0.270760	0.275263	0.282556	0.240930	0.275841	0.281734	0.269534	0.244654	0.245775	0.277603	0.284252	0.281980	0.247241	0.268955	0.238485	0.277106	0.279680	0.273754	0.275655	0.286557	0.275884	0.242945	0.252162	0.265636	0.260739	0.246708	0.276613	0.243574	0.243419	0.244518	0.246242	0.240342	0.239239	0.275766	0.247270	0.245624	0.250751	0.243260	0.251620	0.241040	0.239315	0.241707	0.244902	0.282686	0.241165	0.245621	0.276780	0.273387	0.244934	0.279168	0.282499	0.281436	0.267572	0.275409	0.271431	0.263912	0.270646	0.286810	0.281370	0.278278	0.280510	0.261059	0.275192	0.269920	0.282070	0.271096	0.270095	0.280125	0.273152	0.270008	0.273939	0.282862	0.274113	0.278926	0.240298	0.248878	0.241070	0.243293	0.277915	0.250057	0.243817	0.282250	0.243956	0.240683	0.278710	0.277778	0.283550	0.265028	0.283924	0.238622	0.255824	0.237351	0.248567	0.241398	0.246520	0.277660	0.275590	0.270358	0.274414	0.272963	0.279590	0.278419	0.270741	0.278200	0.283196	0.278514	0.281366	0.283628	0.271172	0.272354	0.283347	0.277535	0.242562	0.275877	0.242332	0.280313	0.280961	0.274025	0.289097	0.284161	0.276852	0.276884	0.273977	0.241441	0.276248	0.243089	0.244111	0.246175	0.243841	0.249040	0.245600	0.244036	0.277551	0.250258	0.269231	0.241283	0.244900	0.275772	0.249793	0.244824	0.241105	0.238283	0.242061	0.246262	0.244074	0.277778	0.242888	0.240278	0.244603	0.244475	0.242042	0.282633	0.243748	0.242885	0.238855	0.237133	0.272850	0.243400	0.241701	0.247932	0.238641	0.244453	0.272195	0.244065	0.239892	0.240906	0.249212	0.263390	0.247217	0.256962	0.242603	0.243496	0.252095	0.247003	0.278652	0.273222	0.234981	0.246869	0.243586	0.248728	0.276449	0.245931	0.242358	0.237179	0.244475	0.239516	0.266256	0.240791	0.245046	0.269255	0.272718	0.238902	0.248312	0.254168	0.249326	
0.243815	0.234067	0.234499	0.000000	0.230310	0.233735	0.271295	0.246704	0.232653	0.273905	0.275283	0.274061	0.268433	0.268173	0.266156	0.275538	0.271392	0.246359	0.276565	0.270144	0.265355	0.276533	0.277541	0.232965	0.275522	0.277358	0.255941	0.243005	0.234793	0.274524	0.275569	0.275034	0.239165	0.268312	0.227336	0.275426	0.276674	0.269560	0.273755	0.274197	0.268957	0.238566	0.239595	0.259729	0.251519	0.240898	0.273837	0.234255	0.245157	0.242024	0.236632	0.237508	0.241676	0.278324	0.236443	0.231511	0.242190	0.237265	0.247784	0.234421	0.230632	0.244539	0.243726	0.281875	0.232105	0.239007	0.273858	0.273498	0.233232	0.268234	0.278338	0.275035	0.257379	0.272603	0.265945	0.264068	0.275714	0.276338	0.280549	0.280427	0.274762	0.255241	0.275680	0.268077	0.275862	0.272551	0.278091	0.272536	0.272107	0.264935	0.266189	0.279595	0.263857	0.273909	0.237623	0.243337	0.236881	0.228884	0.273375	0.235131	0.233462	0.282869	0.236956	0.241477	0.273457	0.271201	0.272463	0.260040	0.276490	0.238622	0.242704	0.230801	0.240283	0.244915	0.237016	0.269198	0.260204	0.269800	0.274352	0.261330	0.275869	0.271533	0.275997	0.277105	0.275590	0.279359	0.275402	0.282218	0.263499	0.268809	0.276258	0.275434	0.237241	0.274031	0.232986	0.273792	0.276081	0.270389	0.288201	0.274044	0.268293	0.277766	0.272996	0.238387	0.266276	0.238870	0.237705	0.239197	0.235703	0.238165	0.245017	0.232791	0.279595	0.233570	0.264175	0.240444	0.238431	0.277608	0.246310	0.241812	0.236432	0.233561	0.248511	0.236508	0.234009	0.275226	0.241653	0.242853	0.243221	0.241633	0.237792	0.272422	0.240096	0.238762	0.233393	0.237758	0.270327	0.242450	0.234875	0.238592	0.232950	0.233665	0.268936	0.237234	0.243470	0.231113	0.237824	0.263382	0.237845	0.244672	0.236601	0.233402	0.244115	0.237162	0.268988	0.264366	0.237394	0.237554	0.240332	0.243845	0.265078	0.236266	0.234537	0.231466	0.239831	0.235703	0.265796	0.237069	0.241462	0.270524	0.269466	0.231884	0.236436	0.241089	0.245240	
0.246108	0.236462	0.244864	0.230310	0.000000	0.234580	0.273060	0.247315	0.241741	0.276973	0.275682	0.276210	0.274370	0.272668	0.274288	0.283705	0.275210	0.249450	0.283840	0.274340	0.271595	0.279832	0.277434	0.242017	0.280276	0.276545	0.267175	0.251019	0.236786	0.279328	0.287274	0.284949	0.240175	0.268021	0.242528	0.278081	0.274843	0.269895	0.279871	0.280055	0.274240	0.241675	0.251709	0.266162	0.254619	0.243375	0.273958	0.245335	0.244379	0.247254	0.245301	0.239206	0.241545	0.274651	0.230611	0.231111	0.242033	0.237791	0.245822	0.240984	0.238797	0.244793	0.241437	0.289012	0.233768	0.244542	0.280223	0.275668	0.240197	0.277547	0.286532	0.276979	0.259213	0.277054	0.277183	0.262993	0.275610	0.286002	0.275188	0.281148	0.283223	0.263818	0.277245	0.265421	0.284409	0.272473	0.286459	0.273978	0.274153	0.275924	0.269702	0.275948	0.268685	0.280536	0.236779	0.242494	0.232145	0.238746	0.279849	0.245426	0.237053	0.284472	0.248472	0.241038	0.282211	0.280187	0.280971	0.261702	0.277701	0.236159	0.250323	0.237078	0.238787	0.236966	0.234695	0.278627	0.268745	0.276586	0.281287	0.273527	0.280153	0.273226	0.284672	0.283925	0.279954	0.282081	0.279273	0.278276	0.270488	0.278413	0.277877	0.280952	0.233252	0.278380	0.246908	0.281013	0.280533	0.273078	0.288449	0.277667	0.273579	0.286756	0.275506	0.240169	0.267700	0.234003	0.236712	0.233864	0.234880	0.238851	0.248340	0.241842	0.282407	0.236574	0.268814	0.242244	0.240126	0.277225	0.237619	0.247212	0.242209	0.235153	0.239800	0.247753	0.235472	0.275094	0.236480	0.243427	0.241003	0.238905	0.243712	0.276003	0.240293	0.238855	0.240822	0.239099	0.277174	0.243981	0.238254	0.237902	0.230280	0.244843	0.273504	0.236922	0.243226	0.243033	0.245558	0.265680	0.236894	0.254989	0.246767	0.237998	0.256935	0.249762	0.270833	0.273634	0.238616	0.244868	0.242692	0.240435	0.269640	0.241209	0.243841	0.240490	0.236415	0.238825	0.272271	0.242572	0.244200	0.272346	0.268483	0.234151	0.243438	0.241837	0.240948	
0.238655	0.240082	0.238182	0.233735	0.234580	0.000000	0.279914	0.245358	0.232364	0.279607	0.275094	0.277015	0.272600	0.275277	0.269016	0.282329	0.274714	0.255269	0.284643	0.278293	0.273067	0.280851	0.281558	0.234084	0.278699	0.279629	0.264990	0.237122	0.234954	0.276334	0.282542	0.275854	0.239562	0.272888	0.238818	0.276093	0.281139	0.274859	0.276358	0.278086	0.273747	0.242637	0.247326	0.269280	0.257794	0.246784	0.273218	0.246546	0.238028	0.238495	0.246735	0.239836	0.242088	0.271567	0.237098	0.231998	0.246890	0.229660	0.243705	0.241313	0.229100	0.239814	0.240000	0.280494	0.235439	0.245796	0.283029	0.273977	0.235010	0.277968	0.282339	0.275493	0.262666	0.274514	0.273266	0.261595	0.276369	0.280484	0.282164	0.281192	0.275957	0.269512	0.273163	0.269808	0.282371	0.271231	0.274687	0.272806	0.276804	0.275591	0.272876	0.276814	0.268016	0.272827	0.240648	0.243138	0.240641	0.242343	0.279343	0.240873	0.237621	0.284112	0.245283	0.242971	0.275786	0.276607	0.281195	0.262702	0.286153	0.233373	0.257629	0.232887	0.236314	0.244130	0.233221	0.280382	0.269122	0.272472	0.283866	0.269334	0.280017	0.274427	0.278878	0.280217	0.278864	0.282256	0.276360	0.276240	0.271966	0.276379	0.281348	0.274709	0.240066	0.277562	0.239179	0.283997	0.273548	0.276694	0.287175	0.281921	0.276330	0.280524	0.272674	0.237807	0.274416	0.236054	0.235015	0.236967	0.233265	0.236237	0.233532	0.239628	0.281091	0.241169	0.267157	0.232810	0.237900	0.281230	0.243055	0.245708	0.235590	0.240142	0.251819	0.237204	0.237192	0.278359	0.236830	0.243504	0.236929	0.240263	0.239919	0.275462	0.242050	0.233664	0.235073	0.243720	0.275102	0.239387	0.240976	0.243868	0.235199	0.242495	0.274445	0.237929	0.239987	0.251089	0.218617	0.259134	0.237649	0.244749	0.246597	0.228571	0.248086	0.244667	0.272094	0.270986	0.230803	0.233144	0.243857	0.246931	0.269311	0.241371	0.238400	0.236990	0.241215	0.240951	0.268057	0.243352	0.242720	0.269545	0.270383	0.233658	0.240581	0.238771	0.247183	
0.267850	0.277382	0.275780	0.271295	0.273060	0.279914	0.000000	0.276309	0.277523	0.229859	0.233567	0.233923	0.251124	0.235141	0.259672	0.234229	0.249245	0.265663	0.266424	0.260935	0.252674	0.223674	0.254580	0.278143	0.229829	0.230432	0.242848	0.274602	0.278168	0.230975	0.244926	0.241637	0.276664	0.266314	0.268789	0.236472	0.260979	0.268850	0.234533	0.240267	0.232708	0.271811	0.283224	0.247093	0.276587	0.278694	0.235208	0.274593	0.277490	0.276339	0.278509	0.273426	0.276152	0.241534	0.272633	0.271780	0.274332	0.276909	0.277426	0.276431	0.276126	0.274930	0.272145	0.258805	0.277784	0.277240	0.255939	0.233852	0.281253	0.251582	0.257070	0.264908	0.242687	0.255176	0.260601	0.242519	0.237350	0.255981	0.251961	0.260549	0.252596	0.248053	0.241926	0.250611	0.255241	0.230976	0.232755	0.251760	0.236801	0.247638	0.259864	0.250244	0.246031	0.234524	0.274352	0.290584	0.279587	0.277705	0.259195	0.285879	0.272860	0.266127	0.273568	0.273828	0.262045	0.237581	0.258913	0.250729	0.237265	0.276795	0.280259	0.274815	0.277349	0.280223	0.276419	0.224987	0.245151	0.224539	0.239697	0.253033	0.254252	0.256573	0.234983	0.233552	0.233547	0.260824	0.249920	0.235748	0.250470	0.230012	0.259069	0.232719	0.276182	0.254025	0.281799	0.251891	0.233928	0.224469	0.268145	0.236593	0.253138	0.262035	0.235607	0.272977	0.266256	0.278658	0.280593	0.277883	0.277801	0.279581	0.278187	0.275302	0.260545	0.281904	0.263108	0.281185	0.278769	0.235017	0.273269	0.285535	0.277963	0.278994	0.274207	0.274364	0.278410	0.225600	0.277434	0.278771	0.278530	0.277772	0.265895	0.237136	0.275898	0.280517	0.269592	0.277275	0.237010	0.274577	0.273802	0.279550	0.275587	0.279985	0.245849	0.275226	0.278977	0.272976	0.287376	0.213136	0.278745	0.253042	0.265947	0.277968	0.258243	0.274575	0.261097	0.251659	0.270363	0.276266	0.275136	0.280218	0.270090	0.272001	0.276980	0.272208	0.277731	0.278970	0.262696	0.277583	0.276412	0.265843	0.267565	0.279750	0.277370	0.278331	0.275808	
0.241317	0.252531	0.253006	0.246704	0.247315	0.245358	0.276309	0.000000	0.243493	0.284771	0.281896	0.287212	0.280455	0.277056	0.280256	0.285907	0.279254	0.243411	0.292082	0.285131	0.275919	0.280132	0.284057	0.247046	0.286862	0.281622	0.272642	0.251488	0.247719	0.279796	0.289569	0.280971	0.258319	0.265070	0.242285	0.283290	0.285804	0.278373	0.282441	0.292086	0.283189	0.228807	0.235118	0.270458	0.260140	0.229581	0.281299	0.229923	0.227852	0.230890	0.257287	0.224483	0.231155	0.277720	0.239524	0.228889	0.232800	0.246572	0.232966	0.243001	0.244968	0.230829	0.232425	0.290726	0.253725	0.231043	0.293223	0.283111	0.243291	0.279619	0.294565	0.285913	0.269319	0.288096	0.269847	0.272718	0.275000	0.294609	0.291932	0.283849	0.283394	0.268135	0.275153	0.272208	0.290021	0.285484	0.292730	0.283933	0.281899	0.281436	0.278499	0.291292	0.270094	0.285439	0.227707	0.232614	0.246429	0.244520	0.284515	0.250948	0.246698	0.290637	0.257936	0.232241	0.285499	0.290148	0.287109	0.267844	0.287912	0.248426	0.258321	0.246311	0.244525	0.248107	0.243484	0.281137	0.277008	0.282079	0.287397	0.277000	0.285381	0.284796	0.284206	0.283190	0.283931	0.287124	0.286154	0.287677	0.280296	0.277866	0.284009	0.287344	0.248270	0.286496	0.254215	0.281890	0.287056	0.281851	0.296764	0.286706	0.282171	0.291287	0.283464	0.235907	0.274645	0.241534	0.248509	0.254342	0.249790	0.241883	0.246566	0.243571	0.290170	0.253145	0.268556	0.244966	0.231268	0.287507	0.223666	0.229338	0.250806	0.243943	0.229827	0.228830	0.246437	0.280310	0.247002	0.228833	0.248287	0.247278	0.225278	0.283644	0.225618	0.246438	0.249245	0.243725	0.282498	0.249714	0.245751	0.253299	0.245736	0.218893	0.280212	0.253163	0.230384	0.227123	0.237302	0.259177	0.245797	0.256368	0.255713	0.246199	0.258856	0.243440	0.284374	0.279287	0.249090	0.230264	0.228868	0.234812	0.276703	0.250084	0.249527	0.228044	0.246290	0.232991	0.267705	0.236064	0.226146	0.270505	0.275645	0.251583	0.226096	0.254423	0.229937	
0.245977	0.240416	0.241362	0.232653	0.241741	0.232364	0.277523	0.243493	0.000000	0.283584	0.279834	0.276396	0.269822	0.272953	0.276627	0.278870	0.279364	0.255503	0.291110	0.278913	0.273355	0.278507	0.279890	0.243246	0.275042	0.275148	0.274764	0.251325	0.240232	0.281333	0.283281	0.280785	0.242241	0.260418	0.236690	0.278873	0.286071	0.270796	0.278797	0.282820	0.273810	0.243852	0.247445	0.267086	0.256567	0.246389	0.277847	0.247153	0.247245	0.248727	0.246687	0.238115	0.244405	0.279354	0.232471	0.244469	0.238273	0.242686	0.251413	0.233074	0.230793	0.242002	0.240891	0.285540	0.240535	0.249321	0.284357	0.274028	0.236609	0.277085	0.283144	0.281830	0.264724	0.276380	0.270588	0.268189	0.274764	0.285414	0.285210	0.287061	0.281233	0.264948	0.282997	0.271251	0.283182	0.274078	0.283186	0.277900	0.276722	0.271372	0.272554	0.281348	0.270933	0.279565	0.239269	0.244885	0.237060	0.235064	0.280681	0.247768	0.238021	0.287651	0.255387	0.243966	0.282739	0.285759	0.283746	0.268535	0.279719	0.243023	0.257039	0.239031	0.239452	0.242939	0.239823	0.272244	0.275266	0.277597	0.278120	0.270771	0.283585	0.280722	0.279424	0.280613	0.279975	0.287640	0.276832	0.276298	0.273821	0.276737	0.285997	0.280771	0.243487	0.280791	0.244731	0.286013	0.278344	0.277358	0.290021	0.278284	0.275454	0.284601	0.275823	0.243946	0.268833	0.235496	0.244683	0.240671	0.237290	0.246807	0.251303	0.244240	0.287282	0.242064	0.267211	0.246159	0.249714	0.280508	0.251787	0.247411	0.239491	0.238491	0.244546	0.240910	0.237390	0.277407	0.239102	0.243801	0.239413	0.244994	0.240823	0.282541	0.243038	0.239750	0.242195	0.238695	0.277899	0.243915	0.235837	0.238184	0.235735	0.237923	0.277843	0.241998	0.241756	0.247241	0.244486	0.263236	0.243285	0.255712	0.251124	0.235184	0.247614	0.248938	0.279844	0.273628	0.229704	0.238939	0.243372	0.246744	0.267823	0.242133	0.232639	0.240060	0.243631	0.241678	0.267148	0.245708	0.245234	0.268738	0.272727	0.240806	0.245218	0.239802	0.247562	
0.270454	0.284245	0.276505	0.273905	0.276973	0.279607	0.229859	0.284771	0.283584	0.000000	0.232631	0.237155	0.248244	0.241825	0.259993	0.237842	0.243686	0.268906	0.269954	0.264889	0.257393	0.233599	0.255176	0.275818	0.232806	0.233277	0.251441	0.280315	0.280513	0.239483	0.251629	0.235976	0.277014	0.263467	0.274064	0.241035	0.260563	0.267441	0.238110	0.245135	0.234614	0.272459	0.286736	0.250000	0.270211	0.283063	0.239306	0.279484	0.282803	0.281900	0.282260	0.272324	0.281266	0.245951	0.275711	0.283476	0.276667	0.283684	0.288388	0.287750	0.276314	0.280309	0.280333	0.263928	0.281430	0.278562	0.257272	0.236217	0.288041	0.253071	0.262163	0.258558	0.246257	0.261804	0.268664	0.252256	0.230488	0.260985	0.257476	0.266116	0.256625	0.254248	0.242598	0.253934	0.261540	0.234756	0.239409	0.258912	0.236070	0.251053	0.256706	0.253320	0.252898	0.234719	0.280936	0.285368	0.280748	0.282940	0.263141	0.280245	0.277446	0.265033	0.278559	0.284966	0.264202	0.242680	0.261174	0.252113	0.235417	0.280380	0.283121	0.283262	0.283167	0.282940	0.282697	0.232670	0.255208	0.238033	0.234581	0.248242	0.257401	0.256874	0.243166	0.231831	0.234978	0.262148	0.261199	0.244642	0.252226	0.235888	0.256235	0.238566	0.274674	0.256468	0.279405	0.262098	0.243626	0.229604	0.265835	0.238697	0.252442	0.260823	0.234011	0.278937	0.269386	0.284963	0.281995	0.285052	0.282744	0.276489	0.278754	0.278358	0.254641	0.281263	0.266997	0.280600	0.283354	0.238560	0.284233	0.284473	0.275429	0.278806	0.280230	0.280420	0.278551	0.230446	0.281651	0.284261	0.278300	0.284675	0.273754	0.233818	0.283540	0.283516	0.274709	0.279754	0.228539	0.282215	0.281801	0.281338	0.282947	0.267984	0.243072	0.276486	0.282488	0.284013	0.282296	0.261128	0.277070	0.198124	0.276266	0.277902	0.264371	0.279459	0.265029	0.248303	0.274755	0.274843	0.274347	0.279379	0.275115	0.278480	0.279035	0.276391	0.280250	0.279308	0.266767	0.282461	0.282975	0.270553	0.266030	0.278097	0.287442	0.284332	0.285220	
0.262568	0.281322	0.274086	0.275283	0.275682	0.275094	0.233567	0.281896	0.279834	0.232631	0.000000	0.231421	0.245092	0.237167	0.258406	0.235881	0.246843	0.267475	0.263788	0.255976	0.253268	0.231904	0.254522	0.278272	0.230850	0.234870	0.246427	0.276093	0.275359	0.233670	0.247540	0.238509	0.276726	0.259000	0.263571	0.235800	0.253874	0.264465	0.235803	0.241547	0.232770	0.273833	0.267038	0.251270	0.273525	0.279694	0.236182	0.276822	0.275775	0.277324	0.283312	0.275242	0.280176	0.243730	0.278766	0.276477	0.273988	0.282898	0.287009	0.277349	0.274990	0.278317	0.272565	0.260512	0.279386	0.274360	0.258322	0.233573	0.275869	0.251711	0.263436	0.256111	0.244757	0.251495	0.260427	0.244749	0.233184	0.259091	0.258826	0.260407	0.250348	0.246045	0.234681	0.255010	0.251531	0.229886	0.229302	0.252886	0.235466	0.252019	0.254869	0.245606	0.250998	0.234822	0.269378	0.286930	0.277456	0.279103	0.256943	0.281697	0.274794	0.263394	0.272960	0.277204	0.260497	0.245067	0.256999	0.248804	0.229845	0.277597	0.282660	0.276556	0.277897	0.278734	0.280676	0.233757	0.252887	0.228874	0.236129	0.256614	0.252281	0.253265	0.231500	0.228461	0.230592	0.260883	0.255532	0.238943	0.252606	0.235308	0.254844	0.233577	0.273794	0.256754	0.279107	0.260527	0.230250	0.234217	0.262982	0.240677	0.256258	0.257042	0.245041	0.278199	0.267304	0.282108	0.277731	0.273615	0.277462	0.270759	0.275050	0.276293	0.251812	0.277627	0.264480	0.278707	0.275320	0.238379	0.281540	0.283851	0.275172	0.274563	0.276944	0.275570	0.277106	0.234025	0.277189	0.283222	0.276662	0.271916	0.269707	0.230737	0.281888	0.281857	0.272946	0.273171	0.233925	0.272339	0.277127	0.277737	0.277202	0.266194	0.242803	0.277452	0.279749	0.280242	0.276483	0.254876	0.276549	0.254848	0.266698	0.277902	0.262897	0.279218	0.264835	0.252163	0.270346	0.281850	0.278842	0.278228	0.267258	0.273913	0.278685	0.269409	0.279080	0.278344	0.262647	0.289741	0.273382	0.267984	0.268454	0.280042	0.282841	0.278561	0.287670	
0.266560	0.283077	0.277438	0.274061	0.276210	0.277015	0.233923	0.287212	0.276396	0.237155	0.231421	0.000000	0.248677	0.244994	0.261205	0.234693	0.245878	0.266683	0.264141	0.256746	0.252314	0.228088	0.256059	0.279502	0.232298	0.235095	0.254842	0.287198	0.281314	0.236009	0.244158	0.243596	0.280282	0.265895	0.276036	0.234189	0.255708	0.267484	0.239675	0.239081	0.232837	0.279434	0.280207	0.256178	0.273902	0.280077	0.240965	0.281257	0.281565	0.282073	0.282864	0.277843	0.283969	0.248310	0.274933	0.285260	0.279094	0.286155	0.285669	0.285669	0.277701	0.286342	0.278539	0.257726	0.284186	0.284710	0.255346	0.236686	0.281970	0.250368	0.261052	0.260369	0.253569	0.261814	0.265859	0.250106	0.228046	0.260302	0.258502	0.263698	0.253356	0.254179	0.242564	0.256784	0.266348	0.237139	0.234525	0.254223	0.237182	0.252869	0.262000	0.252195	0.255054	0.233247	0.276772	0.290340	0.279296	0.281969	0.262830	0.284132	0.277143	0.264458	0.283446	0.283522	0.259484	0.238095	0.259223	0.253583	0.230168	0.284571	0.278777	0.277754	0.281959	0.284956	0.279849	0.235847	0.251234	0.234113	0.235094	0.257682	0.254356	0.253984	0.235772	0.234276	0.235288	0.258401	0.254006	0.238332	0.256874	0.239573	0.256533	0.233365	0.277106	0.250282	0.287909	0.255408	0.232414	0.223803	0.268680	0.243373	0.260535	0.256591	0.233173	0.284019	0.268096	0.279809	0.278003	0.282098	0.279881	0.277731	0.280915	0.280439	0.254078	0.281069	0.266020	0.281701	0.279285	0.231022	0.279742	0.290125	0.279370	0.279966	0.287647	0.279321	0.277320	0.233712	0.283867	0.280492	0.278950	0.273569	0.277860	0.235823	0.280564	0.281898	0.277837	0.276981	0.234828	0.280047	0.274626	0.282319	0.277856	0.270882	0.241706	0.281624	0.288915	0.282132	0.285684	0.267461	0.280353	0.253698	0.280842	0.285912	0.271703	0.283814	0.260226	0.254743	0.278002	0.284566	0.280785	0.283611	0.271687	0.277809	0.281634	0.272985	0.284538	0.278820	0.266371	0.283118	0.279381	0.266913	0.270840	0.282370	0.289435	0.286646	0.283778	
0.254542	0.271796	0.273369	0.268433	0.274370	0.272600	0.251124	0.280455	0.269822	0.248244	0.245092	0.248677	0.000000	0.254431	0.250137	0.253821	0.259590	0.260493	0.268595	0.248605	0.233513	0.251984	0.254524	0.273121	0.256683	0.253138	0.233792	0.275873	0.277595	0.254704	0.266041	0.250667	0.266289	0.260865	0.268083	0.254507	0.262353	0.262959	0.255911	0.259534	0.251746	0.272279	0.273918	0.235306	0.256621	0.274395	0.258257	0.274366	0.273582	0.277586	0.278169	0.270492	0.277493	0.245941	0.271115	0.276678	0.279121	0.278634	0.278695	0.273277	0.269090	0.270676	0.277266	0.266561	0.274160	0.276951	0.259368	0.249766	0.274106	0.254845	0.264071	0.259188	0.230289	0.245965	0.244840	0.231219	0.259460	0.258378	0.246398	0.250869	0.251228	0.239743	0.257770	0.231623	0.264497	0.252441	0.250054	0.233900	0.251331	0.239292	0.233826	0.259649	0.224169	0.255011	0.267088	0.275801	0.277527	0.270406	0.258530	0.269748	0.271126	0.273555	0.271949	0.277505	0.266411	0.254079	0.264050	0.226399	0.250606	0.273511	0.279614	0.275133	0.276964	0.277748	0.273538	0.251656	0.230924	0.249509	0.255066	0.233316	0.256851	0.253034	0.252322	0.257675	0.250052	0.261727	0.251089	0.255494	0.236508	0.255758	0.258720	0.254713	0.273986	0.258565	0.274584	0.261947	0.249393	0.252939	0.267258	0.253628	0.258632	0.257847	0.255722	0.275953	0.264700	0.271215	0.273815	0.271945	0.272192	0.269725	0.274135	0.268115	0.259540	0.280262	0.262278	0.273771	0.271165	0.253294	0.274708	0.277766	0.275161	0.265530	0.275406	0.273183	0.276146	0.244309	0.271227	0.281165	0.267720	0.272470	0.272954	0.254902	0.269195	0.271240	0.263800	0.269462	0.251931	0.266222	0.276049	0.276558	0.270941	0.269099	0.264140	0.271763	0.272062	0.277486	0.274013	0.257892	0.268461	0.247312	0.243834	0.274513	0.258163	0.273131	0.265716	0.237069	0.265295	0.272130	0.273403	0.276439	0.259870	0.269813	0.274968	0.269074	0.276659	0.271955	0.264574	0.277407	0.273451	0.263582	0.264338	0.268683	0.275086	0.271936	0.276038	
0.256132	0.275279	0.273560	0.268173	0.272668	0.275277	0.235141	0.277056	0.272953	0.241825	0.237167	0.244994	0.254431	0.000000	0.252878	0.237058	0.248798	0.260182	0.249191	0.245315	0.248038	0.241905	0.255286	0.276323	0.243556	0.244331	0.250406	0.271446	0.273878	0.242571	0.241600	0.241017	0.272526	0.266392	0.258930	0.243126	0.259609	0.272618	0.242113	0.246225	0.238387	0.273687	0.268346	0.255109	0.273416	0.277668	0.248723	0.267822	0.275545	0.275364	0.277941	0.268019	0.270942	0.252267	0.269484	0.276668	0.275254	0.280547	0.284842	0.274026	0.269252	0.273816	0.271661	0.258782	0.275985	0.272875	0.257348	0.245242	0.276374	0.250537	0.258772	0.257181	0.252243	0.256276	0.256757	0.252003	0.240194	0.257293	0.260154	0.259199	0.253666	0.249101	0.241723	0.257506	0.259165	0.242518	0.238002	0.256845	0.244267	0.252657	0.261242	0.254110	0.256338	0.237558	0.274961	0.278250	0.270983	0.276282	0.260628	0.277923	0.274230	0.266295	0.278495	0.271586	0.264865	0.242219	0.262119	0.246419	0.243327	0.276257	0.277296	0.274181	0.277156	0.277612	0.275096	0.242969	0.246302	0.243587	0.245827	0.256963	0.257476	0.252352	0.240953	0.244494	0.241447	0.263072	0.255495	0.244841	0.249622	0.237103	0.261423	0.239870	0.273428	0.252348	0.277701	0.255148	0.245706	0.242859	0.267989	0.243730	0.240094	0.252713	0.247175	0.277366	0.267965	0.273221	0.273568	0.276436	0.274044	0.273013	0.278741	0.268003	0.259199	0.277958	0.270111	0.277832	0.276515	0.243009	0.275914	0.283660	0.274535	0.275387	0.273071	0.276591	0.275381	0.237520	0.276661	0.276183	0.272120	0.276158	0.271688	0.246565	0.278410	0.273182	0.264302	0.272992	0.238879	0.272973	0.272057	0.277556	0.269511	0.268065	0.245207	0.277137	0.277053	0.266905	0.277814	0.256632	0.262391	0.249931	0.277937	0.268009	0.263593	0.274326	0.255133	0.246134	0.272697	0.269771	0.273869	0.278607	0.266926	0.269391	0.267840	0.270189	0.272330	0.279991	0.266475	0.278498	0.271362	0.270240	0.267344	0.273218	0.280904	0.275306	0.276623	
0.256822	0.273940	0.265213	0.266156	0.274288	0.269016	0.259672	0.280256	0.276627	0.259993	0.258406	0.261205	0.250137	0.252878	0.000000	0.251456	0.228902	0.238573	0.206540	0.225083	0.211556	0.265592	0.244300	0.267613	0.260624	0.258347	0.255649	0.279240	0.276308	0.251061	0.261893	0.255818	0.271481	0.254280	0.256257	0.262715	0.247489	0.267180	0.258646	0.266998	0.259626	0.267670	0.270726	0.249002	0.269546	0.270899	0.258129	0.273466	0.268257	0.261561	0.277280	0.270963	0.261735	0.248906	0.273623	0.265689	0.274749	0.273506	0.279036	0.278689	0.266996	0.275783	0.267730	0.251358	0.279278	0.274973	0.250549	0.257970	0.271497	0.243072	0.258497	0.255036	0.246358	0.246812	0.244569	0.254194	0.261210	0.248066	0.250639	0.259462	0.239247	0.255833	0.264578	0.253534	0.247033	0.256814	0.255020	0.250732	0.262840	0.247302	0.261799	0.244162	0.256631	0.262914	0.258711	0.275312	0.268539	0.264523	0.250739	0.282156	0.261757	0.255934	0.273105	0.276164	0.260207	0.251954	0.244750	0.242380	0.258197	0.274531	0.275467	0.267226	0.272744	0.271344	0.279203	0.252307	0.247789	0.262861	0.257793	0.251095	0.242659	0.243114	0.255492	0.258419	0.255767	0.246791	0.243283	0.260766	0.255784	0.258382	0.246332	0.261060	0.270305	0.246186	0.268328	0.247249	0.257715	0.252683	0.254648	0.254920	0.259773	0.245178	0.262865	0.281461	0.265692	0.273576	0.269533	0.267903	0.268221	0.276335	0.267910	0.273587	0.247899	0.272926	0.258355	0.270082	0.268920	0.266191	0.269048	0.272959	0.274399	0.271880	0.276856	0.264706	0.261480	0.253936	0.273548	0.270636	0.278757	0.271345	0.261320	0.258529	0.276926	0.263698	0.267880	0.271113	0.256251	0.267831	0.278092	0.275273	0.270304	0.256512	0.261922	0.270465	0.278103	0.269149	0.266429	0.267719	0.274812	0.260525	0.261650	0.261840	0.252587	0.264885	0.207872	0.207771	0.270915	0.278953	0.269648	0.265726	0.258349	0.276996	0.274185	0.262962	0.282061	0.270528	0.257807	0.277757	0.266341	0.268634	0.268803	0.268120	0.268020	0.275531	0.279978	
0.267608	0.280654	0.284207	0.275538	0.283705	0.282329	0.234229	0.285907	0.278870	0.237842	0.235881	0.234693	0.253821	0.237058	0.251456	0.000000	0.251645	0.262259	0.264794	0.253235	0.252402	0.232734	0.261892	0.274605	0.238536	0.233091	0.259740	0.280429	0.281856	0.236584	0.243133	0.246892	0.283415	0.266408	0.272818	0.239582	0.260040	0.272003	0.239568	0.243794	0.238853	0.278562	0.289091	0.249871	0.272916	0.282347	0.241048	0.279577	0.280345	0.281797	0.287181	0.277842	0.280288	0.251763	0.276997	0.290370	0.278430	0.282729	0.287888	0.280266	0.274383	0.287949	0.281420	0.265324	0.281715	0.281456	0.258740	0.235960	0.280592	0.257798	0.268789	0.262568	0.242780	0.259910	0.272319	0.250000	0.239178	0.264272	0.265786	0.262180	0.254873	0.253816	0.247261	0.254881	0.263800	0.231065	0.247730	0.256611	0.239634	0.257367	0.256386	0.258058	0.255758	0.239650	0.282441	0.284399	0.283153	0.283192	0.267675	0.284730	0.277882	0.269919	0.271509	0.284141	0.271226	0.251423	0.268705	0.250207	0.239834	0.284697	0.285438	0.279738	0.282483	0.280621	0.280305	0.233330	0.252638	0.235697	0.235834	0.249427	0.263325	0.256486	0.230777	0.236272	0.232648	0.262321	0.262712	0.239548	0.250026	0.235572	0.268086	0.236405	0.278959	0.269286	0.285662	0.264964	0.236142	0.237464	0.268486	0.239058	0.255701	0.261719	0.239896	0.284244	0.273699	0.286981	0.278260	0.286819	0.281463	0.276562	0.285532	0.279291	0.260856	0.288499	0.272727	0.280733	0.281834	0.236146	0.281396	0.288503	0.284928	0.281888	0.284544	0.277309	0.285284	0.240836	0.284146	0.284852	0.281185	0.282636	0.276695	0.238708	0.281429	0.281201	0.277587	0.273725	0.233600	0.282421	0.276465	0.283921	0.279802	0.279962	0.241763	0.284186	0.288425	0.286963	0.283912	0.255127	0.284715	0.251378	0.278174	0.279038	0.238998	0.284382	0.266982	0.252473	0.275718	0.281462	0.277731	0.279957	0.270453	0.282869	0.284455	0.277486	0.283043	0.282083	0.268752	0.282108	0.279191	0.272844	0.269219	0.282091	0.284313	0.286967	0.287274	
0.259161	0.278890	0.275866	0.271392	0.275210	0.274714	0.249245	0.279254	0.279364	0.243686	0.246843	0.245878	0.259590	0.248798	0.228902	0.251645	0.000000	0.256247	0.240454	0.248548	0.236253	0.247042	0.259129	0.273478	0.245083	0.252769	0.251645	0.277448	0.268868	0.245735	0.250700	0.249794	0.275776	0.264781	0.275339	0.250701	0.254233	0.272870	0.255156	0.258987	0.246838	0.272350	0.284150	0.254051	0.269712	0.282799	0.248234	0.275000	0.272101	0.278606	0.276106	0.272012	0.273887	0.254235	0.273155	0.274559	0.276662	0.280336	0.283848	0.279509	0.273642	0.275664	0.280798	0.255314	0.278231	0.278282	0.254405	0.247656	0.283731	0.249612	0.257007	0.257375	0.251311	0.252408	0.262408	0.248296	0.247682	0.254383	0.257837	0.259647	0.255174	0.255696	0.249485	0.252259	0.255484	0.249257	0.248775	0.256758	0.247009	0.247117	0.261008	0.248760	0.258086	0.248633	0.275650	0.283532	0.273310	0.276462	0.254733	0.279702	0.276719	0.261064	0.275376	0.265431	0.256569	0.248778	0.254264	0.256419	0.248722	0.278834	0.279771	0.273255	0.280654	0.276153	0.277197	0.251280	0.260727	0.248232	0.254333	0.253073	0.255843	0.256095	0.246703	0.244795	0.254851	0.257620	0.259343	0.254154	0.258850	0.250730	0.260211	0.253952	0.268811	0.252447	0.279334	0.255367	0.253500	0.243905	0.267591	0.252081	0.260405	0.257704	0.247332	0.277247	0.277197	0.277073	0.282504	0.273288	0.274792	0.272381	0.279466	0.275670	0.253540	0.282151	0.272297	0.276101	0.277828	0.247621	0.282939	0.281762	0.274228	0.276777	0.281052	0.271731	0.277319	0.244425	0.278426	0.276159	0.275570	0.277684	0.270511	0.254241	0.278921	0.281208	0.274735	0.275153	0.246231	0.273326	0.275095	0.285635	0.280478	0.280646	0.256775	0.276623	0.286354	0.283476	0.273242	0.274234	0.282350	0.258787	0.266386	0.273032	0.266346	0.267594	0.240222	0.233782	0.277357	0.274279	0.271984	0.277086	0.273266	0.274456	0.279901	0.264389	0.277640	0.280864	0.266629	0.279528	0.279335	0.272998	0.271702	0.273992	0.285042	0.283448	0.281117	
0.243726	0.255780	0.256133	0.246359	0.249450	0.255269	0.265663	0.243411	0.255503	0.268906	0.267475	0.266683	0.260493	0.260182	0.238573	0.262259	0.256247	0.000000	0.247595	0.243616	0.242814	0.269689	0.264582	0.248241	0.265396	0.266300	0.264591	0.257492	0.246196	0.264863	0.263088	0.268678	0.255586	0.261068	0.242405	0.269759	0.263235	0.272414	0.268358	0.270867	0.263404	0.237081	0.241192	0.257410	0.267122	0.234145	0.268015	0.240686	0.243003	0.236172	0.252147	0.237091	0.242966	0.266187	0.247206	0.236408	0.249391	0.257922	0.252886	0.246338	0.248470	0.235152	0.240260	0.260217	0.255530	0.235734	0.262247	0.266618	0.249358	0.253243	0.267218	0.262299	0.262419	0.266634	0.264838	0.257946	0.267595	0.263873	0.270581	0.271420	0.258049	0.261175	0.261088	0.260367	0.264424	0.263861	0.268099	0.270950	0.265908	0.262217	0.264491	0.262828	0.265654	0.268369	0.244444	0.241138	0.251904	0.249402	0.263884	0.257760	0.251431	0.271236	0.262352	0.240664	0.263539	0.269774	0.258640	0.257296	0.266158	0.252674	0.265055	0.251829	0.249099	0.256254	0.247465	0.265493	0.257957	0.267746	0.270105	0.264239	0.262126	0.257877	0.268485	0.267951	0.268933	0.266921	0.260729	0.269564	0.264192	0.260180	0.264890	0.269935	0.245664	0.266042	0.255795	0.263281	0.268190	0.263857	0.272082	0.267111	0.267426	0.264134	0.270527	0.241083	0.265567	0.254285	0.247545	0.251382	0.248221	0.255538	0.247243	0.253984	0.264854	0.253075	0.266544	0.255322	0.241760	0.271947	0.245186	0.246859	0.254177	0.249449	0.246101	0.242206	0.250853	0.265798	0.250349	0.243587	0.259331	0.253557	0.235780	0.272194	0.235689	0.259772	0.247682	0.250577	0.265087	0.254878	0.258557	0.255811	0.247447	0.230088	0.270571	0.256976	0.246265	0.235116	0.242847	0.262891	0.251869	0.253978	0.239578	0.250469	0.254927	0.243305	0.247369	0.242857	0.249813	0.240758	0.243320	0.245142	0.269156	0.261544	0.250432	0.238500	0.254400	0.241706	0.263086	0.246721	0.234951	0.271380	0.265420	0.248845	0.239775	0.261186	0.245479	
0.263493	0.284776	0.283114	0.276565	0.283840	0.284643	0.266424	0.292082	0.291110	0.269954	0.263788	0.264141	0.268595	0.249191	0.206540	0.264794	0.240454	0.247595	0.000000	0.209372	0.261902	0.269671	0.219388	0.285263	0.265342	0.265444	0.266362	0.285685	0.285775	0.265088	0.262736	0.268756	0.286902	0.260487	0.279079	0.265929	0.225013	0.268288	0.265130	0.268174	0.269831	0.284431	0.293162	0.263017	0.276049	0.291455	0.272908	0.286017	0.286842	0.288335	0.285999	0.284158	0.286937	0.265075	0.285698	0.288494	0.285432	0.290282	0.295204	0.285893	0.283023	0.287554	0.279779	0.229915	0.287616	0.287955	0.223453	0.263109	0.293964	0.219631	0.230210	0.225837	0.259532	0.249085	0.266078	0.260200	0.269319	0.218950	0.259856	0.251286	0.221335	0.264210	0.264899	0.268406	0.223172	0.264284	0.265412	0.267148	0.265973	0.251358	0.266978	0.223818	0.263681	0.263428	0.288817	0.299560	0.287062	0.282443	0.228798	0.292537	0.282405	0.244855	0.292221	0.285729	0.239138	0.260393	0.226437	0.257948	0.262253	0.288200	0.291050	0.282645	0.284571	0.287007	0.290490	0.266071	0.259083	0.263777	0.266682	0.266111	0.218360	0.218596	0.269037	0.268128	0.268680	0.224927	0.226127	0.263497	0.264049	0.258882	0.226244	0.269255	0.286580	0.228228	0.289364	0.230528	0.270250	0.263065	0.233417	0.274738	0.275286	0.226085	0.273015	0.289797	0.269414	0.292927	0.281351	0.287102	0.283515	0.284777	0.287276	0.281985	0.219479	0.285744	0.259248	0.289016	0.286535	0.274442	0.289471	0.294112	0.288547	0.283556	0.295808	0.288468	0.285877	0.261574	0.289936	0.295041	0.282814	0.285505	0.286322	0.267020	0.284167	0.289641	0.281393	0.283423	0.268851	0.280432	0.290695	0.288617	0.277513	0.286123	0.272181	0.288303	0.291093	0.298598	0.288462	0.282862	0.289174	0.263812	0.282399	0.284518	0.285321	0.289802	0.151358	0.259126	0.278235	0.293705	0.286516	0.289664	0.264429	0.287904	0.287230	0.285576	0.291360	0.289256	0.260666	0.293683	0.288418	0.263929	0.262262	0.283214	0.291645	0.291288	0.290336	
0.264002	0.278131	0.271581	0.270144	0.274340	0.278293	0.260935	0.285131	0.278913	0.264889	0.255976	0.256746	0.248605	0.245315	0.225083	0.253235	0.248548	0.243616	0.209372	0.000000	0.215912	0.259585	0.238548	0.266881	0.262077	0.262951	0.251206	0.272493	0.270498	0.258954	0.264446	0.253419	0.279127	0.259722	0.268683	0.264514	0.242998	0.271665	0.261812	0.262075	0.263158	0.275103	0.284108	0.251050	0.270405	0.274591	0.261627	0.280477	0.279286	0.271102	0.275371	0.269574	0.271338	0.253693	0.277239	0.272112	0.276898	0.276065	0.282979	0.282435	0.274103	0.279271	0.270426	0.240682	0.280985	0.270896	0.243153	0.261808	0.276844	0.232969	0.244985	0.248463	0.247659	0.245394	0.248600	0.239517	0.258147	0.242083	0.241541	0.248561	0.242184	0.249791	0.264835	0.250419	0.245283	0.257006	0.255639	0.254846	0.263540	0.235588	0.252673	0.243816	0.248107	0.260756	0.278166	0.287081	0.270960	0.275324	0.243876	0.288390	0.276705	0.251719	0.269859	0.277258	0.248218	0.254283	0.234157	0.245091	0.263952	0.276706	0.274677	0.273372	0.281668	0.276006	0.276843	0.259679	0.242720	0.259617	0.265707	0.246569	0.238619	0.243005	0.261327	0.259242	0.259310	0.245423	0.245847	0.265017	0.249887	0.259495	0.238543	0.261140	0.272141	0.245429	0.268293	0.244653	0.263447	0.258953	0.248607	0.259721	0.261828	0.249077	0.257535	0.279691	0.250728	0.276332	0.280595	0.273885	0.276292	0.276467	0.278539	0.277895	0.238059	0.273438	0.254675	0.286882	0.275684	0.264034	0.270050	0.275680	0.279168	0.277247	0.284247	0.278299	0.277593	0.260652	0.278855	0.282609	0.278070	0.278477	0.269903	0.259785	0.279263	0.274905	0.271125	0.268681	0.259405	0.273880	0.271076	0.279228	0.267909	0.280072	0.263210	0.286566	0.278418	0.273624	0.275041	0.274110	0.282114	0.271323	0.269684	0.276881	0.261605	0.273917	0.224449	0.206976	0.272545	0.283357	0.274564	0.278341	0.261752	0.277160	0.277752	0.278858	0.283778	0.273889	0.261084	0.273438	0.280871	0.265325	0.264571	0.272837	0.278132	0.280828	0.281160	
