0.32985526166023626526 0.00000053550947003789 0.67014420283029363379 
0.00177472942604405557 0.05963466785587623331 0.93859060271807970288 
0.01023368728878626226 0.05267140899486334044 0.93709490371635029149 
0.01333107552198199187 0.02840179704767614721 0.95826712743034192510 
0.01063540198407915589 0.01011766226834692056 0.97924693574757382120 
0.00628642512562791519 0.02535787206987279857 0.96835570280449934089 
0.00000000099999999995 0.99999999799999994554 0.00000000099999999995 
0.00000000099999999996 0.00000000099999999996 0.99999999800000005656 
0.00329187311752904364 0.00334978198454792628 0.99335834489792296242 
0.00000000099999999996 0.99999999800000005656 0.00000000099999999996 
0.00000000099999999997 0.99999999800000005656 0.00000000099999999997 
0.00000000099999999998 0.99999999799999994554 0.00000000099999999998 
0.15736777616163569182 0.70566419260180324180 0.13696803123656114964 
0.19231559492859642835 0.67304429730916237595 0.13464010776224119570 
0.50601809568860067756 0.27533204091099416910 0.21864986340040515334 
0.00000000099999999996 0.99999999799999994554 0.00000000099999999996 
0.26416370957633772409 0.61025944580407420759 0.12557684461958817934 
0.27801626695366682407 0.11195748809163499904 0.61002624495469826016 
0.99999999799999994554 0.00000000099999999991 0.00000000099999999991 
0.61484402973728968789 0.34244487888120411778 0.04271109138150634005 
0.18191392058167857315 0.71060761126263727316 0.10747846815568423695 
0.00000000099999999997 0.99999999799999994554 0.00000000099999999997 
0.99999999799999994554 0.00000000099999999994 0.00000000099999999994 
0.00433507146079706914 0.06185142934449436997 0.93381349919470857390 
0.00000000099999999997 0.99999999800000005656 0.00000000099999999997 
0.00000000099999999997 0.99999999800000005656 0.00000000099999999997 
0.16009757707925842407 0.69829286138711854637 0.14160956153362305732 
0.02321921678073441894 0.03862449388815759888 0.93815628933110795096 
0.01424928555775681685 0.00000925908470661882 0.98574145535753665559 
0.00000000100000000000 0.99999997717705013667 0.00000002182294985476 
0.03281701098389469551 0.89314640225342256663 0.07403658676268276562 
0.02828254808809790508 0.97171745091190209198 0.00000000099999999999 
0.00002798401745035079 0.08823216904228675661 0.91173984694026288800 
0.70324003915227639716 0.00000000100000000000 0.29675995984772363112 
0.04257413785996937150 0.00733215590437087845 0.95009370623565980729 
0.00001612017753547609 0.99998387882246442260 0.00000000099999999998 
0.99999999799999994554 0.00000000099999999994 0.00000000099999999994 
0.70760751508009356314 0.01752835985017528811 0.27486412506973112446 
0.00000017300383713602 0.99999982599616288326 0.00000000099999999999 
0.00876289991182461515 0.99123709908817547731 0.00000000099999999998 
0.00008752023532227358 0.99991247876467770350 0.00000000099999999998 
0.00000000099999999996 0.00000000099999999996 0.99999999800000005656 
0.00000058071214877407 0.08023109799379958551 0.91976832129405161620 
0.15565382618495712808 0.70653008923848403811 0.13781608457655875055 
0.06848435613185444026 0.33965187370372418307 0.59186377016442126564 
0.00000000099999999995 0.00000000099999999995 0.99999999800000005656 
0.00000000705230576945 0.99999999194769428890 0.00000000099999999999 
0.00000000099999999995 0.00000000099999999995 0.99999999799999994554 
0.00000000099999999997 0.00000000099999999997 0.99999999799999994554 
0.00000000099999999996 0.00000000099999999996 0.99999999800000005656 
0.02285621429529911819 0.01874844080047027850 0.95839534490423061719 
0.00000000099999999993 0.00000000099999999993 0.99999999799999994554 
0.00000000099999999994 0.00000000099999999994 0.99999999800000005656 
0.11174808886486783943 0.88741082273172366968 0.00084108840340845425 
0.02805446575087658032 0.03621919031034620540 0.93572634393877729408 
0.00000000099999999999 0.00000000099999999999 0.99999999799999994554 
0.00000000099999999995 0.00000000099999999995 0.99999999800000005656 
0.02729425428594996553 0.00414602433734695842 0.96855972137670298672 
0.00000000099999999996 0.00000000099999999996 0.99999999799999994554 
0.01372895934106014085 0.01459430072689519610 0.97167673993204461969 
0.00000000099999999999 0.02552631359721171944 0.97447368540278833660 
0.00000000099999999997 0.00000000099999999997 0.99999999800000005656 
0.00000000099999999995 0.00000000099999999995 0.99999999800000005656 
0.93193389541841820112 0.06806606876360686564 0.00000003581797495513 
0.01334382491070229895 0.00000006992264457463 0.98665610516665314123 
0.00996095738049990707 0.00000000099999999999 0.99003904161950007090 
0.99999999799999994554 0.00000000099999999996 0.00000000099999999996 
0.01008014341834930286 0.98991985558165063175 0.00000000099999999998 
0.00696872051625581617 0.02860899370707027656 0.96442228577667388212 
0.99999972747017074060 0.00000027152982930593 0.00000000099999999998 
0.99857945970797667989 0.00142053929202334817 0.00000000099999999997 
0.96237679895209671255 0.03762320004790334349 0.00000000099999999998 
0.16634404360430155023 0.70461496841337589725 0.12904098798232249701 
0.58941258650111394424 0.36731654778595790312 0.04327086571292811795 
0.44247886962248506038 0.32879917893703697329 0.22872195144047793858 
0.20539603899279573751 0.65724994449612017533 0.13735401651108408716 
0.00000000099999999997 0.99999999799999994554 0.00000000099999999997 
0.99999999800000005656 0.00000000099999999995 0.00000000099999999995 
0.57888804761473422467 0.40616125487671039807 0.01495069750855543625 
0.60077001381913230915 0.35932692130594229285 0.03990306487492543963 
0.89892744952787206891 0.10107254947212794549 0.00000000100000000000 
0.20278396143909355187 0.51582406596157304168 0.28139197259933346196 
0.07705073965397070401 0.80127187041740211004 0.12167738992862729697 
0.12393723551187307841 0.72103541928997638699 0.15502734519815047909 
0.99679542210720506468 0.00320457689279494713 0.00000000099999999998 
0.00000000099999999997 0.99999999799999994554 0.00000000099999999997 
0.03480312451479292135 0.96519687448520696815 0.00000000099999999999 
0.14892845647737565362 0.74473922852823148943 0.10633231499439278755 
0.00570408672558335959 0.99429591227441660450 0.00000000099999999998 
0.57694482938499824787 0.38532497374044299976 0.03773019687455866911 
0.15553975115556126219 0.65248353192892571961 0.19197671691551301820 
0.92664018720306118304 0.07335981179693866483 0.00000000099999999997 
0.14074102392804796469 0.69889609744727076990 0.16036287862468120990 
0.04339611757491293464 0.95660388142508712139 0.00000000099999999998 
0.00000000099999999995 0.00000000099999999995 0.99999999799999994554 
0.00000000099999999993 0.00000000099999999993 0.99999999799999994554 
0.02028708668613302471 0.00883835279251437948 0.97087456052135256979 
0.00004096546905831177 0.00250310676161025767 0.99745592776933145185 
0.94579742537881539288 0.01720513611445652694 0.03699743850672801426 
0.02762293869053965983 0.05195389049480218097 0.92042317081465818696 
0.01482929013417466114 0.01318467098140049115 0.97198603888442480780 
0.86317048117155703579 0.02643682512467400436 0.11039269370376904311 
0.01600135671537248477 0.15189386792325812459 0.83210477536136950860 
0.00000000099999999995 0.00000000099999999995 0.99999999800000005656 
0.82119394967392977946 0.01472751571098552745 0.16407853461508473125 
0.07124638627847205974 0.92875361272152801018 0.00000000099999999997 
0.99999999800000005656 0.00000000099999999995 0.00000000099999999995 
0.19397503124311066269 0.68368039050763229625 0.12234457824925704106 
0.00000000099999999998 0.99999999799999994554 0.00000000099999999998 
0.03939039127970986320 0.00000000100000000000 0.96060960772029013732 
0.19055185473080168967 0.03604327525300370788 0.77340487001619473428 
0.02080952558548329265 0.02522695188621822127 0.95396352252829852425 
0.00590026091390381206 0.03033355427001209817 0.96376618481608411493 
0.00000016627486405743 0.05087380080647161545 0.94912603291866426414 
0.00000001242733027367 0.00057507029152569855 0.99942491728114413174 
0.01544010356609594285 0.98455989543390398655 0.00000000099999999998 
0.18256563744944998007 0.68380064300543930145 0.13363371954511080175 
0.01023945012424925909 0.98976054887575071195 0.00000000099999999998 
0.00000617682688760438 0.99999382217311250098 0.00000000099999999999 
0.16075254313642967086 0.73957957021842291034 0.09966788664514739104 
0.99999999799999994554 0.00000000099999999993 0.00000000099999999993 
0.99999999800000005656 0.00000000099999999995 0.00000000099999999995 
0.00000000099999999996 0.99999999800000005656 0.00000000099999999996 
0.00000000099999999996 0.99999999799999994554 0.00000000099999999996 
0.00001712083220856659 0.99998287816779152237 0.00000000099999999997 
0.99999843489476625269 0.00000156410523367579 0.00000000099999999996 
0.96389977272147331355 0.03610022627852674248 0.00000000099999999999 
0.00000000099999999996 0.99999999800000005656 0.00000000099999999996 
0.15220749736920766160 0.73658921052176862254 0.11120329210902367423 
0.06306560500718755291 0.93693388738472938027 0.00000050760808297811 
0.99999999800000005656 0.00000000099999999993 0.00000000099999999993 
0.00001194485285817372 0.99998805414714175832 0.00000000099999999997 
0.02096575996988582144 0.04520830211486968897 0.93382593791524448612 
0.88134700227835582886 0.11865299672164424105 0.00000000099999999998 
0.00071426047843332029 0.11126765169180179160 0.88801808782976487944 
0.99999999799999994554 0.00000000099999999995 0.00000000099999999995 
0.00000715487337118012 0.99999284412662881039 0.00000000099999999998 
0.00000000099999999996 0.99999999800000005656 0.00000000099999999996 
0.99999999800000005656 0.00000000099999999995 0.00000000099999999995 
0.00000000099999999996 0.99999999800000005656 0.00000000099999999996 
0.06880980290891201834 0.68135771600919170510 0.24983248108189617942 
0.99999999799999994554 0.00000000099999999996 0.00000000099999999996 
0.00090134936295669559 0.99909864963704320129 0.00000000099999999999 
0.00000000099999999998 0.00000000099999999998 0.99999999799999994554 
0.72062200700093004269 0.00000000099999999999 0.27937799199906987457 
0.01712541993634023041 0.00000000100000000000 0.98287457906365971461 
0.02333484331604451789 0.00000000100000000000 0.97666515568395551039 
0.03848903649727979104 0.00025346876339855045 0.96125749473932164957 
0.01452026410606875768 0.02310125418185538654 0.96237848171207596160 
0.03106530813280621722 0.01964929983938990335 0.94928539202780393147 
0.03506372012478956024 0.09818843870572244170 0.86674784116948810908 
0.02433955575534245061 0.00000753541248865850 0.97565290883216893025 
0.99999999799999994554 0.00000000099999999994 0.00000000099999999994 
0.01717874337143859148 0.02252627546247640278 0.96029498116608491554 
0.73159431864367008291 0.00000000099999999999 0.26840568035632988986 
0.02234394855673790467 0.00000050304752488835 0.97765554839573709511 
0.00000000099999999994 0.00000000099999999994 0.99999999800000005656 
0.00000000099999999996 0.99999999799999994554 0.00000000099999999996 
0.00000000099999999994 0.00000000099999999994 0.99999999799999994554 
0.00000000099999999994 0.00000000099999999994 0.99999999800000005656 
0.02347996319482240080 0.05251713493394345039 0.92400290187123412800 
0.02976419866808902026 0.01453312655207994984 0.95570267477983106286 
0.00000000099999999997 0.00000000099999999997 0.99999999800000005656 
0.00000000099999999995 0.00000000099999999995 0.99999999799999994554 
0.02077033048025487758 0.01586536112046812649 0.96336430839927700287 
0.00000000099999999996 0.99999999799999994554 0.00000000099999999996 
0.03935588951053333590 0.02010312619258432243 0.94054098429688237637 
0.00000000099999999995 0.00000000099999999995 0.99999999799999994554 
0.02790791207816320507 0.03652994390759046334 0.93556214401424642180 
0.00067218590682930084 0.03178104630063177671 0.96754676779253900865 
0.00000000099999999998 0.00000000099999999998 0.99999999800000005656 
0.00000000099999999997 0.99999999799999994554 0.00000000099999999997 
0.00000000099999999997 0.00000000099999999997 0.99999999799999994554 
0.02143365243127993980 0.02022125308554909365 0.95834509448317095615 
0.02914161056597192392 0.05365216279243317787 0.91720622664159490167 
0.00000604754739631134 0.04156099159433944423 0.95843296085826434894 
0.00000000099999999996 0.99999999800000005656 0.00000000099999999996 
0.04830097940639312137 0.09179739675067692672 0.85990162384293000741 
0.00000977080797235120 0.04094967839483300287 0.95904055079719463528 
0.00028199949085481958 0.02822919909266108016 0.97148880141648408237 
0.04511832561453750501 0.00028603548822504928 0.95459563889723741958 
0.00000000099999999999 0.03165911684482893007 0.96834088215517111209 
0.00000000307364578781 0.87184852386395850221 0.12815147306239574321 
0.02219153956697067498 0.06548812529571712560 0.91232033513731225494 
0.00000000099999999993 0.00000000099999999993 0.99999999800000005656 
0.00003796142143398002 0.00000013281224657235 0.99996190576631938107 
0.05076022932212235356 0.00000000100000000000 0.94923976967787759840 
0.00000000100000000000 0.46000836327904670586 0.53999163572095321140 
0.00037357034132357752 0.00047190789266166624 0.99915452176601482481 
0.08505069791603997453 0.43023482706578652923 0.48471447501817360726 
0.03411359988807383808 0.12615599228691429246 0.83973040782501195967 
0.00519980726457051727 0.03785029727775540004 0.95694989545767417116 
0.00000000100000000000 0.39632653452677335526 0.60367346447322667302 
0.00008195581667750020 0.03190797694133566675 0.96801006724198690456 
0.82195506201705126337 0.00042848102755446921 0.17761645695539421408 
0.17126584739842337646 0.70563983707596122930 0.12309431552561538037 
0.00033531285893493169 0.03402031122723139095 0.96564437591383367465 
0.00000000099999999997 0.00000000099999999997 0.99999999799999994554 
0.00000000099999999998 0.00000000099999999998 0.99999999800000005656 
0.00000000099999999994 0.00000000099999999994 0.99999999799999994554 
0.67890204695726907858 0.00000000099999999999 0.32109795204273100522 
0.02194618875088198348 0.03158581218454720868 0.94646799906457079743 
0.01802937109424616879 0.00000000099999999999 0.98197062790575395663 
0.00000000099999999998 0.00000000099999999998 0.99999999800000005656 
0.00000000100000000000 0.04117991189996773882 0.95882008710003230334 
0.00000000099999999995 0.00000000099999999995 0.99999999800000005656 
0.72691095561239149614 0.00000000099999999999 0.27308904338760842112 
0.00000000099999999996 0.00000000099999999996 0.99999999799999994554 
0.00000000099999999997 0.00000000099999999997 0.99999999800000005656 
0.70516870329563452469 0.00000000099999999999 0.29483129570436555911 
0.67042128949362012058 0.00000000099999999999 0.32957870950637996321 
0.03180927216798735274 0.01412628678824285125 0.95406444104376975091 
0.00000000099999999993 0.00000000099999999993 0.99999999799999994554 
0.03505439643754301726 0.00902082159871453286 0.95592478196374242039 
0.00000000099999999995 0.00000000099999999995 0.99999999799999994554 
