0.000000	0.247768	0.244512	0.243161	0.252287	0.244394	0.267918	0.271658	0.267557	0.245275	0.246769	0.276544	0.261667	0.264579	0.264281	0.260363	0.257767	0.271090	0.265920	0.242169	0.261177	0.271156	0.263488	0.262458	0.253942	0.249897	0.263703	0.257004	0.254568	0.243057	0.261734	0.263516	0.270875	0.269640	0.258296	0.258051	0.240689	0.266802	0.225937	0.269231	0.266559	0.269900	0.258275	0.233930	0.246228	0.261545	0.262035	0.247753	0.267019	0.241541	0.240343	0.251879	0.248477	0.235688	0.239870	0.270276	0.236267	0.236770	0.247621	0.246400	0.239666	0.243353	0.243188	0.243457	0.250608	0.263054	0.244283	0.229724	0.252885	0.259199	0.249645	0.247732	0.267020	0.252465	0.259574	0.259387	0.255637	0.254771	0.276198	0.263179	0.265838	0.270821	0.255406	0.259956	0.271617	0.266803	0.254452	0.260430	0.269640	0.270842	0.262720	0.266613	0.263523	0.248813	0.263115	0.261084	0.236409	0.239894	0.242332	0.236503	0.256310	0.262302	0.244894	0.254710	0.251247	0.232577	0.258390	0.273846	0.254930	0.262967	0.254969	0.255054	0.252588	0.246359	0.249229	0.244604	0.254874	0.262620	0.265139	0.265986	0.255351	0.266273	0.264170	0.254452	0.258949	0.276253	0.265526	0.254372	0.251437	0.262859	0.255880	0.259072	0.250816	0.263351	0.250102	0.255609	0.254425	0.255310	0.268568	0.262020	0.259858	0.266898	0.269090	0.255517	0.262066	0.244977	0.259906	0.242770	0.260675	0.255544	0.254656	0.252140	0.243139	0.250254	0.253359	0.254395	0.254894	0.254744	0.257669	0.243764	0.240650	0.266165	0.237863	0.247193	0.239328	0.246667	0.253698	0.255142	0.240235	0.237168	0.250708	0.273819	0.254262	0.254049	0.247981	0.250610	0.242063	0.264067	0.243210	0.245252	0.240696	0.245058	0.264013	0.246761	0.255734	0.247619	0.250996	0.256138	0.274123	0.245155	0.256291	0.242070	0.239698	0.255187	0.249949	0.252352	0.250268	0.246663	0.242295	0.248561	0.259654	0.262669	0.246903	0.243431	0.244022	0.240132	0.238885	0.261816	0.243844	0.252881	0.250919	0.238585	0.259093	0.230801	0.264089	0.239795	0.246467	0.263081	0.266378	0.251768	0.238998	0.254186	0.247271	
0.247768	0.000000	0.247386	0.232385	0.239327	0.240131	0.279457	0.280661	0.280174	0.246730	0.240621	0.281300	0.284315	0.281389	0.273754	0.275033	0.284468	0.282747	0.285698	0.255478	0.287304	0.287531	0.271969	0.284903	0.288117	0.239858	0.280498	0.271197	0.269578	0.240473	0.239957	0.283941	0.291429	0.287013	0.242097	0.275906	0.241464	0.283961	0.288090	0.278855	0.280616	0.284418	0.279642	0.247787	0.260781	0.270519	0.258435	0.242437	0.281133	0.247266	0.244416	0.245152	0.240838	0.239816	0.245816	0.281986	0.240780	0.245198	0.241790	0.243952	0.255438	0.240566	0.238282	0.241544	0.252614	0.286502	0.238798	0.247703	0.288081	0.278746	0.243364	0.280883	0.287704	0.278063	0.271327	0.280364	0.277258	0.273810	0.281855	0.285145	0.279463	0.284286	0.283470	0.264509	0.282536	0.272482	0.284259	0.282237	0.286538	0.276286	0.278032	0.283182	0.278140	0.280704	0.273370	0.280223	0.249032	0.255622	0.243125	0.236874	0.283458	0.244134	0.236310	0.293246	0.243463	0.242508	0.282575	0.282073	0.283776	0.270877	0.286204	0.249706	0.247706	0.237364	0.241660	0.242553	0.237092	0.281920	0.274288	0.278488	0.276095	0.279305	0.283427	0.279080	0.284254	0.290107	0.282781	0.286066	0.282849	0.290830	0.279856	0.276238	0.285379	0.282007	0.245553	0.280314	0.248538	0.278336	0.283992	0.281137	0.284665	0.282776	0.280782	0.288147	0.280037	0.246078	0.272048	0.235852	0.241045	0.242408	0.243226	0.245620	0.233740	0.239868	0.243946	0.240249	0.287183	0.237001	0.267418	0.240574	0.244508	0.279539	0.251519	0.246242	0.250504	0.252703	0.242151	0.243603	0.247034	0.247096	0.241529	0.285119	0.242237	0.254569	0.239361	0.245996	0.242527	0.275561	0.250187	0.241766	0.241087	0.240258	0.279285	0.244775	0.243812	0.243326	0.246210	0.249951	0.277661	0.238237	0.252049	0.237681	0.243897	0.262782	0.243557	0.246757	0.251266	0.247507	0.255549	0.242498	0.274467	0.275180	0.239301	0.247431	0.250513	0.245578	0.245949	0.278940	0.246656	0.240297	0.238972	0.241927	0.234120	0.245726	0.271017	0.243173	0.243192	0.275027	0.273580	0.242058	0.248374	0.241430	0.248831	
0.244512	0.247386	0.000000	0.230216	0.233534	0.231170	0.275397	0.278654	0.273312	0.244508	0.241998	0.273846	0.272891	0.278255	0.270604	0.270187	0.265020	0.283865	0.276907	0.248084	0.285759	0.280518	0.272212	0.274025	0.274187	0.244046	0.273803	0.275172	0.264818	0.241438	0.239750	0.274991	0.278425	0.273415	0.248025	0.266442	0.233144	0.275405	0.279018	0.274721	0.279102	0.279601	0.267796	0.237182	0.254203	0.270630	0.255944	0.247937	0.271028	0.242294	0.239974	0.246377	0.245672	0.240867	0.236196	0.279482	0.238206	0.246033	0.248576	0.240051	0.242631	0.236467	0.238919	0.244339	0.239780	0.278379	0.240253	0.240904	0.282258	0.271624	0.243784	0.278401	0.281782	0.274019	0.270014	0.275632	0.272727	0.260714	0.270693	0.279649	0.277549	0.283063	0.278385	0.259911	0.276126	0.267832	0.275731	0.272975	0.277472	0.279371	0.272084	0.274857	0.272002	0.281494	0.267559	0.272767	0.243709	0.244681	0.239320	0.236990	0.278038	0.246387	0.244660	0.286213	0.244829	0.245492	0.276229	0.275601	0.279075	0.262754	0.277621	0.241687	0.252282	0.241289	0.240881	0.239145	0.235054	0.271549	0.273469	0.274445	0.269036	0.272968	0.281528	0.274832	0.273806	0.280528	0.277630	0.279065	0.281714	0.281857	0.264985	0.274203	0.281263	0.273084	0.240525	0.276615	0.246996	0.277206	0.275740	0.276000	0.277432	0.281519	0.271533	0.277946	0.271361	0.249253	0.271544	0.242168	0.245843	0.247399	0.247600	0.241108	0.239805	0.241656	0.248289	0.243859	0.277105	0.237324	0.267576	0.237864	0.240547	0.270743	0.246322	0.248188	0.244601	0.240564	0.243129	0.241551	0.242341	0.244050	0.242162	0.280488	0.244101	0.241954	0.241717	0.241328	0.240004	0.272871	0.238972	0.246281	0.241434	0.231407	0.276164	0.240860	0.242536	0.253868	0.245222	0.238095	0.273310	0.239454	0.247013	0.237375	0.242991	0.267677	0.239767	0.257167	0.244647	0.243521	0.253714	0.244098	0.274991	0.272238	0.230544	0.242574	0.244764	0.246871	0.238934	0.272795	0.246496	0.241540	0.243183	0.239648	0.240013	0.234957	0.266119	0.239387	0.242601	0.265441	0.266602	0.241405	0.241802	0.250838	0.248100	
0.243161	0.232385	0.230216	0.000000	0.228349	0.232925	0.275734	0.281197	0.278393	0.247975	0.234608	0.279588	0.267072	0.274215	0.271011	0.268058	0.270320	0.277158	0.276262	0.244555	0.282756	0.271656	0.267972	0.274106	0.275117	0.230944	0.276521	0.272329	0.260671	0.237095	0.239262	0.275695	0.281857	0.278448	0.244658	0.273152	0.232274	0.276958	0.277629	0.274006	0.277305	0.277279	0.275698	0.239363	0.242252	0.265608	0.254183	0.240013	0.273691	0.236474	0.238111	0.247036	0.233783	0.237840	0.238812	0.281489	0.232047	0.240939	0.239327	0.237704	0.243664	0.240311	0.234761	0.240241	0.250374	0.281750	0.240136	0.237596	0.278861	0.268903	0.237933	0.273613	0.278595	0.275809	0.264681	0.271715	0.271958	0.262990	0.275653	0.280004	0.277535	0.280319	0.270170	0.259402	0.272225	0.267251	0.280684	0.276339	0.277495	0.269309	0.279293	0.272582	0.269947	0.284321	0.260343	0.273761	0.238259	0.249302	0.234462	0.234312	0.274085	0.240873	0.236331	0.284886	0.239167	0.245689	0.272511	0.279915	0.275703	0.262024	0.276327	0.239824	0.243296	0.233694	0.234200	0.241563	0.235167	0.272916	0.263608	0.275612	0.272662	0.267642	0.275840	0.271033	0.279318	0.283326	0.276837	0.282910	0.276801	0.285927	0.267085	0.276793	0.276316	0.274449	0.241125	0.278500	0.236461	0.272182	0.279534	0.278652	0.281803	0.274906	0.272138	0.276861	0.276121	0.248223	0.270567	0.236124	0.237399	0.237392	0.231170	0.240300	0.237708	0.237882	0.244418	0.239326	0.284136	0.236367	0.268652	0.241005	0.247460	0.272280	0.245327	0.249723	0.243988	0.243255	0.240187	0.238273	0.245273	0.241836	0.240204	0.280347	0.241395	0.245739	0.238697	0.238146	0.237130	0.270953	0.245728	0.238846	0.232462	0.235867	0.276292	0.242427	0.241438	0.238530	0.236778	0.236652	0.271992	0.239276	0.243148	0.229919	0.231952	0.263158	0.235627	0.257345	0.234486	0.235922	0.249409	0.239987	0.272959	0.265270	0.237038	0.241308	0.247075	0.244178	0.238346	0.274539	0.244646	0.231816	0.238141	0.239478	0.237190	0.242103	0.270203	0.239913	0.240802	0.274004	0.266790	0.235937	0.239671	0.238845	0.249840	
0.252287	0.239327	0.233534	0.228349	0.000000	0.237611	0.277577	0.278745	0.276637	0.238931	0.236458	0.278402	0.266169	0.278133	0.264280	0.275470	0.278345	0.280786	0.275023	0.246482	0.279092	0.279711	0.261454	0.276630	0.281695	0.239879	0.282546	0.273474	0.263511	0.241530	0.232734	0.275009	0.288542	0.279594	0.242533	0.264799	0.232815	0.277855	0.277345	0.271439	0.280455	0.279052	0.270959	0.234585	0.248687	0.263035	0.253353	0.243786	0.270722	0.242801	0.242962	0.246643	0.235370	0.234646	0.241331	0.280204	0.227363	0.244453	0.246093	0.238156	0.242742	0.233762	0.237304	0.242645	0.243858	0.286467	0.233171	0.245295	0.281424	0.274758	0.236775	0.273651	0.285436	0.270362	0.262150	0.278402	0.280504	0.263942	0.270385	0.281891	0.274955	0.279858	0.278506	0.262478	0.273271	0.269206	0.277540	0.276778	0.293490	0.273672	0.274923	0.275409	0.270779	0.275950	0.270624	0.275025	0.244821	0.249491	0.229657	0.234895	0.276252	0.242047	0.233005	0.285255	0.240399	0.242427	0.282661	0.278360	0.282790	0.270973	0.278869	0.241276	0.247317	0.237635	0.236227	0.238468	0.230761	0.271055	0.266573	0.276584	0.274136	0.273882	0.274884	0.276607	0.278897	0.282257	0.280056	0.285776	0.281531	0.282051	0.269284	0.273799	0.279825	0.283761	0.231829	0.277955	0.243105	0.275305	0.276676	0.274793	0.275264	0.271294	0.278164	0.280288	0.276042	0.248413	0.262725	0.234805	0.239940	0.240497	0.234230	0.232588	0.231271	0.235532	0.246313	0.244395	0.281471	0.233217	0.260552	0.243033	0.239265	0.276245	0.246559	0.245793	0.242856	0.241200	0.237225	0.235915	0.240929	0.243096	0.228848	0.279067	0.243771	0.248060	0.241650	0.243775	0.237949	0.272156	0.240654	0.239109	0.233694	0.233453	0.277908	0.245197	0.234881	0.235600	0.238288	0.241623	0.272386	0.234338	0.247336	0.239587	0.244802	0.266328	0.231679	0.255024	0.245400	0.240378	0.250926	0.243662	0.272264	0.272407	0.236193	0.246479	0.244077	0.237242	0.238768	0.270071	0.247098	0.244886	0.236563	0.237652	0.237503	0.239923	0.267653	0.239405	0.240168	0.265541	0.265037	0.240754	0.239049	0.241230	0.243513	
0.244394	0.240131	0.231170	0.232925	0.237611	0.000000	0.279384	0.284477	0.281448	0.246718	0.239457	0.282824	0.272339	0.280320	0.274705	0.274059	0.275406	0.281086	0.276218	0.254532	0.287053	0.276170	0.273606	0.282285	0.280338	0.240408	0.282082	0.274523	0.270890	0.234457	0.239925	0.277209	0.281260	0.277230	0.241429	0.269116	0.226617	0.278101	0.283021	0.277888	0.276600	0.277415	0.274421	0.243332	0.248747	0.273251	0.258372	0.243651	0.270428	0.244208	0.242274	0.241761	0.239460	0.243460	0.239982	0.277838	0.232893	0.239581	0.247514	0.232764	0.245985	0.239214	0.231501	0.243995	0.241108	0.280381	0.241353	0.240623	0.285667	0.274079	0.234689	0.280483	0.280031	0.277803	0.268311	0.273896	0.273243	0.266404	0.278167	0.283102	0.281069	0.279126	0.276004	0.268259	0.277893	0.275053	0.279425	0.274179	0.276210	0.281054	0.277468	0.276803	0.270219	0.282028	0.270446	0.271831	0.243728	0.242321	0.237105	0.235281	0.278248	0.242055	0.237312	0.282558	0.244799	0.247622	0.272273	0.272045	0.278955	0.265599	0.278025	0.234305	0.245905	0.231230	0.237400	0.240763	0.238508	0.275954	0.268744	0.282619	0.274510	0.270128	0.282495	0.275058	0.277102	0.284683	0.278364	0.286092	0.281288	0.283685	0.271307	0.273415	0.284413	0.280101	0.244519	0.280079	0.240774	0.279538	0.281143	0.278360	0.280901	0.277698	0.277108	0.283509	0.275313	0.238987	0.269235	0.240952	0.235481	0.238734	0.234954	0.233355	0.237676	0.236710	0.237082	0.240978	0.283544	0.231021	0.264609	0.240686	0.244242	0.276392	0.247863	0.250739	0.246919	0.249182	0.239699	0.241051	0.246269	0.241013	0.238969	0.282077	0.238379	0.248198	0.234353	0.234094	0.240936	0.272538	0.241156	0.236767	0.239140	0.234489	0.278258	0.241710	0.236836	0.247113	0.239861	0.234793	0.276839	0.238252	0.247318	0.242851	0.219512	0.258835	0.235320	0.240888	0.240354	0.234441	0.248201	0.244199	0.271970	0.276987	0.231519	0.238157	0.247059	0.240388	0.241108	0.262525	0.236820	0.234582	0.239308	0.241852	0.238920	0.241345	0.268260	0.240759	0.241921	0.268850	0.265884	0.237639	0.240000	0.235371	0.243692	
0.267918	0.279457	0.275397	0.275734	0.277577	0.279384	0.000000	0.114265	0.118830	0.271348	0.277766	0.236590	0.226655	0.237434	0.249973	0.241758	0.255174	0.236045	0.246324	0.268181	0.265308	0.261294	0.256472	0.224553	0.259379	0.273824	0.233362	0.234027	0.244073	0.275335	0.279831	0.234873	0.239411	0.232363	0.277572	0.263777	0.267074	0.236820	0.254777	0.266311	0.236060	0.234402	0.239875	0.278056	0.281146	0.245476	0.274231	0.277143	0.228009	0.277214	0.270682	0.280961	0.276587	0.274715	0.273877	0.246669	0.271224	0.275390	0.272602	0.280502	0.274516	0.283669	0.273566	0.272398	0.282144	0.257043	0.277166	0.275458	0.257639	0.239103	0.281615	0.252762	0.260585	0.251468	0.246533	0.253036	0.257225	0.241471	0.228856	0.254294	0.252678	0.257516	0.258772	0.253486	0.247467	0.250807	0.261344	0.231835	0.232722	0.256793	0.233122	0.251409	0.254764	0.248156	0.250053	0.232510	0.279219	0.283869	0.273853	0.271880	0.255361	0.284442	0.275869	0.261068	0.270130	0.277177	0.256484	0.233014	0.253948	0.250317	0.232449	0.273746	0.279486	0.266512	0.272935	0.276326	0.275609	0.225964	0.245616	0.231025	0.235350	0.251937	0.252880	0.254604	0.237539	0.236675	0.235945	0.256077	0.249892	0.237657	0.256619	0.229518	0.259456	0.228994	0.274045	0.247959	0.283632	0.251278	0.233819	0.232858	0.262684	0.230465	0.254691	0.258583	0.235112	0.278903	0.261869	0.283129	0.283129	0.282147	0.280521	0.275579	0.280060	0.277742	0.278028	0.276167	0.256716	0.279848	0.262803	0.278508	0.275301	0.232689	0.274864	0.282091	0.278201	0.282861	0.278912	0.283920	0.276474	0.279112	0.275339	0.229444	0.279333	0.282307	0.280904	0.275274	0.269893	0.232994	0.274718	0.280166	0.272265	0.272727	0.239432	0.275516	0.276413	0.281818	0.286405	0.270545	0.243215	0.275713	0.284137	0.271900	0.282697	0.209081	0.275760	0.250562	0.267352	0.284544	0.263516	0.273255	0.258504	0.246791	0.274747	0.279346	0.276479	0.279402	0.267552	0.268896	0.279303	0.276338	0.281344	0.270185	0.278592	0.274025	0.261538	0.272835	0.275119	0.261188	0.261923	0.276692	0.280111	0.279251	0.277460	
0.271658	0.280661	0.278654	0.281197	0.278745	0.284477	0.114265	0.000000	0.112707	0.274510	0.283263	0.233679	0.227263	0.237699	0.252159	0.242545	0.258429	0.232376	0.244576	0.265794	0.266723	0.257748	0.256925	0.224977	0.259279	0.275668	0.238739	0.235269	0.243915	0.279680	0.281650	0.238985	0.241863	0.239108	0.279843	0.260926	0.279203	0.236393	0.258268	0.263333	0.239244	0.237226	0.232571	0.277439	0.280661	0.248652	0.276138	0.281165	0.223946	0.279575	0.275320	0.279338	0.273438	0.276320	0.271970	0.241215	0.270198	0.280695	0.277529	0.279701	0.281431	0.283310	0.273047	0.271993	0.283745	0.257891	0.276625	0.272104	0.253420	0.240276	0.281290	0.258484	0.259039	0.256990	0.246039	0.257277	0.262273	0.243747	0.228578	0.255932	0.257590	0.259295	0.259764	0.255733	0.242336	0.252811	0.259340	0.230845	0.231297	0.254577	0.235882	0.254621	0.256714	0.249503	0.250321	0.229911	0.277655	0.287339	0.277075	0.272119	0.253628	0.281022	0.278132	0.260563	0.269685	0.278008	0.257591	0.236962	0.258640	0.253820	0.234948	0.278302	0.278204	0.272911	0.274937	0.272252	0.275365	0.226122	0.247893	0.226738	0.235378	0.253144	0.253136	0.259944	0.231829	0.234701	0.235105	0.262256	0.252413	0.237205	0.256277	0.231350	0.256536	0.231992	0.279444	0.251738	0.280155	0.249359	0.234914	0.233602	0.263247	0.232219	0.259484	0.261230	0.236068	0.277377	0.266956	0.282018	0.285256	0.281149	0.279510	0.277647	0.278225	0.281023	0.280572	0.281508	0.255889	0.281866	0.266373	0.280119	0.281116	0.234083	0.275748	0.281170	0.279868	0.283015	0.276012	0.284035	0.279265	0.278317	0.276772	0.232633	0.279721	0.281912	0.279711	0.280347	0.271762	0.232741	0.278526	0.280232	0.273907	0.271832	0.240528	0.273316	0.276288	0.281270	0.281911	0.275896	0.246596	0.273236	0.287315	0.265871	0.286910	0.204742	0.277636	0.252402	0.266868	0.285714	0.259881	0.279566	0.261180	0.252383	0.279668	0.281778	0.277351	0.278890	0.271686	0.265571	0.281036	0.280698	0.283057	0.271211	0.274828	0.277243	0.261760	0.271940	0.277321	0.259292	0.257529	0.276740	0.283853	0.280474	0.281453	
0.267557	0.280174	0.273312	0.278393	0.276637	0.281448	0.118830	0.112707	0.000000	0.273481	0.278552	0.236988	0.227012	0.235922	0.253455	0.239709	0.262555	0.234909	0.250368	0.266526	0.267632	0.261694	0.256143	0.230743	0.261124	0.275248	0.233482	0.231145	0.249072	0.273221	0.278662	0.232472	0.241268	0.237129	0.278789	0.263975	0.272282	0.234586	0.262766	0.265918	0.237843	0.237106	0.235826	0.276718	0.277340	0.248208	0.276650	0.278084	0.227471	0.273996	0.274074	0.277298	0.273796	0.276923	0.271643	0.242986	0.266527	0.276744	0.274822	0.278151	0.278903	0.280540	0.270603	0.269951	0.280371	0.254968	0.278591	0.271243	0.258580	0.238822	0.283630	0.260306	0.260626	0.260836	0.245969	0.258030	0.261356	0.243341	0.229750	0.257124	0.252788	0.257663	0.262545	0.250896	0.244886	0.254583	0.260969	0.234375	0.229190	0.257262	0.233916	0.251012	0.254177	0.248456	0.244922	0.229998	0.276899	0.282872	0.270695	0.275494	0.254790	0.279742	0.273160	0.265172	0.274485	0.277831	0.260589	0.236964	0.259817	0.253095	0.231565	0.274457	0.283843	0.269214	0.275888	0.277663	0.275810	0.224426	0.250242	0.229550	0.233191	0.251249	0.255741	0.257532	0.233974	0.235365	0.232459	0.264401	0.255275	0.237828	0.259711	0.231187	0.261309	0.229843	0.271565	0.254120	0.277625	0.251306	0.231702	0.234236	0.264459	0.229396	0.254754	0.263106	0.231921	0.278094	0.265831	0.277719	0.285257	0.279547	0.279588	0.278140	0.278615	0.279732	0.276485	0.278746	0.264012	0.277678	0.264274	0.282089	0.276333	0.229869	0.272640	0.277937	0.277130	0.280466	0.275493	0.283857	0.275972	0.277926	0.273287	0.227098	0.279785	0.280327	0.280093	0.277280	0.268290	0.240582	0.274508	0.278965	0.270027	0.272267	0.236393	0.271186	0.277076	0.281902	0.278002	0.274687	0.239677	0.271434	0.286520	0.269558	0.280334	0.214661	0.275282	0.249859	0.264226	0.280650	0.257701	0.278154	0.258431	0.252885	0.278347	0.280582	0.271177	0.277965	0.267141	0.267008	0.278986	0.277314	0.278504	0.270708	0.280369	0.270980	0.260959	0.271609	0.269529	0.260361	0.263736	0.278383	0.274111	0.282703	0.280556	
0.245275	0.246730	0.244508	0.247975	0.238931	0.246718	0.271348	0.274510	0.273481	0.000000	0.245879	0.285195	0.272040	0.280108	0.279144	0.274272	0.269939	0.285336	0.279873	0.237621	0.292112	0.288060	0.274446	0.278757	0.283838	0.250404	0.282035	0.275480	0.272119	0.253061	0.242962	0.275546	0.284191	0.273803	0.254331	0.265332	0.237656	0.278856	0.281833	0.275951	0.279919	0.284681	0.282013	0.230401	0.237088	0.273735	0.259838	0.229250	0.274719	0.231942	0.222937	0.232858	0.246128	0.228065	0.222163	0.279699	0.242842	0.238553	0.226491	0.245496	0.230168	0.245327	0.245403	0.229800	0.232868	0.284962	0.248620	0.222151	0.286096	0.275613	0.244702	0.283254	0.287964	0.282438	0.273084	0.282049	0.280905	0.267927	0.271867	0.287208	0.285547	0.284701	0.279948	0.265458	0.277673	0.274533	0.286621	0.282411	0.284259	0.276400	0.277064	0.277790	0.275473	0.285951	0.266988	0.275760	0.230574	0.227973	0.240955	0.242886	0.282406	0.245921	0.244414	0.287705	0.250538	0.225536	0.277522	0.284370	0.283574	0.266320	0.280331	0.248957	0.251970	0.235412	0.245542	0.246087	0.237360	0.276762	0.274906	0.282868	0.277699	0.275789	0.280368	0.281005	0.276845	0.287283	0.283422	0.283910	0.279493	0.285851	0.272843	0.279727	0.287025	0.281627	0.244984	0.287147	0.247103	0.278401	0.279135	0.277536	0.287188	0.278379	0.285745	0.287490	0.281044	0.233072	0.272806	0.237471	0.245392	0.246259	0.250796	0.245378	0.246420	0.240294	0.250149	0.253378	0.285133	0.244145	0.268481	0.243571	0.224981	0.277517	0.232048	0.236307	0.229195	0.236881	0.247401	0.244378	0.228798	0.231334	0.246839	0.278881	0.243128	0.224319	0.242774	0.252295	0.218519	0.273511	0.227466	0.246552	0.249973	0.238352	0.282678	0.246498	0.245832	0.254104	0.251820	0.221156	0.271555	0.250743	0.235382	0.222244	0.239880	0.253542	0.248272	0.258704	0.248058	0.246760	0.258667	0.247416	0.285766	0.272102	0.244791	0.231852	0.232556	0.229551	0.227819	0.275826	0.228517	0.250915	0.251340	0.226626	0.244585	0.233995	0.270009	0.230305	0.226745	0.271563	0.265090	0.246082	0.224979	0.256251	0.227210	
0.246769	0.240621	0.241998	0.234608	0.236458	0.239457	0.277766	0.283263	0.278552	0.245879	0.000000	0.281934	0.274526	0.279592	0.275611	0.270884	0.276415	0.280029	0.281832	0.256835	0.294663	0.280822	0.275341	0.278566	0.285606	0.242710	0.281167	0.276384	0.274396	0.246959	0.235933	0.282754	0.283456	0.281045	0.244717	0.267722	0.236382	0.286002	0.285866	0.275884	0.284252	0.287985	0.281776	0.244489	0.243761	0.272918	0.261072	0.241253	0.273500	0.246829	0.246211	0.249206	0.246391	0.236987	0.241266	0.280759	0.231654	0.250000	0.244803	0.247406	0.243554	0.237643	0.236270	0.239572	0.239534	0.284203	0.240004	0.247877	0.287639	0.280950	0.242296	0.282595	0.286832	0.280321	0.268172	0.278173	0.274983	0.269409	0.275206	0.286387	0.282105	0.284632	0.288687	0.275888	0.284250	0.277664	0.282871	0.279224	0.277778	0.277666	0.283391	0.272554	0.270775	0.285604	0.272476	0.277078	0.243157	0.244577	0.239260	0.235054	0.285294	0.240233	0.232404	0.284694	0.247975	0.241005	0.285303	0.286870	0.282609	0.271110	0.280755	0.243304	0.257967	0.244342	0.241041	0.246867	0.241550	0.275851	0.270473	0.284326	0.278270	0.276925	0.285300	0.282634	0.284630	0.286961	0.283500	0.285638	0.279543	0.288488	0.274694	0.280020	0.285835	0.281714	0.237500	0.279941	0.244670	0.278344	0.276833	0.280236	0.284114	0.277364	0.278914	0.286287	0.281583	0.252563	0.267527	0.239089	0.244779	0.248485	0.239704	0.240383	0.239431	0.238623	0.243294	0.242755	0.288464	0.234452	0.263568	0.241183	0.248622	0.281850	0.247220	0.250878	0.249605	0.246633	0.244177	0.247511	0.245108	0.242354	0.234766	0.285168	0.238355	0.250211	0.237670	0.240369	0.237238	0.278330	0.245047	0.244286	0.240295	0.235411	0.281910	0.247655	0.238527	0.239499	0.244824	0.239618	0.283582	0.240823	0.250185	0.246751	0.250372	0.254355	0.231616	0.254709	0.248580	0.241481	0.249521	0.247314	0.281205	0.274278	0.237832	0.246014	0.245168	0.245637	0.241760	0.271910	0.245958	0.243179	0.237826	0.237406	0.238430	0.241028	0.271646	0.244957	0.244498	0.268887	0.275328	0.243240	0.244896	0.250446	0.243426	
0.276544	0.281300	0.273846	0.279588	0.278402	0.282824	0.236590	0.233679	0.236988	0.285195	0.281934	0.000000	0.227967	0.230544	0.248823	0.244105	0.270250	0.234056	0.248117	0.269125	0.260217	0.259077	0.255466	0.233442	0.253265	0.276397	0.236688	0.233754	0.253921	0.278913	0.279617	0.239901	0.248147	0.231960	0.276516	0.263393	0.279079	0.240826	0.257008	0.267951	0.233621	0.242359	0.226766	0.277164	0.284291	0.250583	0.271862	0.282269	0.233358	0.280257	0.277808	0.280034	0.278369	0.275521	0.279824	0.245020	0.269172	0.288476	0.273718	0.279404	0.283218	0.282783	0.274904	0.281018	0.282068	0.256629	0.287026	0.268033	0.257615	0.230728	0.284244	0.253079	0.261670	0.253263	0.249867	0.257704	0.266974	0.247597	0.233963	0.258166	0.251497	0.260846	0.259438	0.255362	0.248942	0.259324	0.256410	0.234390	0.238455	0.257278	0.237232	0.256809	0.252263	0.244869	0.254485	0.228352	0.281946	0.281946	0.272443	0.278287	0.259929	0.279490	0.273405	0.264354	0.276470	0.280265	0.260342	0.240768	0.256832	0.254282	0.238804	0.278942	0.288737	0.278252	0.280686	0.280061	0.281196	0.232730	0.250163	0.233893	0.234427	0.250107	0.260134	0.251454	0.237288	0.236180	0.229506	0.257361	0.258566	0.235125	0.259370	0.237658	0.257232	0.234658	0.277317	0.254969	0.282919	0.254265	0.236652	0.230925	0.263889	0.238085	0.253252	0.261777	0.230751	0.279140	0.267863	0.280292	0.284320	0.278142	0.282555	0.284147	0.280800	0.275655	0.277911	0.285107	0.252095	0.278428	0.269517	0.276846	0.276217	0.238737	0.280724	0.287955	0.282940	0.278275	0.273115	0.285209	0.281573	0.277480	0.278906	0.232673	0.279576	0.283501	0.277713	0.281680	0.275913	0.233223	0.282760	0.279987	0.277463	0.274514	0.238532	0.278495	0.285409	0.285105	0.287897	0.275291	0.238317	0.277273	0.292059	0.276850	0.281533	0.265056	0.279580	0.191982	0.275813	0.277964	0.265874	0.278391	0.262550	0.251249	0.277278	0.278932	0.279196	0.277323	0.273858	0.276097	0.283945	0.281408	0.280465	0.275429	0.279672	0.279557	0.268420	0.282783	0.276657	0.267810	0.263798	0.277003	0.281307	0.285926	0.282981	
0.261667	0.284315	0.272891	0.267072	0.266169	0.272339	0.226655	0.227263	0.227012	0.272040	0.274526	0.227967	0.000000	0.230802	0.248775	0.235391	0.259376	0.233831	0.245857	0.261059	0.259189	0.257209	0.252377	0.227362	0.248211	0.268208	0.228438	0.228362	0.241291	0.274267	0.272422	0.232400	0.234505	0.238333	0.274940	0.255615	0.264875	0.234360	0.251545	0.258255	0.228778	0.235808	0.228168	0.269797	0.262020	0.247387	0.269390	0.270928	0.226865	0.275081	0.273128	0.274453	0.275655	0.267687	0.269383	0.242816	0.266378	0.272710	0.268269	0.272941	0.274337	0.275968	0.263197	0.270215	0.270767	0.255162	0.279745	0.261920	0.253392	0.231243	0.275395	0.251479	0.254042	0.250136	0.246257	0.251523	0.257478	0.239396	0.223132	0.256971	0.248404	0.256953	0.250654	0.249907	0.238802	0.248731	0.248467	0.225552	0.229323	0.253234	0.234582	0.249840	0.248915	0.243091	0.246284	0.227109	0.267768	0.277938	0.264438	0.274145	0.255046	0.278104	0.272091	0.253782	0.266924	0.271529	0.256923	0.241941	0.256228	0.250980	0.225768	0.274266	0.270751	0.267374	0.270768	0.267305	0.271753	0.227011	0.246679	0.230616	0.226766	0.253383	0.248299	0.247775	0.228479	0.230550	0.231640	0.246900	0.254066	0.229937	0.247796	0.233548	0.252985	0.230532	0.270308	0.249602	0.278125	0.247010	0.228455	0.226199	0.251090	0.224837	0.252488	0.260675	0.237595	0.275688	0.262508	0.275494	0.276437	0.274909	0.272476	0.272971	0.272981	0.270927	0.266190	0.273833	0.250936	0.266448	0.257207	0.272079	0.273377	0.229262	0.270758	0.270010	0.272756	0.270230	0.274039	0.273727	0.270557	0.266560	0.268539	0.230055	0.275475	0.277630	0.269826	0.272756	0.262650	0.225446	0.270651	0.274480	0.267404	0.265356	0.230622	0.269937	0.274912	0.276180	0.275407	0.262724	0.232530	0.265881	0.279369	0.272203	0.277396	0.255906	0.272659	0.241926	0.261822	0.272312	0.265409	0.273582	0.260116	0.247547	0.271396	0.276488	0.274017	0.268834	0.267329	0.260699	0.276122	0.268944	0.273742	0.269370	0.274788	0.269255	0.256059	0.277460	0.268975	0.257856	0.257526	0.278296	0.274813	0.277191	0.277062	
0.264579	0.281389	0.278255	0.274215	0.278133	0.280320	0.237434	0.237699	0.235922	0.280108	0.279592	0.230544	0.230802	0.000000	0.246353	0.243168	0.260528	0.235085	0.249138	0.268403	0.259036	0.256926	0.255337	0.234587	0.256185	0.275650	0.235871	0.236464	0.253400	0.281683	0.280488	0.233659	0.237874	0.236899	0.277544	0.264483	0.276275	0.233348	0.255628	0.266884	0.243400	0.238950	0.235628	0.275795	0.275567	0.252306	0.273199	0.277144	0.234841	0.289766	0.280568	0.283563	0.283446	0.275214	0.276665	0.245232	0.272566	0.285905	0.277315	0.275858	0.281839	0.281176	0.275784	0.276635	0.280529	0.252022	0.285036	0.276517	0.256827	0.233728	0.289582	0.259176	0.255447	0.252604	0.260701	0.256352	0.263483	0.246683	0.239323	0.258378	0.254078	0.269269	0.256966	0.255204	0.245275	0.256702	0.258483	0.241991	0.230410	0.257533	0.236995	0.253925	0.256639	0.248657	0.248616	0.230054	0.274609	0.286631	0.269544	0.271343	0.263035	0.281670	0.273677	0.258894	0.272226	0.284279	0.258292	0.237947	0.258304	0.257048	0.234986	0.283835	0.279409	0.274197	0.278687	0.274365	0.276423	0.237172	0.247457	0.235446	0.225907	0.250973	0.255865	0.252862	0.234043	0.233825	0.229902	0.257623	0.252798	0.239060	0.259763	0.237702	0.261077	0.234409	0.278022	0.253221	0.286798	0.250109	0.232657	0.231820	0.258855	0.242210	0.246225	0.263007	0.232260	0.280554	0.268038	0.282444	0.284118	0.279796	0.282829	0.279317	0.283819	0.281345	0.277831	0.277993	0.254700	0.280177	0.266935	0.275370	0.278103	0.230161	0.277537	0.281331	0.285005	0.280745	0.279306	0.280586	0.279142	0.274253	0.276026	0.235027	0.278012	0.281561	0.276779	0.279002	0.278161	0.231998	0.278999	0.276764	0.274159	0.274621	0.236473	0.277580	0.284866	0.282051	0.277482	0.270276	0.246979	0.278553	0.286209	0.279622	0.280675	0.260886	0.278121	0.254348	0.273645	0.285613	0.269116	0.281322	0.259782	0.259587	0.280084	0.284244	0.278199	0.279532	0.274020	0.271073	0.285905	0.277294	0.278141	0.274143	0.279049	0.278858	0.261234	0.287157	0.273249	0.263801	0.268177	0.282178	0.284708	0.285377	0.285591	
0.264281	0.273754	0.270604	0.271011	0.264280	0.274705	0.249973	0.252159	0.253455	0.279144	0.275611	0.248823	0.248775	0.246353	0.000000	0.255230	0.253010	0.255087	0.257933	0.264486	0.268200	0.250153	0.237637	0.252199	0.251873	0.271481	0.250080	0.250693	0.234763	0.269850	0.268235	0.250093	0.260762	0.248950	0.277099	0.262431	0.265740	0.249760	0.259864	0.265680	0.254352	0.259847	0.248813	0.270533	0.274756	0.230379	0.256034	0.272973	0.244867	0.270847	0.274115	0.271622	0.271424	0.267016	0.268394	0.246311	0.267857	0.278685	0.278239	0.276984	0.278147	0.274564	0.267163	0.271830	0.281293	0.263599	0.269288	0.271844	0.259267	0.244744	0.277333	0.259937	0.262272	0.256990	0.231275	0.246635	0.248898	0.227060	0.252977	0.255278	0.244359	0.249812	0.254573	0.240094	0.254360	0.232403	0.263717	0.255231	0.248229	0.234143	0.254277	0.239706	0.231971	0.256799	0.228959	0.248551	0.268144	0.267224	0.269309	0.270252	0.256886	0.265720	0.269545	0.269694	0.267754	0.277340	0.265306	0.256085	0.264516	0.228717	0.248910	0.274245	0.275191	0.268676	0.272104	0.267146	0.274713	0.252936	0.225744	0.257076	0.249050	0.231736	0.260056	0.255804	0.248924	0.259877	0.255695	0.260972	0.253387	0.258472	0.238100	0.251020	0.257042	0.250587	0.272569	0.257227	0.274190	0.258285	0.250000	0.247747	0.262783	0.250696	0.253731	0.261855	0.252626	0.279837	0.262325	0.271398	0.278086	0.278010	0.276874	0.264504	0.268630	0.273744	0.274456	0.274045	0.256696	0.268440	0.261723	0.274428	0.272931	0.247466	0.276035	0.279026	0.278645	0.276871	0.273229	0.272446	0.273181	0.271224	0.275550	0.251977	0.268394	0.275396	0.267430	0.266852	0.271445	0.249388	0.268103	0.269778	0.262459	0.264693	0.257845	0.265839	0.276526	0.273711	0.275673	0.263230	0.252732	0.269650	0.279003	0.273788	0.268037	0.263237	0.269674	0.245842	0.241227	0.267857	0.266094	0.278657	0.264158	0.237372	0.272827	0.266244	0.280489	0.275592	0.269289	0.263782	0.272847	0.267216	0.276591	0.271841	0.274084	0.270259	0.262516	0.274201	0.264285	0.265892	0.262928	0.270540	0.272853	0.271258	0.276046	
0.260363	0.275033	0.270187	0.268058	0.275470	0.274059	0.241758	0.242545	0.239709	0.274272	0.270884	0.244105	0.235391	0.243168	0.255230	0.000000	0.253343	0.238142	0.244450	0.260456	0.251537	0.240816	0.242447	0.241817	0.254038	0.275773	0.244734	0.235034	0.247414	0.268462	0.275804	0.241840	0.241610	0.239335	0.272778	0.266011	0.261504	0.244641	0.258916	0.272536	0.243701	0.248692	0.237453	0.274649	0.268008	0.250082	0.269248	0.279333	0.243940	0.274952	0.269162	0.274226	0.277950	0.269896	0.264982	0.255055	0.265082	0.277035	0.268379	0.275207	0.276501	0.277569	0.269451	0.271671	0.276224	0.257744	0.278071	0.268214	0.257800	0.247605	0.275957	0.254788	0.263787	0.255473	0.251843	0.252820	0.251160	0.249780	0.242017	0.256951	0.258573	0.261232	0.256206	0.249589	0.241435	0.254683	0.260291	0.241048	0.236942	0.258575	0.245381	0.254052	0.260816	0.250484	0.255510	0.236984	0.273926	0.279374	0.270540	0.269394	0.260539	0.280628	0.268344	0.265068	0.269150	0.277116	0.258452	0.244274	0.259824	0.246873	0.243858	0.276711	0.272567	0.263603	0.276972	0.275800	0.274488	0.246804	0.252009	0.241648	0.244237	0.251905	0.250307	0.252003	0.245189	0.243207	0.244390	0.258583	0.252156	0.244721	0.261224	0.243120	0.256805	0.241539	0.276129	0.251195	0.274200	0.251107	0.242205	0.245995	0.257577	0.242118	0.249782	0.252730	0.246799	0.278943	0.273645	0.275534	0.278823	0.277605	0.274460	0.278628	0.273584	0.270762	0.270666	0.275677	0.254984	0.273366	0.263690	0.274992	0.277618	0.239647	0.274928	0.279574	0.277130	0.279829	0.267386	0.273249	0.274706	0.274224	0.275243	0.241257	0.274197	0.283385	0.270831	0.275232	0.270751	0.246529	0.274735	0.267022	0.267107	0.273325	0.240251	0.272547	0.269570	0.276722	0.278773	0.263231	0.248399	0.274335	0.280031	0.272746	0.266797	0.258360	0.261489	0.246176	0.270056	0.265578	0.264100	0.276554	0.247748	0.247221	0.274771	0.281844	0.272167	0.278140	0.269429	0.276414	0.281643	0.274201	0.269787	0.273067	0.275295	0.274892	0.262909	0.272310	0.271987	0.268843	0.262001	0.274824	0.279381	0.281715	0.276645	
0.257767	0.284468	0.265020	0.270320	0.278345	0.275406	0.255174	0.258429	0.262555	0.269939	0.276415	0.270250	0.259376	0.260528	0.253010	0.253343	0.000000	0.248616	0.238141	0.237833	0.203837	0.225120	0.209743	0.261659	0.249294	0.263621	0.261578	0.247960	0.257856	0.275056	0.277183	0.247688	0.268162	0.250582	0.273395	0.256651	0.254754	0.264378	0.249027	0.269953	0.259567	0.257057	0.261923	0.269611	0.266499	0.251841	0.260233	0.274326	0.254133	0.270732	0.268429	0.270230	0.279406	0.269152	0.261578	0.256481	0.267307	0.274556	0.275376	0.277860	0.268548	0.275709	0.268974	0.278841	0.279584	0.243144	0.277726	0.270501	0.242582	0.256007	0.279718	0.247698	0.251491	0.250422	0.252124	0.239497	0.243839	0.250647	0.254036	0.251075	0.254818	0.260773	0.251407	0.254810	0.270950	0.252425	0.239593	0.256077	0.250597	0.252927	0.259417	0.249814	0.260161	0.244314	0.256324	0.251692	0.262068	0.273117	0.265078	0.268702	0.248405	0.281899	0.263956	0.249162	0.273494	0.274819	0.251966	0.252211	0.249717	0.244379	0.254123	0.279321	0.276342	0.268306	0.264020	0.269216	0.272437	0.255714	0.253695	0.259097	0.256466	0.250741	0.241379	0.242831	0.255714	0.259301	0.259762	0.251349	0.247103	0.265938	0.256979	0.256060	0.244329	0.255055	0.276756	0.243212	0.272784	0.244981	0.264299	0.253602	0.255879	0.256348	0.259674	0.245492	0.261005	0.279614	0.266202	0.271171	0.274699	0.279109	0.273585	0.268448	0.271846	0.284865	0.272163	0.273851	0.249118	0.268783	0.259619	0.273065	0.271695	0.250465	0.273352	0.279034	0.272559	0.273332	0.278507	0.273978	0.275486	0.273182	0.264133	0.260781	0.271028	0.278910	0.267418	0.278088	0.271083	0.253057	0.276169	0.271354	0.265189	0.267795	0.259094	0.271014	0.282455	0.278250	0.276752	0.259724	0.262064	0.267876	0.283643	0.266895	0.270581	0.269601	0.278563	0.264968	0.259381	0.268016	0.257539	0.278913	0.215103	0.212002	0.272848	0.275849	0.268793	0.276668	0.268096	0.267013	0.273923	0.266667	0.272048	0.270680	0.272625	0.271139	0.259252	0.268008	0.265154	0.267782	0.263009	0.272710	0.267360	0.277931	0.276079	
0.271090	0.282747	0.283865	0.277158	0.280786	0.281086	0.236045	0.232376	0.234909	0.285336	0.280029	0.234056	0.233831	0.235085	0.255087	0.238142	0.248616	0.000000	0.249236	0.269073	0.268002	0.256516	0.257152	0.241022	0.256554	0.274183	0.239255	0.234478	0.255971	0.272390	0.283279	0.230361	0.241935	0.240724	0.276353	0.260576	0.274434	0.247186	0.264213	0.266667	0.238644	0.245084	0.231884	0.278179	0.282928	0.249133	0.271167	0.282195	0.236207	0.282046	0.275423	0.276327	0.281726	0.275322	0.275448	0.250238	0.274167	0.298762	0.281707	0.277140	0.278449	0.280737	0.273324	0.281077	0.283847	0.261590	0.279424	0.271412	0.263242	0.233703	0.278798	0.257888	0.264785	0.259452	0.249842	0.258995	0.270037	0.250820	0.233552	0.262272	0.257439	0.263051	0.262478	0.257189	0.245840	0.255024	0.265918	0.233653	0.240529	0.259417	0.238322	0.255604	0.253214	0.254155	0.253863	0.236016	0.275036	0.285486	0.275693	0.280058	0.262594	0.286099	0.275520	0.273931	0.266719	0.279725	0.271278	0.242529	0.266572	0.254720	0.243161	0.283765	0.272469	0.276306	0.283980	0.280949	0.275576	0.238677	0.248226	0.240518	0.235663	0.252677	0.261188	0.255958	0.230135	0.238074	0.229191	0.259587	0.264208	0.241470	0.258406	0.242585	0.262873	0.232420	0.284463	0.263749	0.282430	0.259708	0.236138	0.241645	0.264746	0.237908	0.255649	0.264945	0.235375	0.278253	0.267659	0.284879	0.286823	0.283720	0.284293	0.279318	0.277701	0.275888	0.278562	0.280674	0.262457	0.277256	0.267527	0.279237	0.280187	0.229193	0.279176	0.287665	0.279979	0.280755	0.282680	0.286048	0.280376	0.273981	0.280377	0.238682	0.279709	0.285336	0.281402	0.276512	0.276306	0.239082	0.272563	0.278904	0.275621	0.268939	0.238887	0.278001	0.282841	0.278323	0.290440	0.280969	0.243215	0.276612	0.285669	0.287295	0.279719	0.263652	0.280301	0.254080	0.275241	0.286063	0.235233	0.288842	0.268240	0.252658	0.276593	0.279337	0.280133	0.273455	0.275581	0.275697	0.286974	0.283174	0.282769	0.279197	0.281150	0.279800	0.264840	0.274381	0.279373	0.265925	0.260247	0.278785	0.280463	0.293277	0.286304	
0.265920	0.285698	0.276907	0.276262	0.275023	0.276218	0.246324	0.244576	0.250368	0.279873	0.281832	0.248117	0.245857	0.249138	0.257933	0.244450	0.238141	0.249236	0.000000	0.265465	0.239263	0.254528	0.240320	0.245744	0.254680	0.274997	0.245347	0.249631	0.258861	0.281705	0.274740	0.249871	0.244111	0.253883	0.281507	0.263015	0.271723	0.250426	0.253555	0.274940	0.247311	0.254877	0.247907	0.274789	0.283364	0.258054	0.273222	0.281833	0.247267	0.276239	0.272415	0.280496	0.271992	0.269950	0.271188	0.252745	0.268834	0.275238	0.276965	0.279072	0.276355	0.278674	0.275944	0.276710	0.279586	0.258401	0.288385	0.271755	0.258901	0.241160	0.285731	0.255434	0.256110	0.247710	0.253030	0.258020	0.255364	0.247053	0.250028	0.253156	0.256221	0.258967	0.256010	0.259767	0.251605	0.256563	0.253046	0.245380	0.243139	0.259432	0.251927	0.251505	0.260644	0.246720	0.259462	0.239055	0.274697	0.280429	0.273651	0.279133	0.254836	0.283626	0.278418	0.258916	0.275570	0.266017	0.256929	0.255667	0.261531	0.257398	0.245045	0.278780	0.272930	0.274075	0.277147	0.270580	0.279719	0.245989	0.256196	0.244790	0.250437	0.252498	0.253596	0.256645	0.250257	0.256095	0.251681	0.257231	0.252042	0.257392	0.253484	0.246160	0.257738	0.252591	0.272811	0.255686	0.278783	0.250171	0.245212	0.249887	0.257263	0.242777	0.256370	0.253386	0.246382	0.283053	0.277188	0.281186	0.284332	0.283350	0.282685	0.273288	0.279078	0.277166	0.277875	0.277590	0.252853	0.276178	0.271687	0.277715	0.276993	0.247043	0.274630	0.280989	0.280779	0.278870	0.275866	0.277196	0.280240	0.274008	0.277261	0.247242	0.277166	0.278703	0.273005	0.274829	0.271001	0.244049	0.276305	0.285551	0.273973	0.269560	0.248837	0.278727	0.274748	0.282254	0.282277	0.262986	0.254630	0.271217	0.283362	0.277411	0.271246	0.263631	0.284334	0.253318	0.269307	0.282134	0.258207	0.271977	0.248015	0.240073	0.277118	0.278157	0.275870	0.276034	0.268946	0.270579	0.279325	0.280662	0.283867	0.271923	0.276900	0.277239	0.267764	0.280746	0.268546	0.270437	0.272063	0.278186	0.279914	0.281194	0.285050	
