sample,pop,cluster1,cluster2,cluster3
2,TER-North-Mesophotic,0.329855262,5.35509E-07,0.670144203
4,TER-North-Mesophotic,0.001774729,0.059634668,0.938590603
5,TER-North-Mesophotic,0.010233687,0.052671409,0.937094904
6,TER-North-Mesophotic,0.013331076,0.028401797,0.958267127
7,TER-North-Mesophotic,0.010635402,0.010117662,0.979246936
8,TER-North-Mesophotic,0.006286425,0.025357872,0.968355703
9,TER-North-Mesophotic,1E-09,0.999999998,1E-09
10,TER-North-Mesophotic,1E-09,1E-09,0.999999998
12,TER-North-Mesophotic,0.003291873,0.003349782,0.993358345
13,TER-North-Mesophotic,1E-09,0.999999998,1E-09
14,TER-North-Shallow,1E-09,0.999999998,1E-09
15,TER-North-Shallow,1E-09,0.999999998,1E-09
16,TER-North-Shallow,0.157367776,0.705664193,0.136968031
17,TER-North-Shallow,0.192315595,0.673044297,0.134640108
18,TER-North-Shallow,0.506018096,0.275332041,0.218649863
19,TER-North-Shallow,1E-09,0.999999998,1E-09
20,TER-North-Shallow,0.26416371,0.610259446,0.125576845
21,TER-North-Shallow,0.278016267,0.111957488,0.610026245
22,TER-North-Shallow,0.999999998,1E-09,1E-09
23,TER-North-Shallow,0.61484403,0.342444879,0.042711091
24,TER-North-Shallow,0.181913921,0.710607611,0.107478468
26,TER-North-Shallow,1E-09,0.999999998,1E-09
27,TER-North-Shallow,0.999999998,1E-09,1E-09
28,TER-North-Shallow,0.004335071,0.061851429,0.933813499
29,TER-North-Shallow,1E-09,0.999999998,1E-09
30,TER-North-Shallow,1E-09,0.999999998,1E-09
31,TER-North-Shallow,0.160097577,0.698292861,0.141609562
32,TER-North-Shallow,0.023219217,0.038624494,0.938156289
33,TER-North-Shallow,0.014249286,9.25908E-06,0.985741455
34,TER-North-Shallow,0.000000001,0.999999977,2.18229E-08
36,TER-North-Shallow,0.032817011,0.893146402,0.074036587
37,TER-North-Mesophotic,0.028282548,0.971717451,1E-09
38,TER-North-Mesophotic,2.7984E-05,0.088232169,0.911739847
39,TER-North-Mesophotic,0.703240039,0.000000001,0.29675996
40,TER-North-Mesophotic,0.042574138,0.007332156,0.950093706
41,TER-North-Mesophotic,1.61202E-05,0.999983879,1E-09
42,TER-North-Mesophotic,0.999999998,1E-09,1E-09
44,TER-North-Mesophotic,0.707607515,0.01752836,0.274864125
45,TER-North-Mesophotic,1.73004E-07,0.999999826,1E-09
46,TER-North-Mesophotic,0.0087629,0.991237099,1E-09
47,TER-North-Mesophotic,8.75202E-05,0.999912479,1E-09
48,TER-North-Shallow,1E-09,1E-09,0.999999998
49,TER-North-Shallow,5.80712E-07,0.080231098,0.919768321
50,TER-North-Shallow,0.155653826,0.706530089,0.137816085
52,TER-North-Shallow,0.068484356,0.339651874,0.59186377
53,TER-North-Shallow,1E-09,1E-09,0.999999998
54,TER-North-Mesophotic,7.05231E-09,0.999999992,1E-09
55,TER-North-Mesophotic,1E-09,1E-09,0.999999998
56,TER-North-Mesophotic,1E-09,1E-09,0.999999998
60,TER-North-Shallow,1E-09,1E-09,0.999999998
61,TER-South-Mesophotic,0.022856214,0.018748441,0.958395345
62,TER-South-Mesophotic,1E-09,1E-09,0.999999998
63,TER-South-Mesophotic,1E-09,1E-09,0.999999998
64,TER-South-Mesophotic,0.111748089,0.887410823,0.000841088
65,TER-South-Mesophotic,0.028054466,0.03621919,0.935726344
66,TER-South-Mesophotic,1E-09,1E-09,0.999999998
67,TER-South-Mesophotic,1E-09,1E-09,0.999999998
68,TER-South-Mesophotic,0.027294254,0.004146024,0.968559721
69,TER-South-Mesophotic,1E-09,1E-09,0.999999998
70,TER-South-Mesophotic,0.013728959,0.014594301,0.97167674
71,TER-South-Mesophotic,1E-09,0.025526314,0.974473685
72,TER-South-Mesophotic,1E-09,1E-09,0.999999998
73,TER-South-Mesophotic,1E-09,1E-09,0.999999998
74,TER-South-Mesophotic,0.931933895,0.068066069,3.5818E-08
75,TER-South-Mesophotic,0.013343825,6.99226E-08,0.986656105
76,TER-South-Mesophotic,0.009960957,1E-09,0.990039042
77,TER-South-Mesophotic,0.999999998,1E-09,1E-09
78,TER-South-Mesophotic,0.010080143,0.989919856,1E-09
79,TER-South-Mesophotic,0.006968721,0.028608994,0.964422286
80,TER-South-Mesophotic,0.999999727,2.7153E-07,1E-09
82,TER-South-Shallow,0.99857946,0.001420539,1E-09
84,TER-South-Shallow,0.962376799,0.0376232,1E-09
85,TER-South-Shallow,0.166344044,0.704614968,0.129040988
86,TER-South-Shallow,0.589412587,0.367316548,0.043270866
87,TER-South-Shallow,0.44247887,0.328799179,0.228721951
88,TER-South-Shallow,0.205396039,0.657249944,0.137354017
89,TER-South-Shallow,1E-09,0.999999998,1E-09
90,TER-South-Shallow,0.999999998,1E-09,1E-09
91,TER-South-Shallow,0.578888048,0.406161255,0.014950698
92,TER-South-Shallow,0.600770014,0.359326921,0.039903065
93,TER-South-Shallow,0.89892745,0.101072549,0.000000001
94,TER-South-Shallow,0.202783961,0.515824066,0.281391973
95,TER-South-Shallow,0.07705074,0.80127187,0.12167739
96,TER-South-Shallow,0.123937236,0.721035419,0.155027345
97,TER-South-Shallow,0.996795422,0.003204577,1E-09
98,TER-South-Shallow,1E-09,0.999999998,1E-09
99,TER-South-Shallow,0.034803125,0.965196874,1E-09
100,TER-South-Shallow,0.148928456,0.744739229,0.106332315
101,TER-South-Shallow,0.005704087,0.994295912,1E-09
102,TER-South-Shallow,0.576944829,0.385324974,0.037730197
103,TER-South-Shallow,0.155539751,0.652483532,0.191976717
104,TER-South-Shallow,0.926640187,0.073359812,1E-09
105,TER-South-Shallow,0.140741024,0.698896097,0.160362879
106,TER-South-Shallow,0.043396118,0.956603881,1E-09
107,TER-South-Mesophotic,1E-09,1E-09,0.999999998
108,TER-South-Mesophotic,1E-09,1E-09,0.999999998
109,TER-South-Mesophotic,0.020287087,0.008838353,0.970874561
110,TER-South-Mesophotic,4.09655E-05,0.002503107,0.997455928
111,TER-South-Mesophotic,0.945797425,0.017205136,0.036997439
112,TER-South-Mesophotic,0.027622939,0.05195389,0.920423171
113,TER-South-Mesophotic,0.01482929,0.013184671,0.971986039
114,TER-South-Mesophotic,0.863170481,0.026436825,0.110392694
115,TER-South-Mesophotic,0.016001357,0.151893868,0.832104775
116,TER-South-Mesophotic,1E-09,1E-09,0.999999998
117,TER-South-Mesophotic,0.82119395,0.014727516,0.164078535
118,TER-South-Shallow,0.071246386,0.928753613,1E-09
119,TER-South-Shallow,0.999999998,1E-09,1E-09
120,TER-South-Shallow,0.193975031,0.683680391,0.122344578
121,TER-South-Shallow,1E-09,0.999999998,1E-09
122,TER-South-Mesophotic,0.039390391,0.000000001,0.960609608
123,TER-South-Mesophotic,0.190551855,0.036043275,0.77340487
124,TER-South-Mesophotic,0.020809526,0.025226952,0.953963523
125,TER-South-Mesophotic,0.005900261,0.030333554,0.963766185
126,TER-South-Mesophotic,1.66275E-07,0.050873801,0.949126033
127,TER-South-Mesophotic,1.24273E-08,0.00057507,0.999424917
128,Lower Keys-Shallow,0.015440104,0.984559895,1E-09
129,Lower Keys-Shallow,0.182565637,0.683800643,0.13363372
130,Lower Keys-Shallow,0.01023945,0.989760549,1E-09
131,Lower Keys-Shallow,6.17683E-06,0.999993822,1E-09
132,Lower Keys-Shallow,0.160752543,0.73957957,0.099667887
133,Lower Keys-Shallow,0.999999998,1E-09,1E-09
134,Lower Keys-Shallow,0.999999998,1E-09,1E-09
135,Lower Keys-Shallow,1E-09,0.999999998,1E-09
136,Lower Keys-Shallow,1E-09,0.999999998,1E-09
137,Lower Keys-Shallow,1.71208E-05,0.999982878,1E-09
138,Lower Keys-Shallow,0.999998435,1.56411E-06,1E-09
139,Lower Keys-Shallow,0.963899773,0.036100226,1E-09
140,Lower Keys-Shallow,1E-09,0.999999998,1E-09
141,Lower Keys-Shallow,0.152207497,0.736589211,0.111203292
142,Lower Keys-Shallow,0.063065605,0.936933887,5.07608E-07
143,Lower Keys-Shallow,0.999999998,1E-09,1E-09
144,Lower Keys-Shallow,1.19449E-05,0.999988054,1E-09
145,Lower Keys-Shallow,0.02096576,0.045208302,0.933825938
146,Lower Keys-Shallow,0.881347002,0.118652997,1E-09
147,Lower Keys-Shallow,0.00071426,0.111267652,0.888018088
148,Lower Keys-Shallow,0.999999998,1E-09,1E-09
149,Lower Keys-Shallow,7.15487E-06,0.999992844,1E-09
150,Lower Keys-Shallow,1E-09,0.999999998,1E-09
151,Lower Keys-Shallow,0.999999998,1E-09,1E-09
152,Lower Keys-Shallow,1E-09,0.999999998,1E-09
153,Lower Keys-Shallow,0.068809803,0.681357716,0.249832481
154,Lower Keys-Shallow,0.999999998,1E-09,1E-09
155,Lower Keys-Shallow,0.000901349,0.99909865,1E-09
156,Lower Keys-Shallow,1E-09,1E-09,0.999999998
157,Lower Keys-Mesophotic,0.720622007,1E-09,0.279377992
158,Lower Keys-Mesophotic,0.01712542,0.000000001,0.982874579
159,Lower Keys-Mesophotic,0.023334843,0.000000001,0.976665156
160,Lower Keys-Mesophotic,0.038489036,0.000253469,0.961257495
161,Lower Keys-Mesophotic,0.014520264,0.023101254,0.962378482
162,Lower Keys-Mesophotic,0.031065308,0.0196493,0.949285392
163,Lower Keys-Mesophotic,0.03506372,0.098188439,0.866747841
164,Lower Keys-Mesophotic,0.024339556,7.53541E-06,0.975652909
165,Lower Keys-Mesophotic,0.999999998,1E-09,1E-09
166,Lower Keys-Mesophotic,0.017178743,0.022526275,0.960294981
167,Lower Keys-Mesophotic,0.731594319,1E-09,0.26840568
168,Lower Keys-Mesophotic,0.022343949,5.03048E-07,0.977655548
169,Lower Keys-Mesophotic,1E-09,1E-09,0.999999998
170,Lower Keys-Shallow,1E-09,0.999999998,1E-09
171,Upper Keys-Mesophotic,1E-09,1E-09,0.999999998
172,Upper Keys-Mesophotic,1E-09,1E-09,0.999999998
173,Upper Keys-Mesophotic,0.023479963,0.052517135,0.924002902
174,Upper Keys-Mesophotic,0.029764199,0.014533127,0.955702675
175,Upper Keys-Mesophotic,1E-09,1E-09,0.999999998
176,Upper Keys-Mesophotic,1E-09,1E-09,0.999999998
177,Upper Keys-Mesophotic,0.02077033,0.015865361,0.963364308
178,Upper Keys-Mesophotic,1E-09,0.999999998,1E-09
179,Upper Keys-Shallow,0.03935589,0.020103126,0.940540984
180,Upper Keys-Shallow,1E-09,1E-09,0.999999998
181,Upper Keys-Shallow,0.027907912,0.036529944,0.935562144
182,Upper Keys-Shallow,0.000672186,0.031781046,0.967546768
183,Upper Keys-Shallow,1E-09,1E-09,0.999999998
184,Upper Keys-Shallow,1E-09,0.999999998,1E-09
185,Upper Keys-Shallow,1E-09,1E-09,0.999999998
186,Upper Keys-Shallow,0.021433652,0.020221253,0.958345094
187,Upper Keys-Mesophotic,0.029141611,0.053652163,0.917206227
188,Upper Keys-Mesophotic,6.04755E-06,0.041560992,0.958432961
189,Upper Keys-Mesophotic,1E-09,0.999999998,1E-09
190,Upper Keys-Mesophotic,0.048300979,0.091797397,0.859901624
191,Upper Keys-Mesophotic,9.77081E-06,0.040949678,0.959040551
192,Upper Keys-Mesophotic,0.000281999,0.028229199,0.971488801
193,Upper Keys-Mesophotic,0.045118326,0.000286035,0.954595639
194,Upper Keys-Shallow,1E-09,0.031659117,0.968340882
195,Upper Keys-Shallow,3.07365E-09,0.871848524,0.128151473
196,Upper Keys-Shallow,0.02219154,0.065488125,0.912320335
198,Upper Keys-Shallow,1E-09,1E-09,0.999999998
199,Upper Keys-Shallow,3.79614E-05,1.32812E-07,0.999961906
200,Upper Keys-Shallow,0.050760229,0.000000001,0.94923977
201,Upper Keys-Mesophotic,0.000000001,0.460008363,0.539991636
202,Upper Keys-Mesophotic,0.00037357,0.000471908,0.999154522
205,Upper Keys-Mesophotic,0.085050698,0.430234827,0.484714475
208,Upper Keys-Mesophotic,0.0341136,0.126155992,0.839730408
209,Upper Keys-Mesophotic,0.005199807,0.037850297,0.956949895
211,Upper Keys-Mesophotic,0.000000001,0.396326535,0.603673464
212,Upper Keys-Mesophotic,8.19558E-05,0.031907977,0.968010067
214,Upper Keys-Mesophotic,0.821955062,0.000428481,0.177616457
216,Upper Keys-Mesophotic,0.171265847,0.705639837,0.123094316
217,Upper Keys-Mesophotic,0.000335313,0.034020311,0.965644376
218,Upper Keys-Shallow,1E-09,1E-09,0.999999998
219,Upper Keys-Shallow,1E-09,1E-09,0.999999998
220,Upper Keys-Shallow,1E-09,1E-09,0.999999998
222,Upper Keys-Shallow,0.678902047,1E-09,0.321097952
224,Upper Keys-Shallow,0.021946189,0.031585812,0.946467999
225,Upper Keys-Shallow,0.018029371,1E-09,0.981970628
226,Upper Keys-Shallow,1E-09,1E-09,0.999999998
227,Upper Keys-Shallow,0.000000001,0.041179912,0.958820087
228,Upper Keys-Shallow,1E-09,1E-09,0.999999998
229,Upper Keys-Shallow,0.726910956,1E-09,0.273089043
230,Upper Keys-Shallow,1E-09,1E-09,0.999999998
231,Upper Keys-Shallow,1E-09,1E-09,0.999999998
232,Upper Keys-Shallow,0.705168703,1E-09,0.294831296
233,Upper Keys-Shallow,0.670421289,1E-09,0.32957871
234,Upper Keys-Shallow,0.031809272,0.014126287,0.954064441
235,Upper Keys-Shallow,1E-09,1E-09,0.999999998
236,Upper Keys-Shallow,0.035054396,0.009020822,0.955924782
237,Upper Keys-Shallow,1E-09,1E-09,0.999999998