0.33434293448094959400 0.56443153807758283946 0.10122552644146744216 0.00000000100000000000 
0.00000000099999999999 0.00000248938900322309 0.99746621189495987547 0.00253129771603696502 
0.00000000269772856717 0.14534864608063588487 0.82914224329937014080 0.02550910792226532275 
0.00000000099999999999 0.06724211495166951269 0.93275788304833040510 0.00000000099999999999 
0.00000000099999999998 0.10824516959681371175 0.89175482840318631705 0.00000000099999999998 
0.00000000099999999998 0.00000067243713584722 0.99999932556286408314 0.00000000099999999998 
0.00000000099999999992 0.00000000099999999992 0.00000000099999999992 0.99999999700000008485 
0.00000000099999999994 0.99999999699999997382 0.00000000099999999994 0.00000000099999999994 
0.00000000099999999996 0.07250727670799889113 0.92749272129200110992 0.00000000099999999996 
0.00000000099999999993 0.00000000099999999993 0.00000000099999999993 0.99999999699999997382 
0.00000000099999999994 0.00000000099999999994 0.00000000099999999994 0.99999999699999997382 
0.00000000099999999996 0.00000000099999999996 0.00000000099999999996 0.99999999700000008485 
0.15554185356373684268 0.00000001009429965630 0.15917647498171558218 0.68528166136024804000 
0.19005712839727711971 0.00000950605743566672 0.14077437644304022224 0.66915898910224702600 
0.51215190258940568313 0.20693136788008212323 0.00008054178781462858 0.28083618774269769602 
0.00000000099999999993 0.00000000099999999993 0.00000000099999999993 0.99999999700000008485 
0.26570578521242005365 0.10286105768752573653 0.02456643739908197926 0.60686671970097216811 
0.28602778104033366180 0.52860802294107633870 0.07212558309891081709 0.11323861291967921017 
0.99999999700000008485 0.00000000099999999986 0.00000000099999999986 0.00000000099999999986 
0.61522566112092780255 0.00000000100000000000 0.05327678790925759883 0.33149754996981467547 
0.18249008564685839651 0.00000000099999999999 0.13245720212659420345 0.68505271122654731730 
0.00000000099999999995 0.00000000099999999995 0.00000000099999999995 0.99999999700000008485 
0.99999999700000008485 0.00000000099999999990 0.00000000099999999990 0.00000000099999999990 
0.00000000099999999999 0.11115611453473502046 0.86346398104809130025 0.02537990341717365553 
0.00000000099999999995 0.00000000099999999995 0.00000000099999999995 0.99999999699999997382 
0.00000000099999999996 0.00000000099999999996 0.00000000099999999996 0.99999999700000008485 
0.16093891734884799294 0.00000000100000000000 0.16618050877158074830 0.67288057287957137031 
0.01958890300574577664 0.02812096066198474867 0.95229013533226936072 0.00000000100000000000 
0.00000000099999999997 0.07234094535486297606 0.92765905264513703887 0.00000000099999999997 
0.00000000099999999999 0.00010631224964562932 0.00000000099999999999 0.99989368575035431075 
0.02877302247805288773 0.07847760136217878102 0.00000000100000000000 0.89274937515976826585 
0.03006755671433297000 0.00000000099999999997 0.00000000099999999997 0.96993244128566702411 
0.00000000099999999999 0.02474644147255595020 0.92254961623555187256 0.05270394129189216736 
0.71392193875340070885 0.28607805924659918118 0.00000000099999999999 0.00000000099999999999 
0.01739135637191123115 0.12255991913366590107 0.86004865099953553553 0.00000007349488739701 
0.00000000099999999996 0.00000000099999999996 0.00000000099999999996 0.99999999700000008485 
0.99999999699999997382 0.00000000099999999990 0.00000000099999999990 0.00000000099999999990 
0.71995898389360379888 0.26412556016787042124 0.00024285722869362943 0.01567259870983207445 
0.00000000099999999997 0.00000000099999999997 0.00000000099999999997 0.99999999699999997382 
0.00751534369326301889 0.00000000099999999995 0.00000000099999999995 0.99248465430673693533 
0.00000001269768688730 0.00000000099999999996 0.00000000099999999996 0.99999998530231315463 
0.00000000099999999996 0.99999999699999997382 0.00000000099999999996 0.00000000099999999996 
0.00000000100000000000 0.84246036300056847956 0.06637486364920418269 0.09116477235022731052 
0.15432294277685468242 0.00000012812714795896 0.15760792335414566812 0.68806900574185159147 
0.05888020481117363369 0.00341875051077305137 0.63179007019004285173 0.30591097448801030101 
0.00000000099999999994 0.99999999700000008485 0.00000000099999999994 0.00000000099999999994 
0.00000000099999999998 0.00000000099999999998 0.00000000099999999998 0.99999999700000008485 
0.00000000099999999994 0.99999999699999997382 0.00000000099999999994 0.00000000099999999994 
0.00000000099999999995 0.99999999700000008485 0.00000000099999999995 0.00000000099999999995 
0.00000000099999999994 0.99999999700000008485 0.00000000099999999994 0.00000000099999999994 
0.00000000099999999999 0.13102167547055984520 0.86897832252944018361 0.00000000099999999999 
0.00000000099999999992 0.99999999700000008485 0.00000000099999999992 0.00000000099999999992 
0.00000000099999999994 0.99967310256679164926 0.00032689543320831569 0.00000000099999999994 
0.11252899286674392099 0.00000000099999999999 0.01742522238081320451 0.87004578375244301380 
0.01662119011784624761 0.16956870503259049987 0.81336658881955892220 0.00044351603000433184 
0.00000000099999999999 0.60042518633043850951 0.39957481166956149155 0.00000000099999999999 
0.00000000099999999996 0.99981745957169143590 0.00018253842830858583 0.00000000099999999996 
0.00000000099999999997 0.00001837087311312627 0.99998162712688687392 0.00000000099999999997 
0.00000000099999999996 0.99998406451664689776 0.00001593348335301809 0.00000000099999999996 
0.00000000099999999996 0.00000000099999999996 0.99999999699999997382 0.00000000099999999996 
0.00000000099999999996 0.03416405223334213759 0.96583594576665776632 0.00000000099999999996 
0.00000000099999999997 0.96387532368847039788 0.03612467431152949215 0.00000000099999999997 
0.00000000099999999995 0.99999999699999997382 0.00000000099999999995 0.00000000099999999995 
0.93224524318594403915 0.00000000745982552885 0.00000000100000000000 0.06775474835423049569 
0.00000000099999999996 0.02775218143526842970 0.97224781656473158176 0.00000000099999999996 
0.01318614531761666195 0.98679532305834061212 0.00001853062404263277 0.00000000099999999999 
0.99999999699999997382 0.00000000099999999992 0.00000000099999999992 0.00000000099999999992 
0.01016494516082474577 0.00000000099999999997 0.00000000099999999997 0.98983505283917516682 
0.00000000099999999997 0.00000004230112621609 0.99999995569887378810 0.00000000099999999997 
0.99999999699999997382 0.00000000099999999995 0.00000000099999999995 0.00000000099999999995 
0.99971766029419761868 0.00000000099999999994 0.00000000099999999994 0.00028233770580241084 
0.96146945487653701079 0.00000000099999999996 0.00000000099999999996 0.03853054312346308047 
0.16611201653309801141 0.00000000099999999999 0.15296550374009829087 0.68092247872680367049 
0.58839255220028607862 0.00000000100000000000 0.05457831832501360697 0.35702912847470030799 
0.44481990329578463550 0.13699855159125751136 0.09387944781412560502 0.32430209729883213710 
0.20804965584906104370 0.00307747429664967116 0.15105291520565147789 0.63781995464863783241 
0.00000000099999999995 0.00000000099999999995 0.00000000099999999995 0.99999999699999997382 
0.99999999699999997382 0.00000000099999999991 0.00000000099999999991 0.00000000099999999991 
0.57750108384574416753 0.00000000099999999999 0.02964857267825587311 0.39285034247600003621 
0.59982142551702599675 0.00000000100000000000 0.05259475570995068849 0.34758381777302332916 
0.89954920113078196131 0.00000000099999999999 0.00000000099999999999 0.10045079686921813689 
0.19813935957963169088 0.00139477966123415496 0.30242904770852385710 0.49803681305061037188 
0.07575526966402773565 0.01090384666229053494 0.11801724405980634769 0.79532363961387542162 
0.12397664910058323051 0.00000000588696798449 0.17776388611550497654 0.69825945889694374102 
0.99665875039624618470 0.00000000099999999997 0.00000000099999999997 0.00334124760375376865 
0.00000000099999999994 0.00000000099999999994 0.00000000099999999994 0.99999999700000008485 
0.03388531360985204410 0.00000000099999999998 0.00000000099999999998 0.96611468439014802634 
0.14731015849114498240 0.00000000099999999999 0.13124795761539884142 0.72144188289345612120 
0.00523363403895322262 0.00000000099999999996 0.00000000099999999996 0.99476636396104678450 
0.57595897182221755806 0.00000000099999999999 0.04858344224414409829 0.37545758493363834418 
0.15558603342436569394 0.03873850242365076135 0.16911293361646562161 0.63656253053551781207 
0.92710301416783125195 0.00000000099999999995 0.00000000099999999995 0.07289698383216873523 
0.14144699622148121376 0.00713615175025631484 0.17054270915872199454 0.68087414286954039966 
0.04530609356374584035 0.00000000099999999996 0.00000000099999999996 0.95469390443625412601 
0.00000000099999999994 0.99999999699999997382 0.00000000099999999994 0.00000000099999999994 
0.00000000099999999989 0.99999999699999997382 0.00000000099999999989 0.00000000099999999989 
0.00000000099999999998 0.02179621126616137702 0.97820378673383845403 0.00000000099999999998 
0.00000000099999999996 0.02906649665766140520 0.97093350134233868953 0.00000000099999999996 
0.94516308290987627316 0.04120566557832997662 0.00000000100000000000 0.01363125051179358248 
0.00376052875062703879 0.05550797022835636529 0.91963392199296323248 0.02109757902805330099 
0.00000000099999999997 0.00173412289776715884 0.99826587510223274702 0.00000000099999999997 
0.86577913119636196182 0.11506851005389136244 0.00000000099999999999 0.01915235774974672484 
0.00000001152509346908 0.11382249883962336501 0.75577499482121823782 0.13040249481406507304 
0.00000000099999999992 0.99999999699999997382 0.00000000099999999992 0.00000000099999999992 
0.81836159628674343125 0.11698492950562645876 0.04940941469606945774 0.01524405951156070256 
0.07219733100135862502 0.00000000099999999995 0.00000000099999999995 0.92780266699864133439 
0.99999999699999997382 0.00000000099999999992 0.00000000099999999992 0.00000000099999999992 
0.19404885509380248587 0.00000000100000000000 0.14415586608957672854 0.66179527781662084163 
0.00000000099999999996 0.00000000099999999996 0.00000000099999999996 0.99999999699999997382 
0.00000000099999999998 0.00016501600600970460 0.99983498199399023498 0.00000000099999999998 
0.17364426515917047444 0.04261878584859039865 0.78339506200040975870 0.00034188699182932355 
0.00000000099999999999 0.04066026930341366113 0.95933972869658623583 0.00000000099999999999 
0.00000000099999999998 0.07635534020342868433 0.92364465779657134448 0.00000000099999999998 
0.00000000099999999999 0.06505697556597057896 0.93494300027863930236 0.00000002315539021133 
0.00000000099999999995 0.08410976334961234313 0.91589023465038754690 0.00000000099999999995 
0.01584703170948618262 0.00000000099999999996 0.00000000099999999996 0.98415296629051385313 
0.18262477269515753342 0.00164451540737107615 0.15008121030945179020 0.66564950158801949875 
0.01045651834213033940 0.00000000099999999996 0.00000000099999999996 0.98954347965786970676 
0.00000000099999999998 0.00000000099999999998 0.00000000099999999998 0.99999999699999997382 
0.16191686439732594360 0.00000000100000000000 0.11997890390623772161 0.71810423069643636307 
0.99999999700000008485 0.00000000099999999988 0.00000000099999999988 0.00000000099999999988 
0.99999999699999997382 0.00000000099999999992 0.00000000099999999992 0.00000000099999999992 
0.00000000099999999992 0.00000000099999999992 0.00000000099999999992 0.99999999700000008485 
0.00000000099999999994 0.00000000099999999994 0.00000000099999999994 0.99999999700000008485 
0.00000000099999999994 0.00000000099999999994 0.00000000099999999994 0.99999999700000008485 
0.99999999699999997382 0.00000000099999999993 0.00000000099999999993 0.00000000099999999993 
0.96236219423496960346 0.00000000099999999998 0.00000000099999999998 0.03763780376503045311 
0.00000000099999999993 0.00000000099999999993 0.00000000099999999993 0.99999999700000008485 
0.15262672134997504192 0.00000000100000000000 0.13646510344562953754 0.71090817420439544883 
0.06389997254400915649 0.00000000397085397001 0.00000000100000000000 0.93610002248513679568 
0.99999999699999997382 0.00000000099999999988 0.00000000099999999988 0.00000000099999999988 
0.00000000099999999993 0.00000000099999999993 0.00000000099999999993 0.99999999699999997382 
0.00045545977420129429 0.10053287182644275732 0.88631434969928390988 0.01269731870007205325 
0.88133363236495576576 0.00000000099999999996 0.00000000099999999996 0.11866636563504420754 
0.00000000099999999999 0.00625071239755838753 0.91742351461506677079 0.07632577198737475199 
0.99999999699999997382 0.00000000099999999990 0.00000000099999999990 0.00000000099999999990 
0.00000000099999999995 0.00000000099999999995 0.00000000099999999995 0.99999999699999997382 
0.00000000099999999994 0.00000000099999999994 0.00000000099999999994 0.99999999700000008485 
0.99999999699999997382 0.00000000099999999991 0.00000000099999999991 0.00000000099999999991 
0.00000000099999999993 0.00000000099999999993 0.00000000099999999993 0.99999999700000008485 
0.06445381203687830518 0.05177780768821198254 0.20671856022800064179 0.67704982004690916764 
0.99999999700000008485 0.00000000099999999993 0.00000000099999999993 0.00000000099999999993 
0.00000382582490312071 0.00000000099999999999 0.00000000099999999999 0.99999617217509684242 
0.00000000099999999998 0.86425287323102595316 0.13574712476897415891 0.00000000099999999998 
0.72150420886719313085 0.19083591711464931162 0.08765987301815750254 0.00000000099999999999 
0.00000000099999999996 0.00106352592910147680 0.99893647207089852902 0.00000000099999999996 
0.00000000099999999997 0.01817938261908693884 0.98182061538091303099 0.00000000099999999997 
0.00000000099999999998 0.00007994445636352517 0.99992005354363644454 0.00000000099999999998 
0.00000000099999999997 0.00539319134422398903 0.99460680665577605453 0.00000000099999999997 
0.00059405423239350375 0.02465322616379757650 0.97475271860380896527 0.00000000099999999999 
0.02420736923306300234 0.18230920851349693979 0.71456150385777339462 0.07892191839566675693 
0.00000000099999999995 0.00000000099999999995 0.99999999699999997382 0.00000000099999999995 
0.99999999699999997382 0.00000000099999999990 0.00000000099999999990 0.00000000099999999990 
0.00000000099999999999 0.05463354067097028754 0.94536645732902979677 0.00000000099999999999 
0.74136430681092257977 0.25772424299985896567 0.00091144918921856209 0.00000000099999999999 
0.00000000099999999998 0.04775926773435579947 0.95224073026564404199 0.00000000099999999998 
0.00000000099999999994 0.99999999699999997382 0.00000000099999999994 0.00000000099999999994 
0.00000000099999999994 0.00000000099999999994 0.00000000099999999994 0.99999999700000008485 
0.00000000099999999993 0.99999999700000008485 0.00000000099999999993 0.00000000099999999993 
0.00000000099999999994 0.99999999700000008485 0.00000000099999999994 0.00000000099999999994 
0.00005430184224368421 0.06871950331988473104 0.91003891499459488301 0.02118727984327669137 
0.00000000099999999999 0.08681231744092351987 0.91318768055907639791 0.00000000099999999999 
0.00000000099999999996 0.99999999700000008485 0.00000000099999999996 0.00000000099999999996 
0.00000000099999999994 0.99999999700000008485 0.00000000099999999994 0.00000000099999999994 
0.00000000099999999997 0.08902410314222000687 0.91097589485777996643 0.00000000099999999997 
0.00000000099999999993 0.00000000099999999993 0.00000000099999999993 0.99999999699999997382 
0.01857104905287118926 0.09586769562905418651 0.88556125431807464210 0.00000000100000000000 
0.00000000099999999994 0.99999999700000008485 0.00000000099999999994 0.00000000099999999994 
0.00000000697367910366 0.02494146556947099067 0.97504841176295986571 0.00001011569389006999 
0.00000000099999999998 0.06242924450078000259 0.93757075349921992213 0.00000000099999999998 
0.00000000099999999995 0.99999999700000008485 0.00000000099999999995 0.00000000099999999995 
0.00000000099999999995 0.00000000099999999995 0.00000000099999999995 0.99999999699999997382 
0.00000000099999999997 0.99999999700000008485 0.00000000099999999997 0.00000000099999999997 
0.00000000099999999999 0.03398089752665361257 0.96601910047334649256 0.00000000099999999999 
0.00504209652084671583 0.03439776607598664382 0.94303796118135541082 0.01752217622181108728 
0.00000000099999999998 0.05298755294509952668 0.94701244505490045356 0.00000000099999999998 
0.00000000099999999993 0.00000000099999999993 0.00000000099999999993 0.99999999700000008485 
0.01588264347421448897 0.05370739833308176697 0.85985466866883586423 0.07055528952386790065 
0.00000000099999999998 0.08256308168985215801 0.91743691631014778753 0.00000000099999999998 
0.00000000099999999996 0.00000000099999999996 0.99999999699999986280 0.00000000099999999996 
0.00000301286232195173 0.02249091384838153296 0.97750607228929653481 0.00000000100000000000 
0.00000000099999999999 0.82235203026105219148 0.14302475187062269057 0.03462321686832503520 
0.00000000099999999999 0.13158534533589774651 0.00000000099999999999 0.86841465266410222679 
0.00000536910802737980 0.01937955526607791981 0.94940316796027335311 0.03121190766562141963 
0.00000000099999999990 0.99999999700000008485 0.00000000099999999990 0.00000000099999999990 
0.00000000099999999999 0.99790833337411333215 0.00209166462588662163 0.00000000099999999999 
0.04917913130513076880 0.61863736388133128141 0.33218350381353789480 0.00000000100000000000 
0.00000000100000000000 0.36073818105789601240 0.18145338409970360183 0.45780843384240033078 
0.00000000099999999995 0.00001821677796222024 0.99998178122203762452 0.00000000099999999995 
0.07556717843505164622 0.10626247279306458293 0.39831062485332124901 0.41985972391856252184 
0.02605501663185516917 0.02867085432054933269 0.85250619351938294876 0.09276793552821253896 
0.00000000099999999999 0.00000000099999999999 0.99999999699999997382 0.00000000099999999999 
0.00000000099999999999 0.00001107005622963322 0.63319670002655936702 0.36679222891721102728 
0.00000000099999999999 0.34940065561576183484 0.62921610027074115212 0.02138324311349697193 
0.81700029231134796426 0.01819919448157916037 0.16479315153422177676 0.00000736167285105337 
0.17402385912204162977 0.00000000100000000000 0.15018776960222005035 0.67578837027573834817 
0.00000000099999999998 0.06652977736810322673 0.93347022063189666330 0.00000000099999999998 
0.00000000099999999995 0.99999999700000008485 0.00000000099999999995 0.00000000099999999995 
0.00000000099999999997 0.99999999700000008485 0.00000000099999999997 0.00000000099999999997 
0.00000000099999999994 0.99999999699999997382 0.00000000099999999994 0.00000000099999999994 
0.68155234213683157929 0.26705426592291175991 0.05139339094025656418 0.00000000099999999999 
0.00000000100000000000 0.02922179341423625926 0.97077820458576380425 0.00000000100000000000 
0.00000000099999999996 0.01351652259327841207 0.98648347540672154388 0.00000000099999999996 
0.00000000099999999998 0.94390607717335184290 0.05609392082664815815 0.00000000099999999998 
0.00000000099999999999 0.09114380400373839342 0.90885559798007942156 0.00000059701618223606 
0.00000000099999999994 0.99999999699999997382 0.00000000099999999994 0.00000000099999999994 
0.73294119819907410651 0.24180601251431602106 0.02525278828660986602 0.00000000099999999999 
0.00000000099999999995 0.99999999700000008485 0.00000000099999999995 0.00000000099999999995 
0.00000000099999999997 0.99999974642641842326 0.00000025157358152100 0.00000000099999999997 
0.70989813357337561150 0.26673533459557108305 0.02336653083105336148 0.00000000099999999999 
0.67370644131776813435 0.29928869346760489378 0.02700486421462677117 0.00000000099999999999 
0.00000000099999999998 0.00000000278767373080 0.99999999521232618704 0.00000000099999999998 
0.00000000099999999991 0.99999999699999997382 0.00000000099999999991 0.00000000099999999991 
0.00001402978380358838 0.04650189973523381759 0.95348406948096242619 0.00000000100000000000 
0.00000000099999999993 0.99999999700000008485 0.00000000099999999993 0.00000000099999999993 
