0.000000	0.254625	0.239075	0.242032	0.249102	0.243429	0.271116	0.244219	0.251389	0.274090	0.262485	0.265851	0.262360	0.265838	0.270229	0.271028	0.262868	0.245860	0.264881	0.263825	0.270924	0.267040	0.260084	0.241352	0.264249	0.272510	0.262560	0.247361	0.262714	0.265645	0.267177	0.265344	0.256925	0.261583	0.238671	0.263305	0.223705	0.270098	0.275204	0.274844	0.267255	0.237335	0.238644	0.256476	0.254035	0.245987	0.262592	0.238630	0.245529	0.243713	0.244369	0.238970	0.242641	0.265010	0.242810	0.234586	0.246374	0.248110	0.241607	0.244882	0.249501	0.239853	0.229266	0.262685	0.244841	0.234615	0.259701	0.266468	0.245471	0.254844	0.257303	0.265306	0.269001	0.263767	0.256397	0.258342	0.266932	0.258932	0.263789	0.267440	0.247644	0.258464	0.268822	0.263811	0.251458	0.263062	0.276129	0.269346	0.267662	0.266972	0.255259	0.254457	0.257075	0.263137	0.234138	0.243421	0.250599	0.239788	0.256601	0.252678	0.246622	0.257874	0.253625	0.232697	0.262523	0.276798	0.248234	0.267921	0.261426	0.250901	0.259347	0.258141	0.250908	0.245352	0.257902	0.260939	0.265528	0.276313	0.266837	0.264313	0.268410	0.248238	0.262904	0.275743	0.264817	0.250100	0.251358	0.265566	0.268060	0.262157	0.252804	0.263853	0.247694	0.256087	0.253038	0.252005	0.271043	0.267301	0.259944	0.271852	0.269004	0.250203	0.274636	0.241530	0.261343	0.246603	0.257434	0.253645	0.243416	0.248005	0.250477	0.250347	0.259163	0.252083	0.257372	0.245276	0.242660	0.270767	0.230953	0.248313	0.251541	0.254041	0.235154	0.238636	0.253485	0.272527	0.255415	0.243087	0.251388	0.250549	0.247670	0.263074	0.241187	0.257114	0.248064	0.246288	0.271095	0.252338	0.241098	0.246472	0.251220	0.247249	0.261851	0.248892	0.245513	0.236011	0.235095	0.258242	0.246641	0.256711	0.251516	0.245165	0.243722	0.244772	0.263192	0.258591	0.241582	0.239967	0.242820	0.247629	0.264692	0.248048	0.245537	0.241818	0.253710	0.232512	0.265537	0.240879	0.242480	0.259274	0.261529	0.249356	0.241138	0.247676	0.246722	
0.254625	0.000000	0.246656	0.234900	0.236388	0.237461	0.280159	0.251694	0.244889	0.279463	0.281658	0.280318	0.271427	0.278421	0.275674	0.278414	0.273235	0.262213	0.286279	0.280567	0.277381	0.287047	0.282128	0.240435	0.283445	0.279160	0.270659	0.241538	0.245728	0.284635	0.284436	0.285523	0.241644	0.278134	0.241793	0.283516	0.287419	0.281197	0.277477	0.279326	0.278513	0.246915	0.254027	0.263883	0.256287	0.243186	0.276614	0.248648	0.252928	0.245583	0.240239	0.245588	0.252669	0.274771	0.242761	0.242722	0.250313	0.241552	0.256464	0.239638	0.240872	0.252810	0.255052	0.285031	0.242920	0.248820	0.287560	0.278004	0.239812	0.282724	0.285472	0.285086	0.270594	0.278046	0.277398	0.272223	0.278027	0.288405	0.281266	0.282176	0.286326	0.265257	0.276374	0.271659	0.283827	0.280559	0.281657	0.280071	0.281527	0.277877	0.273105	0.283482	0.270818	0.275102	0.246959	0.262307	0.244645	0.239481	0.286943	0.249080	0.241702	0.291393	0.247391	0.247783	0.281756	0.282419	0.284212	0.270829	0.280477	0.247720	0.256702	0.248569	0.240188	0.247572	0.242472	0.281517	0.271043	0.287025	0.281720	0.276222	0.290388	0.282517	0.283240	0.286114	0.280755	0.287829	0.280140	0.286623	0.275769	0.275188	0.290366	0.282871	0.245295	0.280974	0.248780	0.287184	0.277614	0.272954	0.288924	0.284633	0.284103	0.291170	0.278313	0.248419	0.275207	0.236573	0.242332	0.242856	0.238570	0.240785	0.245961	0.244809	0.284302	0.244673	0.275786	0.244896	0.255756	0.280481	0.252554	0.256405	0.240404	0.242035	0.250338	0.250287	0.242188	0.281368	0.245963	0.255193	0.248027	0.246278	0.245140	0.282899	0.253424	0.244444	0.247266	0.236561	0.282745	0.241749	0.246404	0.247377	0.241919	0.233900	0.281076	0.250335	0.254232	0.244272	0.245044	0.264228	0.244874	0.245241	0.246194	0.240541	0.257910	0.250316	0.276141	0.266311	0.245230	0.249887	0.247798	0.250666	0.282743	0.247593	0.241781	0.241897	0.237749	0.252519	0.274811	0.251112	0.246027	0.273371	0.274941	0.244421	0.247698	0.245113	0.251773	
0.239075	0.246656	0.000000	0.231456	0.235251	0.231187	0.275444	0.247981	0.232314	0.273664	0.269609	0.273570	0.268725	0.276088	0.271263	0.278484	0.275591	0.253215	0.285169	0.273095	0.271240	0.275434	0.283662	0.237215	0.278503	0.281740	0.268868	0.241083	0.237317	0.279734	0.278856	0.279265	0.238953	0.269406	0.235763	0.272812	0.277559	0.277981	0.273903	0.278204	0.273836	0.239954	0.245251	0.266632	0.253237	0.240501	0.272472	0.239217	0.243192	0.233157	0.243559	0.239595	0.240760	0.271206	0.243068	0.241956	0.243117	0.239090	0.247625	0.237313	0.241511	0.240230	0.238412	0.279723	0.236918	0.246824	0.283630	0.269382	0.239345	0.276990	0.285384	0.280485	0.270958	0.271610	0.268398	0.256748	0.267384	0.280542	0.274056	0.276302	0.280832	0.268711	0.272959	0.264823	0.276097	0.269994	0.274413	0.274273	0.273198	0.273598	0.265125	0.274666	0.267861	0.274487	0.239991	0.244398	0.231258	0.238902	0.276223	0.237660	0.241087	0.280410	0.242090	0.237662	0.276314	0.273280	0.278316	0.267264	0.276298	0.234822	0.245198	0.237574	0.239084	0.239449	0.236862	0.276023	0.270930	0.276199	0.265956	0.267400	0.283246	0.273251	0.272727	0.275943	0.274128	0.275938	0.279861	0.274796	0.271165	0.274032	0.278869	0.273521	0.234294	0.276379	0.239189	0.282083	0.274995	0.276005	0.284204	0.276456	0.270675	0.279936	0.270568	0.231839	0.269097	0.239514	0.233489	0.239680	0.241799	0.239971	0.241702	0.241187	0.279841	0.234985	0.271637	0.239524	0.241867	0.283474	0.240616	0.242718	0.242465	0.235392	0.241173	0.242588	0.243431	0.279409	0.232121	0.239950	0.241411	0.240521	0.240120	0.276226	0.242012	0.239563	0.235671	0.231228	0.271041	0.240124	0.233626	0.240557	0.235596	0.237022	0.273431	0.244138	0.244500	0.233057	0.235442	0.262636	0.244417	0.258393	0.240254	0.239190	0.245308	0.242205	0.273318	0.271752	0.231620	0.236887	0.234345	0.239259	0.274923	0.239844	0.237095	0.233458	0.239390	0.237152	0.272381	0.241669	0.241883	0.264258	0.265252	0.238228	0.239875	0.243737	0.246893	
0.242032	0.234900	0.231456	0.000000	0.230495	0.234750	0.274253	0.240640	0.237045	0.277427	0.268901	0.275367	0.265278	0.268576	0.267334	0.278601	0.269623	0.250031	0.283778	0.267521	0.269467	0.278826	0.275800	0.230043	0.282570	0.276799	0.268249	0.243062	0.230581	0.277873	0.282985	0.272829	0.233351	0.270444	0.227000	0.279102	0.278670	0.274336	0.276035	0.278675	0.270824	0.240298	0.235881	0.264125	0.251412	0.235263	0.274848	0.238439	0.245558	0.235658	0.234038	0.234675	0.243308	0.276078	0.236510	0.232735	0.243783	0.233529	0.248181	0.240969	0.233047	0.244155	0.239954	0.282230	0.235036	0.236729	0.277924	0.271939	0.233050	0.276138	0.282925	0.281801	0.264897	0.272909	0.271972	0.261635	0.273145	0.278527	0.278488	0.281640	0.272260	0.264702	0.274482	0.274387	0.280719	0.275261	0.277910	0.269636	0.278778	0.269336	0.264326	0.281532	0.265068	0.272396	0.239407	0.247448	0.232194	0.231358	0.277077	0.236378	0.238314	0.282852	0.237688	0.238523	0.269860	0.278079	0.274409	0.262341	0.277707	0.239567	0.233491	0.230633	0.237469	0.234973	0.243378	0.275268	0.263700	0.279335	0.279178	0.271185	0.283220	0.271409	0.277872	0.279236	0.278158	0.277895	0.276582	0.280326	0.270380	0.282067	0.278874	0.276137	0.236654	0.276715	0.232982	0.274584	0.286032	0.273752	0.284143	0.278734	0.269410	0.279080	0.273140	0.234306	0.266894	0.236257	0.238934	0.238731	0.235282	0.240063	0.241528	0.230345	0.278410	0.233222	0.265859	0.242114	0.243513	0.276926	0.242522	0.239557	0.235699	0.233630	0.244889	0.240239	0.235921	0.280694	0.236628	0.241968	0.241246	0.235616	0.242626	0.278591	0.239602	0.238090	0.238826	0.236798	0.278970	0.243187	0.234434	0.237440	0.230754	0.231048	0.270254	0.237253	0.238604	0.234484	0.239941	0.255366	0.236367	0.245028	0.240106	0.228542	0.244661	0.235591	0.271731	0.263408	0.234580	0.236672	0.236652	0.239714	0.264148	0.230502	0.236509	0.229536	0.238768	0.237684	0.269560	0.235325	0.243346	0.267636	0.265232	0.233083	0.237471	0.239340	0.246340	
0.249102	0.236388	0.235251	0.230495	0.000000	0.235389	0.281963	0.242310	0.236449	0.279277	0.268532	0.279099	0.269813	0.271052	0.277352	0.280192	0.268241	0.246210	0.282254	0.272397	0.266992	0.278903	0.277239	0.233982	0.284400	0.274202	0.266291	0.241718	0.233128	0.276451	0.289186	0.280549	0.235746	0.270003	0.238698	0.277318	0.281332	0.269352	0.278990	0.281061	0.274452	0.238419	0.248609	0.267807	0.245931	0.241357	0.272527	0.243346	0.244036	0.236611	0.232118	0.241252	0.241809	0.267840	0.235227	0.235512	0.237336	0.232244	0.240387	0.238289	0.241858	0.242404	0.235491	0.285802	0.232611	0.239819	0.279446	0.275352	0.240230	0.275801	0.287425	0.278451	0.263877	0.271122	0.278456	0.259054	0.271277	0.283732	0.275455	0.277789	0.275637	0.260224	0.276361	0.261377	0.279682	0.273538	0.293478	0.267634	0.276183	0.270438	0.267029	0.277337	0.268088	0.272562	0.241788	0.239190	0.231505	0.234291	0.281193	0.244478	0.235760	0.280833	0.245694	0.233104	0.279027	0.276651	0.278225	0.264657	0.276593	0.235288	0.258558	0.234994	0.235947	0.242016	0.231944	0.277932	0.268130	0.277103	0.280936	0.267859	0.284894	0.275807	0.279962	0.279168	0.276763	0.282084	0.280243	0.276161	0.269018	0.273966	0.284457	0.279711	0.233862	0.279338	0.247829	0.278635	0.280943	0.277321	0.280606	0.275597	0.269821	0.283110	0.274162	0.239094	0.268166	0.229740	0.238215	0.232293	0.233536	0.238960	0.243039	0.245820	0.278199	0.229609	0.261542	0.237042	0.242434	0.279547	0.238741	0.242998	0.240292	0.232434	0.239963	0.240309	0.233351	0.276068	0.237624	0.242823	0.240641	0.237905	0.234542	0.276265	0.238928	0.237366	0.240363	0.236160	0.277888	0.238666	0.234883	0.234554	0.235294	0.238478	0.269888	0.240278	0.243283	0.232957	0.240600	0.268789	0.238703	0.259013	0.246571	0.235959	0.253560	0.248298	0.271245	0.269470	0.241723	0.235561	0.236825	0.241398	0.261891	0.241518	0.232744	0.233287	0.234632	0.239345	0.268706	0.239399	0.240301	0.263865	0.265077	0.241795	0.236297	0.239569	0.240351	
0.243429	0.237461	0.231187	0.234750	0.235389	0.000000	0.287651	0.242086	0.233077	0.280963	0.277903	0.280872	0.271557	0.278676	0.279078	0.285745	0.279625	0.258719	0.290864	0.280653	0.276723	0.288502	0.285027	0.234610	0.286191	0.279405	0.272708	0.243179	0.239490	0.281646	0.287080	0.285129	0.239190	0.272845	0.229011	0.284115	0.286453	0.281520	0.279137	0.282115	0.276290	0.240284	0.249168	0.276208	0.256281	0.238832	0.280815	0.247472	0.245199	0.238848	0.236888	0.243272	0.240000	0.275533	0.232398	0.238604	0.245710	0.236313	0.244869	0.237177	0.243345	0.245835	0.246372	0.282425	0.237096	0.243374	0.285329	0.277659	0.236935	0.283186	0.287361	0.284912	0.267396	0.277496	0.279851	0.269165	0.281361	0.285388	0.282211	0.287231	0.279263	0.269507	0.280615	0.273715	0.286344	0.283194	0.276997	0.275750	0.283645	0.277430	0.270583	0.281302	0.274279	0.279305	0.240433	0.244711	0.236089	0.238601	0.283182	0.242549	0.239507	0.281822	0.251136	0.248390	0.281382	0.282827	0.284125	0.273446	0.284162	0.232812	0.251958	0.235036	0.233213	0.242408	0.234402	0.279873	0.273331	0.282063	0.287168	0.275569	0.289767	0.273922	0.282238	0.285018	0.281446	0.290511	0.281024	0.285714	0.277927	0.278534	0.284406	0.280017	0.240686	0.286433	0.238767	0.285961	0.283060	0.276915	0.287633	0.284214	0.277443	0.288796	0.279280	0.238816	0.270881	0.242574	0.232748	0.240822	0.232563	0.237082	0.239265	0.240308	0.281804	0.230111	0.270703	0.240836	0.243191	0.286222	0.245123	0.246572	0.239893	0.236740	0.247541	0.243525	0.238774	0.285930	0.240364	0.247718	0.230662	0.240267	0.240248	0.280167	0.240894	0.236428	0.241261	0.237628	0.283856	0.240544	0.236221	0.239867	0.239839	0.234850	0.280736	0.240314	0.245216	0.240404	0.212993	0.262227	0.241750	0.248253	0.243679	0.226343	0.249117	0.242977	0.281021	0.275872	0.236512	0.233759	0.243049	0.246196	0.272020	0.234414	0.239987	0.235495	0.239931	0.241819	0.275975	0.239055	0.246473	0.274373	0.268876	0.233390	0.240693	0.235676	0.249571	
0.271116	0.280159	0.275444	0.274253	0.281963	0.287651	0.000000	0.279419	0.280831	0.233033	0.232711	0.228789	0.252506	0.240256	0.254410	0.225192	0.246200	0.270938	0.269582	0.258332	0.256089	0.229084	0.258586	0.275220	0.238205	0.240451	0.248202	0.277528	0.284408	0.232152	0.242920	0.235137	0.275150	0.269557	0.268425	0.234292	0.257609	0.267970	0.237549	0.241690	0.233577	0.274050	0.287368	0.248135	0.272158	0.275375	0.229319	0.279401	0.284537	0.269766	0.273741	0.275423	0.279460	0.236708	0.276759	0.278759	0.275678	0.280487	0.281171	0.282065	0.281116	0.279474	0.279455	0.256737	0.280722	0.280794	0.259629	0.235998	0.279393	0.262040	0.259467	0.259906	0.250860	0.259395	0.260450	0.243984	0.228565	0.253967	0.251436	0.257609	0.260874	0.252187	0.246290	0.253788	0.256251	0.231066	0.237321	0.250998	0.238036	0.251704	0.254232	0.248755	0.244937	0.232737	0.279295	0.289106	0.278683	0.280324	0.255867	0.282468	0.280013	0.258538	0.276065	0.276236	0.266611	0.239855	0.259839	0.247506	0.238704	0.279803	0.290052	0.275826	0.276880	0.278568	0.280663	0.230679	0.250820	0.229889	0.230957	0.251514	0.261612	0.249631	0.233506	0.232191	0.232792	0.260701	0.254545	0.232723	0.257274	0.238089	0.262756	0.231542	0.277275	0.256616	0.285381	0.250760	0.235455	0.229112	0.266827	0.228299	0.261581	0.260278	0.233910	0.276629	0.266624	0.281345	0.285639	0.279077	0.272985	0.277034	0.280546	0.280636	0.257326	0.284481	0.266548	0.282972	0.282449	0.227178	0.275761	0.285818	0.278009	0.278254	0.277622	0.278202	0.284701	0.229747	0.278304	0.280058	0.279251	0.281949	0.266466	0.234927	0.278313	0.279416	0.272007	0.276556	0.235411	0.276869	0.275441	0.279263	0.282021	0.273634	0.239666	0.279439	0.279196	0.268698	0.288819	0.202882	0.280792	0.258082	0.268072	0.282157	0.261148	0.278306	0.261820	0.254752	0.274064	0.283927	0.274185	0.277849	0.270753	0.277234	0.280008	0.268867	0.280426	0.276634	0.263787	0.282443	0.278821	0.265643	0.262151	0.279568	0.278546	0.276662	0.279164	
0.244219	0.251694	0.247981	0.240640	0.242310	0.242086	0.279419	0.000000	0.245363	0.278733	0.277581	0.277966	0.270766	0.272000	0.269111	0.281617	0.274807	0.246402	0.292812	0.276496	0.274816	0.282258	0.285198	0.242514	0.285625	0.277894	0.273362	0.247443	0.242366	0.281406	0.282269	0.273152	0.248161	0.268125	0.235353	0.280414	0.285670	0.273691	0.277309	0.281981	0.278442	0.217237	0.235244	0.269736	0.259923	0.226080	0.276865	0.231909	0.224200	0.228995	0.246776	0.222024	0.226285	0.271726	0.245078	0.223416	0.222338	0.246130	0.233449	0.244701	0.243176	0.228540	0.224311	0.282598	0.252004	0.226911	0.292662	0.278199	0.246610	0.281619	0.288809	0.287397	0.269899	0.279228	0.274575	0.269026	0.270352	0.291226	0.284984	0.281941	0.281714	0.270793	0.281353	0.266631	0.284030	0.282159	0.287413	0.275453	0.283616	0.274649	0.270534	0.285761	0.270202	0.275345	0.220234	0.225398	0.241343	0.244001	0.284686	0.247472	0.240827	0.285458	0.251498	0.229873	0.279793	0.284380	0.278195	0.268708	0.281933	0.245469	0.254616	0.244597	0.245893	0.246989	0.247537	0.278459	0.273765	0.283204	0.278606	0.277859	0.282881	0.278749	0.277502	0.281442	0.277004	0.280965	0.283606	0.286547	0.277014	0.279174	0.281831	0.274582	0.243915	0.283067	0.253447	0.280055	0.285187	0.276479	0.290198	0.281782	0.277295	0.282287	0.278206	0.225491	0.274547	0.244906	0.241221	0.246706	0.245917	0.242592	0.244646	0.246970	0.286479	0.245636	0.268618	0.239275	0.225355	0.284774	0.221968	0.225810	0.247091	0.240555	0.225980	0.224779	0.244146	0.279908	0.242088	0.224592	0.246266	0.249581	0.221243	0.273560	0.226315	0.242802	0.247503	0.245160	0.275589	0.251405	0.243544	0.245381	0.247372	0.218487	0.272060	0.244955	0.233368	0.224315	0.232000	0.256577	0.248513	0.255679	0.249572	0.242979	0.255044	0.245059	0.279967	0.276278	0.240903	0.225810	0.221363	0.230303	0.271292	0.251092	0.246218	0.224783	0.245977	0.230737	0.275003	0.231451	0.224867	0.266381	0.273251	0.248626	0.227686	0.253384	0.229585	
0.251389	0.244889	0.232314	0.237045	0.236449	0.233077	0.280831	0.245363	0.000000	0.280158	0.279801	0.276185	0.272153	0.279768	0.279268	0.279570	0.278024	0.259993	0.293237	0.272265	0.275404	0.282596	0.285503	0.242571	0.287108	0.281188	0.276316	0.249377	0.239266	0.280194	0.281730	0.279876	0.239754	0.270415	0.237943	0.284065	0.287688	0.278538	0.284397	0.286391	0.280467	0.239036	0.244107	0.272325	0.253965	0.245573	0.283052	0.242680	0.247379	0.246211	0.239416	0.233483	0.243971	0.276807	0.234772	0.243701	0.237316	0.245658	0.253842	0.236597	0.235178	0.241905	0.241236	0.290657	0.242133	0.250495	0.297258	0.278502	0.240370	0.285700	0.292875	0.288179	0.271409	0.276463	0.272502	0.272756	0.276155	0.287201	0.284143	0.283741	0.285972	0.274574	0.285795	0.275100	0.290512	0.280500	0.286084	0.278422	0.283582	0.275643	0.272228	0.287809	0.273210	0.283830	0.247732	0.237882	0.236013	0.239657	0.281500	0.238367	0.235896	0.285247	0.253975	0.237701	0.281323	0.284520	0.284770	0.271855	0.283205	0.238274	0.255324	0.243383	0.241701	0.242524	0.240704	0.281001	0.268786	0.287280	0.285764	0.272680	0.290251	0.282809	0.287438	0.283788	0.287738	0.287994	0.280355	0.284132	0.277801	0.283233	0.289517	0.279351	0.241835	0.287776	0.240306	0.286563	0.284290	0.278180	0.292207	0.286595	0.275090	0.291454	0.281338	0.244921	0.270601	0.240416	0.240737	0.244040	0.239321	0.239656	0.244414	0.244946	0.289056	0.236290	0.272091	0.247153	0.244278	0.284734	0.244826	0.248062	0.246900	0.237828	0.246465	0.242918	0.241768	0.283062	0.242295	0.251089	0.239736	0.241038	0.244011	0.284930	0.243403	0.243671	0.238430	0.243204	0.283966	0.247439	0.241122	0.241198	0.233728	0.237633	0.277477	0.244611	0.247663	0.252560	0.245809	0.256448	0.241709	0.253846	0.246166	0.231319	0.244326	0.245520	0.279092	0.278240	0.233078	0.242103	0.240430	0.245004	0.268028	0.238934	0.238210	0.238613	0.241495	0.241318	0.270772	0.243476	0.244396	0.268517	0.273731	0.241543	0.243715	0.243138	0.246243	
0.274090	0.279463	0.273664	0.277427	0.279277	0.280963	0.233033	0.278733	0.280158	0.000000	0.230342	0.231350	0.250105	0.244951	0.263495	0.235828	0.241948	0.269830	0.268809	0.257903	0.255257	0.230664	0.251574	0.271568	0.236550	0.237711	0.249974	0.279580	0.281520	0.233041	0.252122	0.235032	0.273225	0.262055	0.273992	0.234701	0.254122	0.262236	0.238210	0.241683	0.236711	0.273673	0.279880	0.247893	0.266345	0.278412	0.235955	0.272553	0.281270	0.275413	0.279075	0.273169	0.281703	0.238041	0.275941	0.280649	0.276870	0.277158	0.285956	0.277696	0.281204	0.279163	0.279415	0.260298	0.282691	0.278065	0.263934	0.235030	0.279248	0.251769	0.259771	0.254440	0.250942	0.255297	0.270080	0.247951	0.228990	0.257034	0.253987	0.260078	0.257808	0.252354	0.242949	0.255285	0.255255	0.231943	0.243860	0.259787	0.234463	0.250605	0.255262	0.245811	0.251816	0.231380	0.276958	0.285985	0.280042	0.274942	0.259159	0.278472	0.271786	0.260928	0.278826	0.279216	0.259527	0.241167	0.257054	0.252086	0.231597	0.280717	0.286672	0.275963	0.279197	0.273820	0.283687	0.231559	0.249708	0.236799	0.231020	0.252097	0.260245	0.255974	0.234142	0.229501	0.226862	0.254925	0.253921	0.237458	0.256284	0.238240	0.257197	0.230721	0.272805	0.252660	0.281165	0.257215	0.233739	0.228616	0.272089	0.236645	0.247662	0.260501	0.234840	0.273208	0.266645	0.282229	0.281938	0.284676	0.280578	0.276757	0.269735	0.284104	0.251028	0.277935	0.264402	0.278185	0.278292	0.237436	0.283754	0.280933	0.277383	0.277019	0.274305	0.281306	0.280222	0.233414	0.282570	0.279060	0.269689	0.283289	0.275102	0.236056	0.278782	0.275619	0.271241	0.279554	0.234192	0.279703	0.283033	0.277609	0.279177	0.268307	0.235459	0.273639	0.283764	0.274893	0.270110	0.261499	0.278456	0.194866	0.278768	0.271990	0.263358	0.285714	0.263478	0.247906	0.275647	0.275165	0.270022	0.277897	0.267438	0.273168	0.280520	0.269235	0.276760	0.275596	0.263535	0.280621	0.275458	0.268190	0.265293	0.278235	0.276504	0.282686	0.282928	
0.262485	0.281658	0.269609	0.268901	0.268532	0.277903	0.232711	0.277581	0.279801	0.230342	0.000000	0.233682	0.246455	0.239114	0.260197	0.231384	0.248160	0.267661	0.262448	0.251921	0.248059	0.232722	0.253107	0.269845	0.232757	0.234404	0.249088	0.273154	0.275104	0.231470	0.243689	0.238973	0.271844	0.265544	0.261890	0.233083	0.248094	0.267793	0.233115	0.235251	0.232848	0.266939	0.261143	0.244801	0.265993	0.271609	0.232950	0.274231	0.275338	0.268374	0.275982	0.269089	0.275884	0.237299	0.274487	0.276552	0.272329	0.275068	0.275108	0.275643	0.270423	0.272990	0.272137	0.251162	0.281397	0.269440	0.257233	0.234054	0.275729	0.252924	0.255148	0.252997	0.245705	0.249135	0.260190	0.239478	0.229568	0.259474	0.251591	0.255995	0.252270	0.250547	0.236561	0.244818	0.254423	0.227229	0.232598	0.252123	0.238447	0.249424	0.248222	0.250189	0.253326	0.230695	0.268080	0.282853	0.270245	0.278767	0.258806	0.276358	0.271885	0.258098	0.268786	0.272149	0.254771	0.240124	0.250910	0.242374	0.234494	0.270781	0.278759	0.273834	0.271387	0.265101	0.276864	0.232088	0.239712	0.232963	0.233093	0.250183	0.252383	0.248449	0.224165	0.225668	0.231887	0.250000	0.250000	0.229922	0.252159	0.231254	0.257886	0.229565	0.267639	0.250167	0.277710	0.248743	0.230680	0.227367	0.257792	0.227849	0.244755	0.260507	0.237357	0.271991	0.265077	0.277045	0.276194	0.268622	0.273586	0.272110	0.270494	0.272444	0.251285	0.272878	0.262794	0.273030	0.270559	0.233128	0.274659	0.274865	0.278632	0.271055	0.275837	0.272319	0.271174	0.233860	0.271257	0.279946	0.269506	0.272784	0.264581	0.229921	0.269231	0.273509	0.271070	0.274158	0.233559	0.272595	0.272263	0.269591	0.267608	0.265021	0.238360	0.272229	0.278120	0.274571	0.271652	0.258806	0.276569	0.254767	0.266615	0.275051	0.261565	0.281498	0.261871	0.250503	0.269775	0.271283	0.273075	0.274102	0.257269	0.266195	0.271160	0.266481	0.275274	0.266058	0.266340	0.277960	0.274561	0.262763	0.262624	0.276377	0.266353	0.276778	0.275477	
0.265851	0.280318	0.273570	0.275367	0.279099	0.280872	0.228789	0.277966	0.276185	0.231350	0.233682	0.000000	0.251720	0.244367	0.268378	0.236553	0.256833	0.269957	0.265788	0.262749	0.252235	0.235160	0.257164	0.276799	0.233689	0.234646	0.255425	0.281565	0.285114	0.236761	0.248177	0.235149	0.278314	0.273433	0.277767	0.231829	0.253847	0.270103	0.236189	0.242600	0.236315	0.275935	0.281002	0.250158	0.267993	0.274400	0.236906	0.285391	0.284259	0.278427	0.279172	0.271826	0.282937	0.242264	0.277520	0.277030	0.276666	0.277648	0.289131	0.282526	0.279097	0.283061	0.280858	0.263503	0.283536	0.278500	0.259736	0.234748	0.283850	0.259384	0.268484	0.260397	0.258644	0.259713	0.267632	0.248568	0.230842	0.257951	0.257152	0.264822	0.260323	0.255439	0.245541	0.255976	0.263089	0.238199	0.231524	0.256568	0.238912	0.253852	0.258252	0.252496	0.252286	0.235288	0.276532	0.289350	0.278430	0.281129	0.268471	0.282000	0.279611	0.267892	0.278410	0.280068	0.267127	0.238065	0.264221	0.248761	0.232734	0.281010	0.284755	0.281210	0.284753	0.274206	0.284698	0.234399	0.256757	0.236293	0.231537	0.250450	0.265082	0.255510	0.231683	0.229389	0.234869	0.257577	0.254735	0.235692	0.257669	0.246537	0.263001	0.233553	0.277004	0.258395	0.276409	0.254898	0.226913	0.229358	0.269577	0.239251	0.251822	0.260417	0.233860	0.275788	0.271729	0.284165	0.282521	0.275338	0.278269	0.276411	0.276887	0.282127	0.259326	0.279785	0.269374	0.279390	0.280289	0.229399	0.279272	0.283103	0.278212	0.275305	0.281956	0.280577	0.282979	0.230655	0.277276	0.279941	0.270895	0.277074	0.279801	0.226028	0.273779	0.282660	0.276103	0.278240	0.234007	0.280876	0.277766	0.278652	0.279196	0.265931	0.244563	0.280143	0.284910	0.280584	0.287418	0.264541	0.278941	0.255788	0.280277	0.282273	0.265817	0.282853	0.261340	0.251159	0.274717	0.279131	0.276353	0.276900	0.270270	0.280614	0.282032	0.273460	0.280291	0.279881	0.267849	0.280305	0.272195	0.263931	0.268939	0.283019	0.284636	0.287140	0.288423	
0.262360	0.271427	0.268725	0.265278	0.269813	0.271557	0.252506	0.270766	0.272153	0.250105	0.246455	0.251720	0.000000	0.252266	0.246277	0.252364	0.256710	0.261092	0.269331	0.243946	0.237992	0.251331	0.254039	0.263330	0.256833	0.254152	0.231907	0.270183	0.269949	0.249697	0.263015	0.251361	0.268061	0.264665	0.263316	0.254076	0.257131	0.266373	0.253980	0.262818	0.253252	0.259178	0.274359	0.227419	0.252811	0.264447	0.251857	0.270078	0.272871	0.265935	0.265555	0.268661	0.269886	0.242021	0.270462	0.269686	0.273703	0.271091	0.275927	0.265321	0.271646	0.270759	0.272908	0.258711	0.270853	0.267861	0.257047	0.252235	0.272813	0.258642	0.261968	0.254121	0.227921	0.239008	0.251538	0.224517	0.247683	0.259482	0.242620	0.249237	0.252881	0.238448	0.253706	0.228309	0.257131	0.252491	0.249404	0.229890	0.251979	0.236556	0.232410	0.258553	0.231228	0.250348	0.269486	0.270840	0.271544	0.269218	0.261682	0.263611	0.265820	0.268864	0.269427	0.268377	0.260957	0.247015	0.257874	0.225736	0.244729	0.270021	0.269256	0.266785	0.271787	0.263579	0.271291	0.252826	0.229510	0.256343	0.252852	0.225917	0.256070	0.251159	0.251159	0.258977	0.251545	0.257703	0.253849	0.253616	0.236524	0.252119	0.258412	0.255753	0.265625	0.255352	0.276746	0.254193	0.249552	0.250052	0.266681	0.251575	0.260547	0.255458	0.258316	0.268377	0.264207	0.267120	0.269243	0.267966	0.264471	0.273173	0.272886	0.269746	0.257299	0.270046	0.258478	0.271033	0.272604	0.251776	0.274630	0.276386	0.275837	0.265775	0.272945	0.273316	0.271506	0.250917	0.270451	0.274491	0.270321	0.268211	0.269630	0.248465	0.267078	0.271813	0.262369	0.271230	0.256884	0.259498	0.275190	0.275561	0.273774	0.262464	0.252164	0.270093	0.273003	0.276645	0.270487	0.265216	0.271311	0.245382	0.243528	0.260319	0.260914	0.272195	0.262159	0.238772	0.265660	0.266886	0.271483	0.270472	0.257538	0.267473	0.275797	0.267804	0.268295	0.267170	0.266866	0.273997	0.268455	0.262503	0.262253	0.271378	0.266130	0.266467	0.273978	
0.265838	0.278421	0.276088	0.268576	0.271052	0.278676	0.240256	0.272000	0.279768	0.244951	0.239114	0.244367	0.252266	0.000000	0.245287	0.240250	0.247200	0.261443	0.252502	0.241268	0.246297	0.241480	0.259642	0.264246	0.246944	0.247075	0.251459	0.268081	0.274305	0.244651	0.248170	0.248491	0.270088	0.267779	0.264410	0.238276	0.257771	0.269586	0.240639	0.247489	0.241715	0.271879	0.272833	0.250617	0.262561	0.274445	0.243577	0.267820	0.272260	0.269147	0.273331	0.272866	0.268573	0.246902	0.270574	0.278917	0.273071	0.273634	0.279665	0.273758	0.269858	0.274849	0.269060	0.260072	0.278312	0.270024	0.264044	0.243745	0.271714	0.253458	0.264915	0.259796	0.252024	0.261615	0.261632	0.248268	0.239862	0.259340	0.252596	0.258908	0.259745	0.255509	0.244480	0.250000	0.261907	0.245216	0.245698	0.257872	0.243310	0.251164	0.260645	0.257085	0.253989	0.242357	0.273167	0.282765	0.276297	0.276696	0.263964	0.270414	0.273619	0.267018	0.273941	0.279490	0.265444	0.247768	0.260051	0.248414	0.243813	0.275457	0.276168	0.269156	0.268742	0.271320	0.277149	0.246149	0.250000	0.246883	0.243066	0.254056	0.258118	0.248170	0.242229	0.243951	0.237461	0.257595	0.250961	0.247276	0.258120	0.245297	0.260304	0.241028	0.270641	0.250543	0.275397	0.253911	0.243996	0.240663	0.266544	0.244314	0.251016	0.252238	0.245698	0.273182	0.265136	0.274029	0.271148	0.271937	0.274832	0.266587	0.271913	0.274077	0.256605	0.275401	0.262889	0.275653	0.276674	0.247863	0.276380	0.282093	0.275040	0.269127	0.270218	0.279636	0.279927	0.237076	0.275405	0.277399	0.271387	0.277953	0.272159	0.241015	0.267807	0.272056	0.267077	0.274074	0.238486	0.274808	0.271027	0.272698	0.274712	0.266240	0.245926	0.281461	0.274344	0.265476	0.273700	0.250047	0.263586	0.251663	0.274528	0.258648	0.260478	0.278905	0.256904	0.243192	0.270953	0.272345	0.270021	0.277643	0.266447	0.280101	0.276306	0.260845	0.274899	0.269821	0.266733	0.276176	0.272389	0.262719	0.263745	0.272708	0.273082	0.278075	0.275635	
0.270229	0.275674	0.271263	0.267334	0.277352	0.279078	0.254410	0.269111	0.279268	0.263495	0.260197	0.268378	0.246277	0.245287	0.000000	0.255396	0.231016	0.238105	0.214273	0.219191	0.218874	0.264144	0.255217	0.264387	0.266497	0.258411	0.255586	0.277565	0.275124	0.251108	0.264382	0.250000	0.271502	0.266641	0.258764	0.258329	0.252503	0.278650	0.257444	0.270360	0.273209	0.263889	0.267340	0.251671	0.262402	0.271056	0.260055	0.276243	0.272445	0.268621	0.271236	0.271118	0.269021	0.251453	0.272465	0.263281	0.272711	0.276050	0.275780	0.277515	0.280335	0.274759	0.272545	0.247743	0.276163	0.274038	0.258658	0.257210	0.275761	0.251173	0.255763	0.256174	0.253220	0.244412	0.250573	0.249818	0.254727	0.250184	0.250000	0.262217	0.253039	0.250651	0.263062	0.248354	0.240939	0.259191	0.248831	0.250365	0.259738	0.250593	0.252755	0.247486	0.258065	0.257517	0.264700	0.274323	0.272744	0.267592	0.262838	0.278596	0.267309	0.253515	0.271649	0.271501	0.255856	0.259902	0.249028	0.247152	0.259540	0.283465	0.279320	0.272859	0.271685	0.267395	0.286004	0.253353	0.252252	0.267028	0.255569	0.255087	0.248711	0.242269	0.257815	0.261900	0.256200	0.248448	0.250229	0.258552	0.260625	0.256846	0.256256	0.264117	0.268827	0.253374	0.273078	0.242424	0.265482	0.257749	0.256177	0.256001	0.253849	0.241915	0.263591	0.272860	0.266260	0.275201	0.272694	0.269963	0.270300	0.275661	0.277441	0.274030	0.249044	0.272480	0.264372	0.279650	0.269766	0.262947	0.276313	0.275962	0.279812	0.270921	0.280131	0.279658	0.270875	0.254519	0.271434	0.272975	0.275725	0.278326	0.271970	0.259677	0.268657	0.277910	0.268854	0.268592	0.263244	0.269873	0.282439	0.268067	0.281923	0.258568	0.260707	0.275728	0.276491	0.266484	0.270262	0.268614	0.275238	0.256017	0.261940	0.261153	0.261564	0.281329	0.218849	0.207745	0.271190	0.269253	0.269859	0.265729	0.265108	0.276293	0.272961	0.267595	0.265089	0.270700	0.272593	0.276384	0.265704	0.269948	0.268946	0.272448	0.271335	0.278259	0.272429	
0.271028	0.278414	0.278484	0.278601	0.280192	0.285745	0.225192	0.281617	0.279570	0.235828	0.231384	0.236553	0.252364	0.240250	0.255396	0.000000	0.248802	0.268284	0.267584	0.249137	0.253587	0.235507	0.265058	0.273378	0.236596	0.235649	0.257190	0.280492	0.281859	0.232958	0.248226	0.239632	0.277878	0.263970	0.277589	0.237396	0.264271	0.273460	0.243490	0.244041	0.240097	0.277279	0.283922	0.247963	0.271149	0.280761	0.238036	0.278025	0.282513	0.274442	0.282902	0.278802	0.279058	0.247281	0.279009	0.292476	0.281633	0.279181	0.285879	0.279116	0.276952	0.283734	0.279157	0.261777	0.285150	0.278324	0.269030	0.236605	0.276806	0.256011	0.264666	0.260587	0.252698	0.260479	0.266146	0.251978	0.236075	0.263740	0.254236	0.257080	0.262480	0.260291	0.242140	0.252003	0.268762	0.228748	0.235269	0.256140	0.244006	0.252218	0.252620	0.259827	0.260765	0.235965	0.279839	0.287014	0.275934	0.288501	0.270566	0.282566	0.276377	0.276412	0.269256	0.279493	0.270351	0.248604	0.268368	0.251681	0.240649	0.277842	0.280129	0.275415	0.280085	0.278711	0.280639	0.236487	0.247811	0.236630	0.233484	0.252001	0.268300	0.258738	0.233260	0.231873	0.230112	0.260633	0.260483	0.243027	0.258379	0.236467	0.264062	0.234932	0.275880	0.263515	0.279112	0.263059	0.237915	0.232474	0.263054	0.233344	0.253848	0.264831	0.236860	0.277469	0.266758	0.283107	0.285476	0.283238	0.278121	0.276494	0.281929	0.282906	0.257268	0.283183	0.265216	0.283681	0.277679	0.232587	0.277870	0.284085	0.280415	0.277975	0.282251	0.282161	0.280257	0.238727	0.280390	0.281777	0.280166	0.283100	0.276673	0.236520	0.271174	0.276367	0.277362	0.276378	0.233448	0.280511	0.275203	0.277927	0.283307	0.280672	0.246599	0.279849	0.285521	0.283191	0.276202	0.257254	0.287055	0.246556	0.281347	0.280171	0.235132	0.286030	0.266225	0.255804	0.275825	0.279054	0.274524	0.277506	0.266990	0.282774	0.277685	0.271764	0.279836	0.280904	0.271646	0.278822	0.279113	0.264841	0.267333	0.281253	0.283523	0.284581	0.285403	
0.262868	0.273235	0.275591	0.269623	0.268241	0.279625	0.246200	0.274807	0.278024	0.241948	0.248160	0.256833	0.256710	0.247200	0.231016	0.248802	0.000000	0.257256	0.242808	0.246753	0.233282	0.247223	0.250738	0.268505	0.253740	0.248351	0.249526	0.275827	0.275768	0.249459	0.241803	0.248973	0.272075	0.264976	0.271107	0.243267	0.253972	0.274228	0.250641	0.252539	0.247292	0.267727	0.271812	0.259858	0.264749	0.273799	0.247706	0.267827	0.274132	0.272982	0.277828	0.271706	0.275165	0.241487	0.270655	0.269054	0.275789	0.275962	0.278115	0.276973	0.277090	0.278175	0.272452	0.251406	0.280446	0.269653	0.256861	0.246854	0.281131	0.251107	0.254459	0.256768	0.255461	0.254086	0.261444	0.241033	0.248494	0.254521	0.253327	0.262555	0.253039	0.259499	0.252902	0.250846	0.253708	0.246661	0.250612	0.253561	0.246039	0.241472	0.253936	0.243579	0.258350	0.243034	0.275151	0.282284	0.272993	0.277462	0.263405	0.278752	0.276016	0.249307	0.274563	0.264732	0.252229	0.248834	0.256859	0.248668	0.247629	0.278096	0.273506	0.272960	0.276106	0.268932	0.281775	0.248496	0.252736	0.253880	0.245612	0.252370	0.252974	0.255103	0.241984	0.243521	0.251651	0.261638	0.252715	0.249220	0.252230	0.247433	0.257754	0.257194	0.272902	0.253828	0.278501	0.254935	0.249634	0.248583	0.256728	0.244357	0.261040	0.252365	0.243683	0.274127	0.273336	0.278201	0.278937	0.275367	0.272472	0.273388	0.276221	0.278271	0.254603	0.278136	0.273351	0.279233	0.271658	0.239101	0.277332	0.275206	0.275267	0.274547	0.272191	0.272321	0.276366	0.244541	0.275428	0.275781	0.271100	0.277335	0.264843	0.243457	0.266272	0.283408	0.273881	0.275338	0.251563	0.273832	0.277362	0.276399	0.276600	0.267491	0.249542	0.275809	0.275877	0.269996	0.268621	0.266551	0.282915	0.255090	0.261755	0.272695	0.257396	0.269841	0.238125	0.232687	0.275562	0.272880	0.271067	0.278304	0.269901	0.281610	0.279154	0.265965	0.269205	0.278265	0.269809	0.280181	0.274175	0.268172	0.266401	0.272838	0.271496	0.277538	0.282781	
0.245860	0.262213	0.253215	0.250031	0.246210	0.258719	0.270938	0.246402	0.259993	0.269830	0.267661	0.269957	0.261092	0.261443	0.238105	0.268284	0.257256	0.000000	0.251428	0.249036	0.248607	0.270032	0.269822	0.253052	0.267977	0.263807	0.267724	0.257915	0.253370	0.269872	0.271091	0.269412	0.257628	0.264794	0.246121	0.266920	0.261433	0.273051	0.266179	0.269538	0.264565	0.244072	0.251554	0.261550	0.259237	0.241878	0.265141	0.243007	0.248615	0.246178	0.245924	0.239064	0.242880	0.265035	0.250325	0.250302	0.245032	0.258983	0.253220	0.257982	0.252963	0.245027	0.242717	0.264504	0.260249	0.240548	0.268490	0.267284	0.253873	0.259479	0.267595	0.265862	0.264229	0.267735	0.267538	0.254465	0.263306	0.260375	0.263930	0.261981	0.259062	0.260025	0.265977	0.259769	0.267422	0.269111	0.273109	0.263286	0.268141	0.264130	0.263515	0.261022	0.260492	0.263112	0.249590	0.248898	0.255121	0.254092	0.262703	0.256870	0.253012	0.263585	0.264856	0.245239	0.260658	0.267210	0.254860	0.256952	0.264984	0.259941	0.258252	0.249756	0.250621	0.249130	0.255779	0.267327	0.262360	0.269751	0.267127	0.263241	0.274247	0.259323	0.263099	0.263053	0.269730	0.261750	0.261376	0.266105	0.269479	0.266821	0.268293	0.265734	0.252194	0.260357	0.254237	0.259823	0.268016	0.261748	0.265787	0.264402	0.270905	0.263184	0.270365	0.243971	0.270394	0.256454	0.253033	0.258809	0.250889	0.257185	0.251261	0.256834	0.264128	0.250365	0.268083	0.255797	0.244431	0.275989	0.244398	0.245437	0.257456	0.252384	0.252281	0.248107	0.252528	0.269779	0.258114	0.247224	0.252855	0.256473	0.237187	0.265871	0.234139	0.264904	0.251340	0.256121	0.267074	0.254419	0.257655	0.248267	0.248967	0.237563	0.273158	0.261268	0.247065	0.241409	0.246513	0.259379	0.253061	0.251693	0.242304	0.253900	0.256406	0.260341	0.247234	0.250832	0.252182	0.242118	0.241043	0.244091	0.269423	0.260351	0.251170	0.240364	0.251137	0.248466	0.270691	0.250464	0.242205	0.265747	0.264924	0.248482	0.243207	0.257748	0.242128	
0.264881	0.286279	0.285169	0.283778	0.282254	0.290864	0.269582	0.292812	0.293237	0.268809	0.262448	0.265788	0.269331	0.252502	0.214273	0.267584	0.242808	0.251428	0.000000	0.210117	0.267539	0.269409	0.222210	0.284873	0.270141	0.266944	0.268457	0.290900	0.288447	0.266004	0.273221	0.268049	0.289376	0.265967	0.277800	0.266778	0.221483	0.275264	0.259739	0.273733	0.265347	0.287767	0.287810	0.262106	0.279364	0.294037	0.267139	0.285081	0.292739	0.283559	0.292181	0.291571	0.289328	0.264678	0.285910	0.289328	0.287522	0.290733	0.290410	0.284056	0.296023	0.290855	0.290403	0.227555	0.289774	0.288070	0.230817	0.264569	0.292815	0.222886	0.231125	0.227321	0.266010	0.247783	0.269103	0.255253	0.264352	0.220752	0.251272	0.252593	0.227997	0.263425	0.271305	0.268878	0.224627	0.265315	0.267213	0.265330	0.272171	0.251851	0.264211	0.222809	0.269720	0.266745	0.291843	0.302496	0.287790	0.287752	0.235967	0.291657	0.283390	0.240262	0.292146	0.292367	0.238563	0.256839	0.222033	0.264278	0.257048	0.290474	0.296684	0.286528	0.281779	0.281539	0.296863	0.267778	0.260778	0.266986	0.264300	0.268044	0.229342	0.220174	0.263428	0.258490	0.266132	0.231002	0.228786	0.261397	0.270108	0.265360	0.231681	0.267312	0.283550	0.234340	0.291667	0.226553	0.270857	0.264122	0.230626	0.260669	0.269751	0.223440	0.270934	0.287212	0.269937	0.289419	0.293283	0.286355	0.285162	0.285358	0.288118	0.286423	0.222547	0.289365	0.263141	0.291183	0.293977	0.264428	0.292855	0.296852	0.293996	0.279621	0.296078	0.295010	0.288382	0.267313	0.287655	0.297238	0.289866	0.292232	0.286838	0.266452	0.291333	0.292154	0.285966	0.287762	0.263704	0.289995	0.291377	0.288211	0.290470	0.288355	0.270733	0.293975	0.293903	0.295260	0.296335	0.280812	0.289731	0.272727	0.286003	0.293233	0.282549	0.290923	0.155540	0.259742	0.287360	0.289801	0.287584	0.292520	0.260570	0.295444	0.290248	0.285623	0.289788	0.290056	0.266525	0.296554	0.292463	0.261000	0.263236	0.292088	0.289627	0.291345	0.290979	
0.263825	0.280567	0.273095	0.267521	0.272397	0.280653	0.258332	0.276496	0.272265	0.257903	0.251921	0.262749	0.243946	0.241268	0.219191	0.249137	0.246753	0.249036	0.210117	0.000000	0.215716	0.258882	0.239230	0.264970	0.263071	0.260843	0.246919	0.270984	0.274839	0.254320	0.265077	0.252899	0.277437	0.266911	0.271943	0.261650	0.242986	0.275685	0.257803	0.267800	0.256943	0.274845	0.278539	0.244544	0.268153	0.278125	0.253283	0.278489	0.275799	0.267342	0.279516	0.271917	0.273043	0.251277	0.279658	0.276145	0.275727	0.275550	0.281534	0.274778	0.273948	0.281397	0.270597	0.238801	0.277602	0.271642	0.243325	0.257851	0.274128	0.242311	0.247918	0.244404	0.246726	0.240060	0.247261	0.236569	0.259549	0.244988	0.239602	0.249660	0.242272	0.244615	0.254712	0.240583	0.244989	0.250576	0.256531	0.250680	0.254973	0.235969	0.248553	0.242947	0.250604	0.253549	0.276391	0.288569	0.267927	0.284534	0.244241	0.269701	0.271250	0.252205	0.271290	0.279361	0.248062	0.259331	0.237534	0.249291	0.260074	0.275987	0.273650	0.275011	0.278178	0.272378	0.276362	0.253126	0.237943	0.264204	0.261089	0.246242	0.243457	0.235776	0.254675	0.251266	0.258449	0.243096	0.239811	0.257375	0.252513	0.260797	0.241046	0.255663	0.269948	0.245244	0.268309	0.236965	0.256383	0.253487	0.250413	0.253521	0.255439	0.242833	0.253976	0.271092	0.258518	0.275857	0.283812	0.269428	0.270442	0.277267	0.273881	0.279802	0.231327	0.270780	0.262655	0.280482	0.273526	0.263356	0.272892	0.283780	0.280504	0.271902	0.281222	0.278708	0.275862	0.258055	0.274201	0.276589	0.277004	0.278753	0.276007	0.258468	0.275316	0.277635	0.268769	0.277628	0.259879	0.270128	0.272727	0.278371	0.278010	0.274156	0.264573	0.283096	0.281307	0.270494	0.273670	0.271390	0.278989	0.266434	0.276108	0.280064	0.256380	0.279974	0.218843	0.214409	0.269490	0.277653	0.271202	0.275513	0.269223	0.276299	0.277237	0.272490	0.272962	0.276605	0.268611	0.277064	0.275846	0.256759	0.265156	0.276286	0.279056	0.284733	0.281514	
