0.085046 0.000010 0.839354 0.000010 0.075549 0.000010 0.000010 0.000010
0.045899 0.000010 0.000010 0.934244 0.000010 0.019807 0.000010 0.000010
0.000010 0.155958 0.000010 0.807563 0.012788 0.000010 0.023651 0.000010
0.000010 0.039805 0.160292 0.795095 0.000010 0.004767 0.000010 0.000010
0.000010 0.093261 0.085001 0.821689 0.000010 0.000010 0.000010 0.000010
0.000010 0.000010 0.169826 0.830114 0.000010 0.000010 0.000010 0.000010
0.000010 0.000010 0.000010 0.000010 0.000010 0.029263 0.970677 0.000010
0.000010 0.999930 0.000010 0.000010 0.000010 0.000010 0.000010 0.000010
0.000010 0.073849 0.000010 0.904064 0.000010 0.000010 0.000010 0.022037
0.000010 0.000010 0.000010 0.000010 0.000010 0.000010 0.999930 0.000010
0.000010 0.000010 0.000010 0.000010 0.000010 0.000010 0.999930 0.000010
0.002351 0.000010 0.000010 0.000010 0.000010 0.000010 0.997589 0.000010
0.000010 0.000010 0.000010 0.000010 0.000010 0.999930 0.000010 0.000010
0.120055 0.000010 0.000010 0.126691 0.158967 0.110233 0.484025 0.000010
0.999928 0.000010 0.000010 0.000012 0.000010 0.000010 0.000010 0.000010
0.000010 0.000010 0.000010 0.000010 0.000010 0.000010 0.999930 0.000010
0.179440 0.101687 0.000010 0.005416 0.188175 0.156768 0.368494 0.000010
0.402890 0.386900 0.000010 0.000010 0.138080 0.072090 0.000010 0.000010
0.000010 0.000010 0.000010 0.000010 0.999930 0.000010 0.000010 0.000010
0.837967 0.000010 0.000010 0.000010 0.149716 0.012267 0.000010 0.000010
0.083406 0.000010 0.000010 0.000010 0.000010 0.916534 0.000010 0.000010
0.241347 0.000010 0.000010 0.000010 0.000010 0.000010 0.758593 0.000010
0.000010 0.000010 0.000010 0.000010 0.999930 0.000010 0.000010 0.000010
0.000010 0.095996 0.090440 0.761037 0.000010 0.052487 0.000010 0.000010
0.000010 0.000010 0.000010 0.000010 0.000010 0.036128 0.963812 0.000010
0.000010 0.000010 0.000010 0.000010 0.000010 0.006938 0.993002 0.000010
0.000010 0.000010 0.008415 0.000010 0.000010 0.991525 0.000010 0.000010
0.000010 0.005076 0.063279 0.893635 0.000010 0.032570 0.000010 0.005410
0.000010 0.074520 0.046321 0.879110 0.000010 0.000010 0.000010 0.000010
0.448899 0.000010 0.000010 0.000010 0.000010 0.000010 0.551041 0.000010
0.714661 0.000010 0.000010 0.000010 0.000010 0.000010 0.285279 0.000010
0.225876 0.000010 0.000010 0.000010 0.000010 0.000010 0.764163 0.009911
0.000010 0.014594 0.111769 0.794278 0.000010 0.058658 0.019644 0.001037
0.145277 0.000010 0.000010 0.000010 0.000010 0.000010 0.000010 0.854663
0.000010 0.000010 0.999930 0.000010 0.000010 0.000010 0.000010 0.000010
0.000010 0.000010 0.000010 0.000010 0.009800 0.000010 0.990140 0.000010
0.000010 0.000010 0.000010 0.000010 0.999930 0.000010 0.000010 0.000010
0.000010 0.000010 0.000010 0.000010 0.000010 0.000010 0.000010 0.999930
0.000010 0.000010 0.000010 0.000010 0.016704 0.000010 0.983236 0.000010
0.000010 0.000010 0.000010 0.000010 0.007915 0.000010 0.992025 0.000010
0.031455 0.000010 0.000010 0.000010 0.015932 0.056959 0.895614 0.000010
0.000010 0.972929 0.027011 0.000010 0.000010 0.000010 0.000010 0.000010
0.000010 0.274915 0.725025 0.000010 0.000010 0.000010 0.000010 0.000010
0.000010 0.000010 0.000010 0.000010 0.000010 0.999930 0.000010 0.000010
0.000010 0.020975 0.000010 0.485114 0.000010 0.493861 0.000010 0.000010
0.000010 0.916019 0.083920 0.000010 0.000010 0.000010 0.000011 0.000010
0.000010 0.008324 0.000010 0.000010 0.000010 0.018938 0.944032 0.028665
0.000010 0.924108 0.075832 0.000010 0.000010 0.000010 0.000010 0.000010
0.000010 0.985993 0.013947 0.000010 0.000010 0.000010 0.000010 0.000010
0.000010 0.999930 0.000010 0.000010 0.000010 0.000010 0.000010 0.000010
0.000010 0.123942 0.055739 0.787673 0.000010 0.000010 0.000010 0.032606
0.000010 0.949288 0.050652 0.000010 0.000010 0.000010 0.000010 0.000010
0.000010 0.956717 0.039602 0.003631 0.000010 0.000010 0.000010 0.000010
0.000010 0.000010 0.000010 0.000010 0.000010 0.486361 0.513579 0.000010
0.090426 0.096621 0.268353 0.544548 0.000010 0.000018 0.000015 0.000010
0.000010 0.000010 0.999930 0.000010 0.000010 0.000010 0.000010 0.000010
0.000010 0.999930 0.000010 0.000010 0.000010 0.000010 0.000010 0.000010
0.000010 0.000010 0.074953 0.913682 0.000010 0.000010 0.000010 0.011314
0.000010 0.972162 0.000010 0.027778 0.000010 0.000010 0.000010 0.000010
0.000010 0.000010 0.000010 0.999930 0.000010 0.000010 0.000010 0.000010
0.000010 0.016281 0.087063 0.896606 0.000010 0.000010 0.000010 0.000010
0.000010 0.766215 0.233725 0.000010 0.000010 0.000010 0.000010 0.000010
0.000010 0.970223 0.029717 0.000010 0.000010 0.000010 0.000010 0.000010
0.386503 0.000010 0.000010 0.000010 0.613437 0.000010 0.000010 0.000010
0.000010 0.038814 0.000010 0.961126 0.000010 0.000010 0.000010 0.000010
0.000010 0.839351 0.140248 0.000010 0.007317 0.000010 0.000010 0.013044
0.000010 0.000010 0.000010 0.000010 0.999930 0.000010 0.000010 0.000010
0.000010 0.000010 0.000010 0.000010 0.004841 0.000010 0.976266 0.018843
0.000010 0.000010 0.001202 0.998738 0.000010 0.000010 0.000010 0.000010
0.017129 0.000010 0.000010 0.000010 0.982811 0.000010 0.000010 0.000010
0.000010 0.000010 0.000010 0.000010 0.952400 0.047540 0.000010 0.000010
0.093509 0.000010 0.000010 0.000010 0.906431 0.000010 0.000010 0.000010
0.000010 0.000010 0.000010 0.000010 0.000010 0.999930 0.000010 0.000010
0.000010 0.000010 0.000010 0.000010 0.368253 0.617961 0.000010 0.013737
0.999930 0.000010 0.000010 0.000010 0.000010 0.000010 0.000010 0.000010
0.035968 0.000010 0.000010 0.000010 0.000010 0.963972 0.000010 0.000010
0.000010 0.000010 0.000010 0.000010 0.000010 0.000010 0.999930 0.000010
0.000010 0.000010 0.000010 0.000010 0.999930 0.000010 0.000010 0.000010
0.000010 0.000010 0.000010 0.000010 0.344227 0.636853 0.000010 0.018870
0.000010 0.000010 0.000010 0.000010 0.375717 0.603083 0.000010 0.021150
0.102164 0.000010 0.000010 0.017446 0.757161 0.021987 0.056070 0.045151
0.334409 0.000010 0.064456 0.110112 0.023389 0.373557 0.076949 0.017118
0.723544 0.000010 0.000010 0.000010 0.000010 0.000010 0.276396 0.000010
0.050349 0.000010 0.000010 0.000010 0.000010 0.949591 0.000010 0.000010
0.060937 0.000010 0.000010 0.000010 0.926640 0.000010 0.000010 0.012373
0.100047 0.000010 0.000010 0.000010 0.000010 0.000010 0.899893 0.000010
0.999930 0.000010 0.000010 0.000010 0.000010 0.000010 0.000010 0.000010
0.000010 0.000010 0.000010 0.000010 0.000010 0.999930 0.000010 0.000010
0.000010 0.000010 0.000010 0.000010 0.020753 0.008209 0.970988 0.000010
0.000010 0.000010 0.000010 0.000010 0.369627 0.613319 0.000010 0.017004
0.000010 0.002635 0.082784 0.000010 0.000010 0.914531 0.000010 0.000010
0.125982 0.000010 0.000012 0.000010 0.846359 0.000010 0.027607 0.000010
0.000010 0.000010 0.051127 0.000010 0.000010 0.948813 0.000010 0.000010
0.100551 0.000010 0.000010 0.000010 0.044408 0.011982 0.843020 0.000010
0.000010 0.843795 0.156145 0.000010 0.000010 0.000010 0.000010 0.000010
0.000010 0.999930 0.000010 0.000010 0.000010 0.000010 0.000010 0.000010
0.000010 0.000010 0.097511 0.870906 0.000010 0.000010 0.000010 0.031533
0.000010 0.000010 0.251792 0.748148 0.000010 0.000010 0.000010 0.000010
0.083394 0.032046 0.000010 0.025733 0.816460 0.002061 0.000010 0.040286
0.000010 0.009831 0.326919 0.592455 0.000010 0.070755 0.000010 0.000010
0.000010 0.000010 0.153821 0.846119 0.000010 0.000010 0.000010 0.000010
0.707870 0.000010 0.000010 0.000010 0.292070 0.000010 0.000010 0.000010
0.007061 0.073161 0.197190 0.577589 0.000010 0.024886 0.100311 0.019792
0.000010 0.999930 0.000010 0.000010 0.000010 0.000010 0.000010 0.000010
0.820169 0.000010 0.000010 0.000010 0.179771 0.000010 0.000010 0.000010
0.000010 0.000010 0.000010 0.000010 0.090268 0.031163 0.878519 0.000010
0.033692 0.000010 0.000010 0.000010 0.966248 0.000010 0.000010 0.000010
0.000010 0.000010 0.000010 0.000010 0.000010 0.999930 0.000010 0.000010
0.321396 0.000010 0.000010 0.000010 0.000010 0.000010 0.678544 0.000010
0.000010 0.000010 0.113984 0.885956 0.000010 0.000010 0.000010 0.000010
0.206205 0.000010 0.793735 0.000010 0.000010 0.000010 0.000010 0.000010
0.000010 0.033098 0.034525 0.925553 0.000010 0.006784 0.000010 0.000010
0.000010 0.041389 0.201659 0.756902 0.000010 0.000010 0.000010 0.000010
0.076639 0.056426 0.030506 0.836389 0.000010 0.000010 0.000010 0.000010
0.000010 0.071180 0.102258 0.826512 0.000010 0.000010 0.000010 0.000010
0.104260 0.000010 0.000010 0.000010 0.017488 0.015675 0.862538 0.000010
0.000010 0.000010 0.035530 0.000010 0.000010 0.964410 0.000010 0.000010
0.132418 0.000010 0.000010 0.000010 0.010754 0.000010 0.856778 0.000010
0.318564 0.000010 0.000010 0.000010 0.000010 0.000010 0.681376 0.000010
0.000010 0.000010 0.000010 0.000010 0.000010 0.999930 0.000010 0.000010
0.000010 0.000010 0.000010 0.000010 0.999930 0.000010 0.000010 0.000010
0.000010 0.000010 0.000010 0.000010 0.999930 0.000010 0.000010 0.000010
0.007703 0.000010 0.000010 0.000010 0.000010 0.000010 0.992237 0.000010
0.034770 0.000010 0.000010 0.000010 0.000010 0.000010 0.965170 0.000010
0.000010 0.000010 0.000010 0.000010 0.003532 0.000010 0.996408 0.000010
0.000010 0.000010 0.000010 0.000010 0.999930 0.000010 0.000010 0.000010
0.000010 0.000010 0.029058 0.000010 0.926904 0.000010 0.043988 0.000010
0.000010 0.000010 0.000010 0.000010 0.000010 0.000010 0.999930 0.000010
0.000010 0.000010 0.000010 0.000010 0.000010 0.999930 0.000010 0.000010
0.422053 0.000010 0.000010 0.000010 0.000010 0.000010 0.558953 0.018945
0.000010 0.000010 0.000010 0.000010 0.999930 0.000010 0.000010 0.000010
0.000010 0.000010 0.000010 0.000010 0.006688 0.000010 0.993252 0.000010
0.000010 0.075708 0.133975 0.739145 0.000010 0.035542 0.000010 0.015600
0.191577 0.000010 0.000010 0.000010 0.694106 0.114266 0.000010 0.000010
0.000010 0.000010 0.484670 0.460213 0.000010 0.000010 0.054044 0.001033
0.000010 0.000010 0.000010 0.000010 0.999930 0.000010 0.000010 0.000010
0.000010 0.000010 0.000010 0.000010 0.000010 0.000010 0.999930 0.000010
0.000010 0.000010 0.000010 0.000010 0.001647 0.000010 0.998293 0.000010
0.000010 0.000010 0.000010 0.000010 0.999930 0.000010 0.000010 0.000010
0.000010 0.000010 0.000010 0.000010 0.000010 0.000010 0.999930 0.000010
0.999930 0.000010 0.000010 0.000010 0.000010 0.000010 0.000010 0.000010
0.070174 0.000010 0.000010 0.000010 0.929766 0.000010 0.000010 0.000010
0.244504 0.000010 0.000010 0.000010 0.000010 0.000010 0.755436 0.000010
0.000010 0.761401 0.115900 0.108270 0.000010 0.000010 0.000010 0.014389
0.000010 0.000010 0.000010 0.000010 0.000010 0.000010 0.000010 0.999930
0.000010 0.012015 0.000010 0.987925 0.000010 0.000010 0.000010 0.000010
0.034815 0.024428 0.000010 0.940707 0.000010 0.000010 0.000010 0.000010
0.000010 0.000010 0.032217 0.965619 0.000010 0.000010 0.000010 0.002114
0.000010 0.005654 0.106604 0.887692 0.000010 0.000010 0.000010 0.000010
0.000010 0.000153 0.134182 0.856180 0.009445 0.000010 0.000010 0.000010
0.182739 0.131152 0.123559 0.513162 0.000010 0.000010 0.043014 0.006354
0.000010 0.000010 0.000014 0.999926 0.000010 0.000010 0.000010 0.000010
0.000010 0.000010 0.000010 0.000010 0.999930 0.000010 0.000010 0.000010
0.005460 0.054365 0.000010 0.930088 0.000010 0.000010 0.000010 0.010047
0.000010 0.000010 0.000010 0.000010 0.000010 0.000010 0.000010 0.999930
0.000010 0.047921 0.017491 0.934538 0.000010 0.000010 0.000010 0.000010
0.000010 0.999930 0.000010 0.000010 0.000010 0.000010 0.000010 0.000010
0.000010 0.000010 0.000010 0.000010 0.000010 0.000010 0.999930 0.000010
0.000010 0.999930 0.000010 0.000010 0.000010 0.000010 0.000010 0.000010
0.000010 0.999930 0.000010 0.000010 0.000010 0.000010 0.000010 0.000010
0.000010 0.078342 0.012280 0.851512 0.009303 0.011265 0.035365 0.001923
0.000010 0.077071 0.061133 0.834446 0.000010 0.027310 0.000010 0.000010
0.000010 0.999930 0.000010 0.000010 0.000010 0.000010 0.000010 0.000010
0.000010 0.999930 0.000010 0.000010 0.000010 0.000010 0.000010 0.000010
0.027228 0.081653 0.000010 0.891068 0.000010 0.000010 0.000010 0.000010
0.008586 0.000010 0.000010 0.000010 0.000010 0.000010 0.991354 0.000010
0.000010 0.048418 0.213898 0.699157 0.022502 0.002484 0.000010 0.013522
0.000010 0.999930 0.000010 0.000010 0.000010 0.000010 0.000010 0.000010
0.000010 0.043760 0.000010 0.908510 0.000010 0.041091 0.000010 0.006599
0.000010 0.066756 0.034678 0.885914 0.000010 0.000010 0.012612 0.000010
0.000010 0.999930 0.000010 0.000010 0.000010 0.000010 0.000010 0.000010
0.000010 0.000010 0.000010 0.000010 0.000010 0.000010 0.999930 0.000010
0.000010 0.930619 0.069321 0.000010 0.000010 0.000010 0.000010 0.000010
0.000010 0.029458 0.045180 0.905106 0.020216 0.000010 0.000010 0.000010
0.000010 0.020114 0.129221 0.805489 0.002041 0.043018 0.000097 0.000010
0.000010 0.050743 0.000010 0.943435 0.000010 0.005772 0.000010 0.000010
0.000010 0.000010 0.000010 0.000010 0.000010 0.000010 0.999930 0.000010
0.028224 0.069229 0.000010 0.765944 0.000010 0.136562 0.000010 0.000010
0.000010 0.088729 0.000010 0.892938 0.000010 0.008421 0.000010 0.009872
0.000010 0.000010 0.000010 0.999930 0.000010 0.000010 0.000010 0.000010
0.000010 0.000010 0.999930 0.000010 0.000010 0.000010 0.000010 0.000010
0.000010 0.000010 0.999930 0.000010 0.000010 0.000010 0.000010 0.000010
0.711902 0.000010 0.000010 0.000010 0.000010 0.000010 0.288038 0.000010
0.000010 0.000010 0.514349 0.444755 0.000010 0.040846 0.000010 0.000010
0.000010 0.999930 0.000010 0.000010 0.000010 0.000010 0.000010 0.000010
0.000010 0.000010 0.999930 0.000010 0.000010 0.000010 0.000010 0.000010
0.000010 0.000010 0.999930 0.000010 0.000010 0.000010 0.000010 0.000010
0.000010 0.000010 0.865822 0.000010 0.000010 0.000010 0.134118 0.000010
0.000010 0.000010 0.101037 0.898903 0.000010 0.000010 0.000010 0.000010
0.426939 0.000010 0.573001 0.000010 0.000010 0.000010 0.000010 0.000010
0.000010 0.000010 0.999930 0.000010 0.000010 0.000010 0.000010 0.000010
0.000010 0.000010 0.999930 0.000010 0.000010 0.000010 0.000010 0.000010
0.000010 0.000010 0.819426 0.000010 0.000010 0.000010 0.180514 0.000010
0.000010 0.000010 0.999930 0.000010 0.000010 0.000010 0.000010 0.000010
0.112151 0.000010 0.311512 0.000010 0.576286 0.000010 0.000010 0.000010
0.658893 0.000010 0.000010 0.000010 0.000010 0.341047 0.000010 0.000010
0.000010 0.036372 0.214405 0.749173 0.000010 0.000010 0.000010 0.000010
0.000010 0.753200 0.246740 0.000010 0.000010 0.000010 0.000010 0.000010
0.000010 0.938393 0.061547 0.000010 0.000010 0.000010 0.000010 0.000010
0.000010 0.947124 0.052816 0.000010 0.000010 0.000010 0.000010 0.000010
0.285247 0.000010 0.169065 0.000010 0.000010 0.000010 0.000010 0.545638
0.069231 0.000010 0.205301 0.725418 0.000010 0.000010 0.000010 0.000010
0.000010 0.022393 0.042191 0.935366 0.000010 0.000010 0.000010 0.000010
0.000010 0.761242 0.228847 0.000010 0.000010 0.000010 0.000010 0.009861
0.059494 0.103528 0.000010 0.836928 0.000010 0.000010 0.000010 0.000010
0.000010 0.999930 0.000010 0.000010 0.000010 0.000010 0.000010 0.000010
0.000010 0.000010 0.000010 0.000010 0.000010 0.000010 0.000010 0.999930
0.000010 0.987827 0.012113 0.000010 0.000010 0.000010 0.000010 0.000010
0.000010 0.872311 0.127629 0.000010 0.000010 0.000010 0.000010 0.000010
0.000010 0.000010 0.000010 0.000010 0.000010 0.000010 0.000010 0.999930
0.000010 0.000010 0.000010 0.000010 0.000010 0.000010 0.000010 0.999930
0.010405 0.000010 0.000010 0.973488 0.000010 0.015110 0.000010 0.000957
0.000010 0.999930 0.000010 0.000010 0.000010 0.000010 0.000010 0.000010
0.000010 0.060712 0.000010 0.891163 0.000010 0.015050 0.000010 0.033034
0.000010 0.999930 0.000010 0.000010 0.000010 0.000010 0.000010 0.000010
