0.000010 0.000010 0.000010 0.000010 0.000010 0.000010 0.948741 0.051189 0.000010
0.000010 0.400864 0.513809 0.056046 0.000010 0.000010 0.000010 0.000010 0.029232
0.076577 0.000010 0.923353 0.000010 0.000010 0.000010 0.000010 0.000010 0.000010
0.053046 0.359534 0.494075 0.000010 0.000010 0.000010 0.093294 0.000010 0.000010
0.000010 0.366885 0.483788 0.109151 0.000010 0.000010 0.040126 0.000010 0.000010
0.000010 0.608516 0.308311 0.000010 0.000010 0.000010 0.083113 0.000010 0.000010
0.000010 0.000010 0.000010 0.000010 0.972040 0.000010 0.000010 0.000010 0.027890
0.538537 0.000010 0.000010 0.461393 0.000010 0.000010 0.000010 0.000010 0.000010
0.051004 0.495899 0.426157 0.010601 0.000010 0.016299 0.000010 0.000010 0.000010
0.000010 0.000010 0.000010 0.000010 0.999920 0.000010 0.000010 0.000010 0.000010
0.000010 0.000010 0.000010 0.000010 0.999920 0.000010 0.000010 0.000010 0.000010
0.000010 0.000010 0.000010 0.000010 0.999920 0.000010 0.000010 0.000010 0.000010
0.000010 0.000010 0.000010 0.000010 0.000010 0.000010 0.000010 0.000010 0.999920
0.000010 0.161757 0.000010 0.000010 0.525848 0.000010 0.000010 0.179068 0.133277
0.000010 0.000010 0.000010 0.000010 0.000010 0.000010 0.767092 0.144621 0.088226
0.000010 0.000010 0.000010 0.000010 0.999920 0.000010 0.000010 0.000010 0.000010
0.000010 0.000010 0.000010 0.157901 0.423893 0.000010 0.000010 0.229390 0.188766
0.182273 0.000010 0.000010 0.189715 0.000010 0.000010 0.300126 0.183301 0.144544
0.000010 0.000010 0.000010 0.000010 0.000010 0.000010 0.000010 0.999920 0.000010
0.000010 0.000010 0.000010 0.000010 0.000010 0.000010 0.533781 0.262511 0.203648
0.000010 0.000010 0.000010 0.000010 0.000010 0.000010 0.000010 0.000010 0.999920
0.000010 0.000010 0.000010 0.000010 0.831440 0.000010 0.135566 0.000010 0.032933
0.000010 0.000010 0.000010 0.000010 0.000010 0.000010 0.000010 0.999920 0.000010
0.103664 0.223460 0.583056 0.000010 0.000010 0.000010 0.048348 0.000010 0.041433
0.000010 0.000010 0.000010 0.000010 0.974341 0.000010 0.000010 0.000010 0.025589
0.000010 0.000010 0.000010 0.000010 0.992489 0.000010 0.000010 0.000010 0.007441
0.000010 0.000010 0.000010 0.000010 0.000010 0.000010 0.014351 0.000010 0.985579
0.015707 0.515153 0.426377 0.000010 0.000010 0.000010 0.012188 0.000010 0.030535
0.000010 0.862210 0.000010 0.137720 0.000010 0.000010 0.000010 0.000010 0.000010
0.000010 0.000010 0.000010 0.000010 0.691708 0.000010 0.308222 0.000010 0.000010
0.000010 0.000010 0.000010 0.000010 0.458457 0.000010 0.541473 0.000010 0.000010
0.000010 0.000010 0.000010 0.000010 0.820123 0.020700 0.114315 0.016623 0.028199
0.019984 0.342486 0.518563 0.000010 0.011330 0.000384 0.046546 0.000010 0.060688
0.000010 0.000010 0.000010 0.000010 0.000010 0.852960 0.146970 0.000010 0.000010
0.000010 0.000010 0.000010 0.000010 0.000010 0.000010 0.999920 0.000010 0.000010
0.000010 0.000010 0.000010 0.000010 0.997947 0.000010 0.000010 0.001983 0.000010
0.000010 0.000010 0.000010 0.000010 0.000010 0.000010 0.000010 0.999920 0.000010
0.000010 0.000010 0.000010 0.000010 0.000010 0.999920 0.000010 0.000010 0.000010
0.000010 0.000010 0.000010 0.000010 0.986756 0.000010 0.000010 0.013174 0.000010
0.000010 0.000010 0.000010 0.000010 0.996594 0.000010 0.000010 0.003336 0.000010
0.000010 0.000010 0.000010 0.000010 0.927082 0.000010 0.000010 0.012698 0.060160
0.593961 0.000010 0.000010 0.405969 0.000010 0.000010 0.000010 0.000010 0.000010
0.343576 0.000010 0.000010 0.000010 0.000010 0.000010 0.656354 0.000010 0.000010
0.000010 0.000010 0.000010 0.000010 0.000010 0.000010 0.000010 0.000010 0.999920
0.000010 0.000010 0.516398 0.000010 0.000010 0.000010 0.000010 0.000010 0.483532
0.942239 0.000010 0.000010 0.000010 0.000010 0.000010 0.057691 0.000010 0.000010
0.018115 0.000010 0.000010 0.000010 0.940676 0.024093 0.000010 0.000010 0.017065
0.967911 0.000010 0.000011 0.000010 0.000010 0.000010 0.032018 0.000010 0.000010
0.000010 0.000010 0.000010 0.999920 0.000010 0.000010 0.000010 0.000010 0.000010
0.999920 0.000010 0.000010 0.000010 0.000010 0.000010 0.000010 0.000010 0.000010
0.009104 0.240891 0.609423 0.111695 0.000010 0.026459 0.002398 0.000010 0.000010
0.000010 0.000010 0.000010 0.999920 0.000010 0.000010 0.000010 0.000010 0.000010
0.988640 0.000010 0.000010 0.000010 0.000010 0.000010 0.011290 0.000010 0.000010
0.000010 0.000010 0.000010 0.000010 0.516137 0.000010 0.000010 0.000010 0.483793
0.000010 0.239426 0.340982 0.140808 0.000010 0.000010 0.276958 0.000010 0.001786
0.123221 0.000010 0.051085 0.000014 0.000010 0.000010 0.825630 0.000010 0.000010
0.000010 0.000010 0.000010 0.999920 0.000010 0.000010 0.000010 0.000010 0.000010
0.000010 0.538330 0.418814 0.000010 0.000010 0.007637 0.035170 0.000010 0.000010
0.999920 0.000010 0.000010 0.000010 0.000010 0.000010 0.000010 0.000010 0.000010
0.000010 0.000010 0.999920 0.000010 0.000010 0.000010 0.000010 0.000010 0.000010
0.000010 0.000010 0.979108 0.000010 0.000010 0.000010 0.020822 0.000010 0.000010
0.441669 0.000010 0.000010 0.394158 0.000010 0.000010 0.164113 0.000010 0.000010
0.999481 0.000010 0.000010 0.000010 0.000010 0.000010 0.000449 0.000010 0.000010
0.000010 0.000010 0.000010 0.000010 0.049293 0.000010 0.268133 0.682514 0.000010
0.036489 0.315195 0.648256 0.000010 0.000010 0.000010 0.000010 0.000010 0.000010
0.633005 0.000010 0.000010 0.239455 0.000010 0.011893 0.112098 0.003510 0.000010
0.000010 0.000010 0.000010 0.000010 0.000010 0.000010 0.000010 0.999920 0.000010
0.000011 0.000010 0.000010 0.000010 0.983043 0.016886 0.000010 0.000010 0.000010
0.000010 0.000010 0.999920 0.000010 0.000010 0.000010 0.000010 0.000010 0.000010
0.000010 0.000010 0.000010 0.000010 0.000010 0.000010 0.000010 0.999920 0.000010
0.000010 0.000010 0.000010 0.000010 0.000010 0.000010 0.000010 0.958193 0.041737
0.000010 0.000010 0.000010 0.000010 0.018603 0.000010 0.045566 0.935771 0.000010
0.000010 0.000010 0.000010 0.000010 0.000010 0.000010 0.000010 0.000010 0.999920
0.000010 0.000010 0.000010 0.000010 0.000010 0.014083 0.000010 0.370013 0.615844
0.000010 0.000010 0.000010 0.000010 0.000010 0.000010 0.690380 0.127750 0.181809
0.000010 0.000010 0.000010 0.000010 0.000010 0.000010 0.024430 0.000010 0.975500
0.000010 0.000010 0.000010 0.000010 0.999920 0.000010 0.000010 0.000010 0.000010
0.000010 0.000010 0.000010 0.000010 0.000010 0.000010 0.000010 0.999920 0.000010
0.000010 0.000010 0.000010 0.000010 0.000010 0.020158 0.000010 0.343293 0.636488
0.000010 0.000010 0.000010 0.000010 0.000010 0.023590 0.000010 0.375135 0.601216
0.000010 0.000010 0.029497 0.000010 0.070427 0.045527 0.052958 0.778391 0.023170
0.000016 0.117015 0.000010 0.000010 0.123182 0.014932 0.280011 0.055681 0.409143
0.000010 0.000010 0.000010 0.000010 0.444382 0.000010 0.527620 0.027937 0.000010
0.000010 0.000010 0.000010 0.000010 0.000010 0.000010 0.033054 0.000010 0.966876
0.000010 0.000010 0.000010 0.000010 0.000010 0.012299 0.044682 0.942959 0.000010
0.000010 0.000010 0.000010 0.000010 0.952432 0.000010 0.047498 0.000010 0.000010
0.000010 0.000010 0.000010 0.000010 0.210850 0.000010 0.789080 0.000010 0.000010
0.000010 0.000010 0.000010 0.000010 0.000010 0.000010 0.000010 0.000010 0.999920
0.000010 0.000010 0.000010 0.000010 0.984625 0.000010 0.000010 0.009204 0.006111
0.000010 0.000010 0.000010 0.000017 0.000010 0.018206 0.000010 0.370103 0.611625
0.043373 0.000010 0.000010 0.000010 0.000010 0.000010 0.042985 0.000010 0.913582
0.000010 0.000010 0.000010 0.000010 0.058255 0.000010 0.066335 0.875350 0.000010
0.000010 0.000010 0.000010 0.000010 0.000328 0.000010 0.051608 0.000010 0.948004
0.000010 0.000010 0.000010 0.000010 0.868673 0.000010 0.054033 0.050433 0.026811
0.406148 0.000010 0.000010 0.481610 0.000010 0.000010 0.112182 0.000010 0.000010
0.999920 0.000010 0.000010 0.000010 0.000010 0.000010 0.000010 0.000010 0.000010
0.000010 0.958658 0.000010 0.000010 0.000010 0.000010 0.041272 0.000010 0.000010
0.000010 0.382288 0.424426 0.041724 0.000010 0.000010 0.151512 0.000010 0.000010
0.019792 0.000010 0.042393 0.000010 0.006811 0.039867 0.057905 0.829697 0.003516
0.044975 0.450921 0.209453 0.000010 0.000010 0.000010 0.232873 0.000010 0.061738
0.000010 0.950615 0.000010 0.000010 0.000010 0.000010 0.049315 0.000010 0.000010
0.000010 0.000010 0.000010 0.000010 0.000010 0.000010 0.562606 0.437324 0.000010
0.000010 0.260454 0.366131 0.111605 0.099858 0.016413 0.122309 0.000010 0.023211
0.000010 0.000010 0.000010 0.999920 0.000010 0.000010 0.000010 0.000010 0.000010
0.000010 0.000010 0.000010 0.000010 0.000010 0.000010 0.674853 0.325077 0.000010
0.000010 0.000010 0.000010 0.000010 0.885072 0.000010 0.000010 0.085353 0.029516
0.000010 0.000010 0.000010 0.000010 0.000010 0.000010 0.012513 0.987417 0.000010
0.000010 0.000010 0.000013 0.000010 0.000010 0.000010 0.000010 0.000010 0.999917
0.000010 0.000010 0.000010 0.000010 0.792749 0.000010 0.207181 0.000010 0.000010
0.000010 0.983325 0.000010 0.000010 0.000010 0.000010 0.016605 0.000010 0.000010
0.000010 0.000010 0.000010 0.000010 0.000010 0.000010 0.999920 0.000010 0.000010
0.000010 0.000010 0.999920 0.000010 0.000010 0.000010 0.000010 0.000010 0.000010
0.043187 0.856567 0.000010 0.000010 0.000010 0.000010 0.100186 0.000010 0.000010
0.000010 0.000010 0.939394 0.000010 0.000010 0.000010 0.060536 0.000010 0.000010
0.000010 0.862619 0.000010 0.137311 0.000010 0.000010 0.000010 0.000010 0.000010
0.000010 0.000010 0.000010 0.000010 0.891671 0.000010 0.064342 0.021589 0.022347
0.000010 0.000010 0.000010 0.000010 0.000010 0.000010 0.036845 0.000010 0.963085
0.000010 0.000010 0.000010 0.000010 0.899657 0.000010 0.079571 0.020712 0.000010
0.000010 0.000010 0.000010 0.000010 0.758767 0.000010 0.241163 0.000010 0.000010
0.000010 0.000010 0.000010 0.000010 0.000010 0.000010 0.000010 0.000010 0.999920
0.000010 0.000010 0.000010 0.000010 0.000010 0.000010 0.000010 0.999920 0.000010
0.000010 0.000010 0.000010 0.000010 0.000010 0.000010 0.000010 0.999920 0.000010
0.000010 0.000010 0.000010 0.000010 0.999920 0.000010 0.000010 0.000010 0.000010
0.000010 0.000010 0.000010 0.000010 0.993478 0.000010 0.006452 0.000010 0.000010
0.000010 0.000010 0.000010 0.000010 0.999920 0.000010 0.000010 0.000010 0.000010
0.000010 0.000010 0.000010 0.000010 0.000010 0.000010 0.000010 0.999920 0.000010
0.015549 0.000010 0.000010 0.000010 0.044258 0.000010 0.001825 0.938318 0.000010
0.000010 0.000010 0.000010 0.000010 0.999920 0.000010 0.000010 0.000010 0.000010
0.000010 0.000010 0.000010 0.000010 0.000010 0.000010 0.000010 0.000010 0.999920
0.000010 0.000010 0.000010 0.000010 0.650884 0.013045 0.288995 0.022086 0.024949
0.000010 0.000010 0.000010 0.000010 0.000010 0.000010 0.000010 0.999920 0.000010
0.000010 0.000010 0.000010 0.000010 0.999920 0.000010 0.000010 0.000010 0.000010
0.078670 0.481636 0.315668 0.010381 0.000011 0.015855 0.067863 0.000010 0.029906
0.000010 0.000010 0.000010 0.000010 0.033067 0.000010 0.093367 0.738826 0.134689
0.000010 0.453308 0.104328 0.000010 0.041822 0.000010 0.400491 0.000010 0.000010
0.000010 0.000010 0.000010 0.000010 0.000010 0.000010 0.000010 0.999920 0.000010
0.000010 0.000010 0.000010 0.000010 0.999920 0.000010 0.000010 0.000010 0.000010
0.000010 0.000010 0.000010 0.000010 0.999920 0.000010 0.000010 0.000010 0.000010
0.000010 0.000010 0.000010 0.000010 0.000010 0.000010 0.000010 0.999920 0.000010
0.000010 0.000010 0.000010 0.000010 0.999920 0.000010 0.000010 0.000010 0.000010
0.000010 0.000010 0.000010 0.000010 0.153135 0.000010 0.846795 0.000010 0.000010
0.000010 0.000010 0.000010 0.000010 0.000010 0.000010 0.030106 0.969824 0.000010
0.000010 0.000010 0.000010 0.000010 0.826743 0.000010 0.173187 0.000010 0.000010
0.648806 0.122195 0.000010 0.136141 0.000010 0.011294 0.081525 0.000010 0.000010
0.000010 0.000010 0.000010 0.000010 0.000010 0.999920 0.000010 0.000010 0.000010
0.000010 0.000010 0.999920 0.000010 0.000010 0.000010 0.000010 0.000010 0.000010
0.000010 0.959786 0.000010 0.040144 0.000010 0.000010 0.000010 0.000010 0.000010
0.000010 0.000010 0.999920 0.000010 0.000010 0.000010 0.000010 0.000010 0.000010
0.000010 0.991563 0.000010 0.000010 0.000010 0.000010 0.008367 0.000010 0.000010
0.000010 0.000010 0.965360 0.000010 0.000010 0.000010 0.034570 0.000010 0.000010
0.000010 0.208422 0.314237 0.166570 0.066382 0.006557 0.222638 0.015174 0.000010
0.000010 0.620390 0.379540 0.000010 0.000010 0.000010 0.000010 0.000010 0.000010
0.000010 0.000010 0.000010 0.000010 0.000010 0.000010 0.000010 0.999920 0.000010
0.000010 0.000010 0.938636 0.061294 0.000010 0.000010 0.000010 0.000010 0.000010
0.000010 0.000010 0.000010 0.000010 0.000010 0.999920 0.000010 0.000010 0.000010
0.000010 0.919129 0.000010 0.080801 0.000010 0.000010 0.000010 0.000010 0.000010
0.475938 0.000010 0.000010 0.523992 0.000010 0.000010 0.000010 0.000010 0.000010
0.000010 0.000010 0.000010 0.000010 0.999920 0.000010 0.000010 0.000010 0.000010
0.549884 0.000010 0.000010 0.450046 0.000010 0.000010 0.000010 0.000010 0.000010
0.479782 0.000010 0.000010 0.520148 0.000010 0.000010 0.000010 0.000010 0.000010
0.021013 0.000010 0.976034 0.000010 0.001397 0.000010 0.001506 0.000010 0.000010
0.000010 0.356830 0.528786 0.094954 0.000010 0.000010 0.000010 0.000010 0.019380
0.999920 0.000010 0.000010 0.000010 0.000010 0.000010 0.000010 0.000010 0.000010
0.580331 0.000010 0.000010 0.419599 0.000010 0.000010 0.000010 0.000010 0.000010
0.020788 0.000010 0.976269 0.000010 0.000010 0.000010 0.002883 0.000010 0.000010
0.000010 0.000010 0.000010 0.000010 0.999920 0.000010 0.000010 0.000010 0.000010
0.059657 0.272961 0.490852 0.000010 0.000010 0.015556 0.147518 0.013426 0.000010
0.999920 0.000010 0.000010 0.000010 0.000010 0.000010 0.000010 0.000010 0.000010
0.000010 0.000010 0.999920 0.000010 0.000010 0.000010 0.000010 0.000010 0.000010
0.000010 0.000010 0.999920 0.000010 0.000010 0.000010 0.000010 0.000010 0.000010
0.000010 0.000010 0.000010 0.999920 0.000010 0.000010 0.000010 0.000010 0.000010
0.000010 0.000010 0.000010 0.000010 0.999920 0.000010 0.000010 0.000010 0.000010
0.542792 0.000010 0.000010 0.423576 0.000010 0.000010 0.033572 0.000010 0.000010
0.006665 0.993265 0.000010 0.000010 0.000010 0.000010 0.000010 0.000010 0.000010
0.050894 0.533451 0.317084 0.000010 0.000010 0.000010 0.059382 0.000010 0.039149
0.000010 0.000010 0.994606 0.005324 0.000010 0.000010 0.000010 0.000010 0.000010
0.000010 0.000010 0.000010 0.000010 0.999920 0.000010 0.000010 0.000010 0.000010
0.074901 0.783755 0.000010 0.000010 0.000010 0.000010 0.000010 0.000010 0.141284
0.000010 0.000010 0.907043 0.092887 0.000010 0.000010 0.000010 0.000010 0.000010
0.000010 0.999920 0.000010 0.000010 0.000010 0.000010 0.000010 0.000010 0.000010
0.000010 0.080195 0.000010 0.000010 0.000010 0.000010 0.919735 0.000010 0.000010
0.119943 0.000010 0.000010 0.000010 0.000010 0.000010 0.879987 0.000010 0.000010
0.000010 0.000010 0.000010 0.000010 0.432129 0.000010 0.567801 0.000010 0.000010
0.000010 0.589408 0.000010 0.000010 0.000010 0.000010 0.391824 0.000010 0.018709
0.999920 0.000010 0.000010 0.000010 0.000010 0.000010 0.000010 0.000010 0.000010
0.165706 0.000010 0.000010 0.000010 0.000010 0.000010 0.834224 0.000010 0.000010
0.061622 0.000010 0.000010 0.000010 0.000010 0.000010 0.938308 0.000010 0.000010
0.054721 0.000010 0.000010 0.000010 0.111510 0.000010 0.833709 0.000010 0.000010
0.000010 0.999920 0.000010 0.000010 0.000010 0.000010 0.000010 0.000010 0.000010
0.000010 0.000010 0.000010 0.000010 0.000010 0.000010 0.999920 0.000010 0.000010
0.000010 0.230596 0.000010 0.000010 0.000010 0.000010 0.736596 0.000010 0.032748
0.000010 0.245795 0.000010 0.000010 0.000010 0.000010 0.754135 0.000010 0.000010
0.000010 0.159327 0.016068 0.000010 0.152113 0.000010 0.672442 0.000010 0.000010
0.000010 0.057126 0.000010 0.233544 0.000010 0.000010 0.709271 0.000010 0.000010
0.000010 0.062939 0.000010 0.000010 0.000010 0.000010 0.342786 0.594215 0.000010
0.000010 0.000010 0.000010 0.000010 0.000010 0.000010 0.508861 0.000010 0.491069
0.000010 0.587546 0.215606 0.076142 0.000010 0.000010 0.120656 0.000010 0.000010
0.810442 0.000010 0.000010 0.000010 0.000012 0.000010 0.189486 0.000010 0.000010
0.500458 0.000010 0.000019 0.462654 0.000010 0.000012 0.036818 0.000010 0.000010
0.593214 0.000010 0.000010 0.400911 0.000010 0.000010 0.005815 0.000010 0.000010
0.000010 0.000010 0.000010 0.000010 0.000010 0.543287 0.456643 0.000010 0.000010
0.014633 0.438698 0.331246 0.000010 0.000010 0.000010 0.215372 0.000010 0.000010
0.000010 0.999920 0.000010 0.000010 0.000010 0.000010 0.000010 0.000010 0.000010
0.401162 0.000010 0.000010 0.418023 0.000010 0.001024 0.179741 0.000010 0.000010
0.085923 0.000010 0.909097 0.000010 0.000010 0.000010 0.004920 0.000010 0.000010
0.999920 0.000010 0.000010 0.000010 0.000010 0.000010 0.000010 0.000010 0.000010
0.000010 0.000010 0.000010 0.000010 0.000010 0.999920 0.000010 0.000010 0.000010
0.999920 0.000010 0.000010 0.000010 0.000010 0.000010 0.000010 0.000010 0.000010
0.894734 0.000010 0.000010 0.000010 0.000010 0.000010 0.105196 0.000010 0.000010
0.000010 0.000010 0.000010 0.000010 0.000010 0.999920 0.000010 0.000010 0.000010
0.000010 0.000010 0.000010 0.000010 0.000010 0.999920 0.000010 0.000010 0.000010
0.000010 0.999920 0.000010 0.000010 0.000010 0.000010 0.000010 0.000010 0.000010
0.840607 0.000010 0.000010 0.159323 0.000010 0.000010 0.000010 0.000010 0.000010
0.060505 0.939425 0.000010 0.000010 0.000010 0.000010 0.000010 0.000010 0.000010
0.999920 0.000010 0.000010 0.000010 0.000010 0.000010 0.000010 0.000010 0.000010
