0.000018 0.945345 0.000010 0.000010 0.054597 0.000010 0.000010
0.000010 0.000279 0.963812 0.035869 0.000010 0.000010 0.000010
0.155206 0.000010 0.807553 0.000010 0.014871 0.022341 0.000010
0.055665 0.110261 0.831073 0.002970 0.000010 0.000010 0.000010
0.097103 0.065039 0.837818 0.000010 0.000010 0.000010 0.000010
0.000010 0.111706 0.888244 0.000010 0.000010 0.000010 0.000010
0.000010 0.000010 0.000010 0.026900 0.000010 0.973050 0.000010
0.999940 0.000010 0.000010 0.000010 0.000010 0.000010 0.000010
0.072431 0.000010 0.906626 0.000010 0.000010 0.000010 0.020903
0.000010 0.000010 0.000010 0.000010 0.000010 0.999940 0.000010
0.000010 0.000010 0.000010 0.000010 0.000010 0.999940 0.000010
0.000010 0.000010 0.000010 0.000010 0.000010 0.999940 0.000010
0.000010 0.000010 0.000010 0.999940 0.000010 0.000010 0.000010
0.003295 0.000010 0.149844 0.139139 0.179895 0.527807 0.000010
0.000010 0.764138 0.000010 0.087941 0.147881 0.000010 0.000010
0.000010 0.000010 0.000010 0.000010 0.000010 0.999940 0.000010
0.130879 0.000010 0.009864 0.200691 0.228929 0.429617 0.000010
0.360876 0.311929 0.000010 0.144140 0.183026 0.000010 0.000010
0.000010 0.000011 0.000010 0.000010 0.999939 0.000010 0.000010
0.000010 0.526940 0.000010 0.207428 0.265592 0.000010 0.000010
0.000010 0.000010 0.000010 0.999940 0.000010 0.000010 0.000010
0.000010 0.129551 0.000010 0.034922 0.000010 0.835487 0.000010
0.000010 0.000010 0.000010 0.000010 0.999940 0.000010 0.000010
0.106036 0.059756 0.784094 0.050084 0.000010 0.000010 0.000010
0.000010 0.000010 0.000010 0.025408 0.000010 0.974542 0.000010
0.000010 0.000010 0.000010 0.007400 0.000010 0.992550 0.000010
0.000010 0.010969 0.000010 0.988981 0.000010 0.000010 0.000010
0.015468 0.025321 0.919296 0.033012 0.000011 0.000010 0.006881
0.078159 0.025986 0.895816 0.000010 0.000010 0.000010 0.000010
0.000010 0.303517 0.000010 0.000010 0.000010 0.696433 0.000010
0.000010 0.538004 0.000010 0.000010 0.000010 0.461946 0.000010
0.000010 0.111818 0.000010 0.028149 0.016821 0.822354 0.020837
0.029663 0.057946 0.829871 0.058556 0.000010 0.020293 0.003662
0.000010 0.144697 0.000010 0.000010 0.000010 0.000010 0.855253
0.000010 0.999940 0.000010 0.000010 0.000010 0.000010 0.000010
0.000010 0.000010 0.000010 0.000010 0.001816 0.998134 0.000010
0.000010 0.000010 0.000010 0.000010 0.999940 0.000010 0.000010
0.000010 0.000010 0.000010 0.000010 0.000010 0.000010 0.999940
0.000010 0.000010 0.000010 0.000010 0.012739 0.987211 0.000010
0.000010 0.000010 0.000010 0.000010 0.003299 0.996651 0.000010
0.000010 0.000010 0.000010 0.060063 0.012428 0.927470 0.000010
0.999157 0.000793 0.000010 0.000010 0.000010 0.000010 0.000010
0.344185 0.655765 0.000010 0.000010 0.000010 0.000010 0.000010
0.000010 0.000010 0.000010 0.999940 0.000010 0.000010 0.000010
0.019728 0.000010 0.489272 0.490960 0.000010 0.000010 0.000010
0.936398 0.063552 0.000010 0.000010 0.000010 0.000010 0.000010
0.012774 0.000010 0.000010 0.017581 0.000010 0.943092 0.026524
0.955310 0.044640 0.000010 0.000010 0.000010 0.000010 0.000010
0.987247 0.012703 0.000010 0.000010 0.000010 0.000010 0.000010
0.999940 0.000010 0.000010 0.000010 0.000010 0.000010 0.000010
0.134468 0.014124 0.816703 0.000010 0.000010 0.000010 0.034674
0.966081 0.033866 0.000013 0.000010 0.000010 0.000010 0.000010
0.976905 0.004641 0.018414 0.000010 0.000010 0.000010 0.000010
0.000010 0.000010 0.000010 0.483476 0.000010 0.516474 0.000010
0.115836 0.292575 0.576575 0.008467 0.000010 0.006526 0.000010
0.141139 0.849086 0.009735 0.000010 0.000010 0.000010 0.000010
0.999940 0.000010 0.000010 0.000010 0.000010 0.000010 0.000010
0.000010 0.051474 0.936420 0.000010 0.000010 0.000010 0.012065
0.983785 0.000010 0.016165 0.000010 0.000010 0.000010 0.000010
0.000010 0.000010 0.999940 0.000010 0.000010 0.000010 0.000010
0.028434 0.046305 0.925221 0.000010 0.000010 0.000010 0.000010
0.782758 0.172365 0.044837 0.000010 0.000010 0.000010 0.000010
0.989432 0.010514 0.000014 0.000010 0.000010 0.000010 0.000010
0.000010 0.263937 0.000010 0.000010 0.685646 0.050377 0.000010
0.041793 0.000010 0.958157 0.000010 0.000010 0.000010 0.000010
0.869736 0.108980 0.000010 0.000010 0.005770 0.000010 0.015484
0.000010 0.000010 0.000010 0.000010 0.999940 0.000010 0.000010
0.000010 0.000010 0.000010 0.000010 0.000010 0.982744 0.017206
0.000010 0.000010 0.999940 0.000010 0.000010 0.000010 0.000010
0.000010 0.000010 0.000010 0.000010 0.999940 0.000010 0.000010
0.000010 0.000010 0.000010 0.041272 0.958678 0.000010 0.000010
0.000010 0.042429 0.000010 0.000010 0.937518 0.020013 0.000010
0.000010 0.000010 0.000010 0.999940 0.000010 0.000010 0.000010
0.000010 0.000010 0.000010 0.616695 0.369672 0.000010 0.013593
0.000010 0.684742 0.000010 0.183737 0.131481 0.000010 0.000010
0.000010 0.021696 0.000010 0.978254 0.000010 0.000010 0.000010
0.000010 0.000010 0.000010 0.000010 0.000010 0.999940 0.000010
0.000010 0.000010 0.000010 0.000010 0.999940 0.000010 0.000010
0.000010 0.000010 0.000010 0.635533 0.343704 0.000010 0.020723
0.000010 0.000010 0.000010 0.601002 0.375533 0.000010 0.023425
0.000010 0.054248 0.024097 0.026106 0.778870 0.071164 0.045506
0.000010 0.297293 0.097575 0.412507 0.055282 0.122093 0.015239
0.000010 0.520559 0.000010 0.000010 0.030357 0.449045 0.000010
0.000010 0.029128 0.000010 0.970822 0.000010 0.000010 0.000010
0.000011 0.042197 0.000010 0.000010 0.945111 0.000010 0.012652
0.000010 0.042586 0.000010 0.000010 0.000010 0.957364 0.000010
0.000010 0.784741 0.000010 0.000010 0.000010 0.215209 0.000010
0.000010 0.000010 0.000010 0.999940 0.000010 0.000010 0.000010
0.000010 0.000010 0.000010 0.005570 0.009353 0.985036 0.000010
0.000010 0.000010 0.000010 0.612601 0.369925 0.000010 0.017434
0.034908 0.048726 0.000010 0.916324 0.000012 0.000010 0.000010
0.000010 0.063808 0.000010 0.000010 0.876440 0.059712 0.000010
0.000010 0.048905 0.000010 0.950586 0.000010 0.000468 0.000010
0.000010 0.047905 0.000010 0.027593 0.050861 0.873612 0.000010
0.862946 0.137004 0.000010 0.000010 0.000010 0.000010 0.000010
0.999940 0.000010 0.000010 0.000010 0.000010 0.000010 0.000010
0.000010 0.057612 0.909636 0.000010 0.000010 0.000010 0.032713
0.000010 0.179759 0.820191 0.000010 0.000010 0.000010 0.000010
0.025038 0.061466 0.028652 0.007486 0.828470 0.007789 0.041098
0.032575 0.251613 0.652137 0.063646 0.000010 0.000010 0.000010
0.000010 0.090845 0.909105 0.000010 0.000010 0.000010 0.000010
0.000010 0.558647 0.000010 0.000010 0.441303 0.000010 0.000010
0.090525 0.139033 0.623842 0.024687 0.000010 0.102229 0.019674
0.999940 0.000010 0.000010 0.000010 0.000010 0.000010 0.000010
0.000010 0.670606 0.000010 0.000010 0.329344 0.000010 0.000010
0.000010 0.000010 0.000010 0.029255 0.085366 0.885339 0.000010
0.000010 0.008568 0.000010 0.000010 0.991382 0.000010 0.000010
0.000010 0.000010 0.000010 0.999940 0.000010 0.000010 0.000010
0.000010 0.204265 0.000010 0.000010 0.000010 0.795685 0.000010
0.000010 0.065164 0.934786 0.000010 0.000010 0.000010 0.000010
0.000010 0.999940 0.000010 0.000010 0.000010 0.000010 0.000010
0.040534 0.014867 0.935672 0.008897 0.000010 0.000010 0.000010
0.054278 0.140034 0.805647 0.000010 0.000010 0.000010 0.000010
0.060590 0.087219 0.852151 0.000010 0.000010 0.000010 0.000010
0.087616 0.037594 0.874750 0.000010 0.000010 0.000010 0.000010
0.000010 0.062281 0.000010 0.022867 0.022163 0.892658 0.000010
0.000010 0.033349 0.000010 0.966601 0.000010 0.000010 0.000010
0.000010 0.074507 0.000010 0.000010 0.021581 0.903872 0.000010
0.000010 0.238324 0.000010 0.000010 0.000010 0.761626 0.000010
0.000010 0.000010 0.000010 0.999940 0.000010 0.000010 0.000010
0.000010 0.000010 0.000010 0.000010 0.999940 0.000010 0.000010
0.000010 0.000010 0.000010 0.000010 0.999940 0.000010 0.000010
0.000010 0.000010 0.000010 0.000010 0.000010 0.999940 0.000010
0.000010 0.003019 0.000010 0.000010 0.000010 0.996931 0.000010
0.000010 0.000010 0.000010 0.000010 0.000010 0.999940 0.000010
0.000010 0.000010 0.000010 0.000010 0.999940 0.000010 0.000010
0.000010 0.014274 0.000010 0.000010 0.940649 0.045037 0.000010
0.000010 0.000010 0.000010 0.000010 0.000010 0.999940 0.000010
0.000010 0.000010 0.000010 0.999940 0.000010 0.000010 0.000010
0.000010 0.281570 0.000010 0.025393 0.023273 0.655336 0.014407
0.000010 0.000010 0.000010 0.000010 0.999940 0.000010 0.000010
0.000010 0.000010 0.000010 0.000010 0.000010 0.999940 0.000010
0.090487 0.085584 0.772406 0.036492 0.000010 0.000010 0.015011
0.000010 0.087254 0.000010 0.136556 0.742299 0.033861 0.000010
0.000010 0.421640 0.538015 0.000010 0.000010 0.039911 0.000405
0.000010 0.000010 0.000010 0.000010 0.999940 0.000010 0.000010
0.000010 0.000010 0.000010 0.000010 0.000010 0.999940 0.000010
0.000010 0.000010 0.000010 0.000010 0.000010 0.999940 0.000010
0.000010 0.000010 0.000010 0.000010 0.999940 0.000010 0.000010
0.000010 0.000010 0.000010 0.000010 0.000010 0.999940 0.000010
0.000010 0.839758 0.000010 0.000010 0.000010 0.160192 0.000010
0.000010 0.025878 0.000010 0.000010 0.974072 0.000010 0.000010
0.000010 0.170975 0.000010 0.000010 0.000010 0.828975 0.000010
0.778461 0.082654 0.125367 0.000010 0.000010 0.000010 0.013487
0.000010 0.000010 0.000010 0.000010 0.000010 0.000010 0.999940
0.010411 0.000010 0.989539 0.000010 0.000010 0.000010 0.000010
0.029403 0.004688 0.965869 0.000010 0.000010 0.000010 0.000010
0.000010 0.013470 0.981903 0.000010 0.000010 0.000010 0.004588
0.017118 0.061908 0.920935 0.000010 0.000010 0.000010 0.000010
0.025918 0.052494 0.905974 0.000015 0.015580 0.000010 0.000010
0.137674 0.238655 0.529704 0.000010 0.015569 0.068246 0.010143
0.000010 0.000010 0.999940 0.000010 0.000010 0.000010 0.000010
0.000010 0.000010 0.000010 0.000010 0.999940 0.000010 0.000010
0.057071 0.000010 0.929241 0.000010 0.000010 0.000010 0.013647
0.000010 0.000010 0.000010 0.000010 0.000010 0.000010 0.999940
0.050806 0.008813 0.940341 0.000010 0.000010 0.000010 0.000010
0.999940 0.000010 0.000010 0.000010 0.000010 0.000010 0.000010
0.000010 0.000010 0.000010 0.000010 0.000010 0.999940 0.000010
0.999940 0.000010 0.000010 0.000010 0.000010 0.000010 0.000010
0.999940 0.000010 0.000010 0.000010 0.000010 0.000010 0.000010
0.080536 0.000010 0.860858 0.010601 0.009237 0.036425 0.002333
0.091881 0.012563 0.865140 0.030385 0.000010 0.000010 0.000010
0.999940 0.000010 0.000010 0.000010 0.000010 0.000010 0.000010
0.999940 0.000010 0.000010 0.000010 0.000010 0.000010 0.000010
0.082575 0.018337 0.899049 0.000010 0.000010 0.000010 0.000010
0.000010 0.000010 0.000010 0.000010 0.000010 0.999940 0.000010
0.064033 0.160741 0.739368 0.000013 0.020881 0.000010 0.014955
0.999940 0.000010 0.000010 0.000010 0.000010 0.000010 0.000010
0.040883 0.000010 0.912470 0.039745 0.000010 0.000010 0.006872
0.075520 0.003369 0.906404 0.000010 0.000010 0.014678 0.000010
0.999940 0.000010 0.000010 0.000010 0.000010 0.000010 0.000010
0.000010 0.000010 0.000010 0.000010 0.000010 0.999940 0.000010
0.953324 0.046626 0.000010 0.000010 0.000010 0.000010 0.000010
0.035503 0.011957 0.930628 0.000010 0.021882 0.000010 0.000010
0.037003 0.080025 0.837863 0.041803 0.002831 0.000465 0.000010
0.050750 0.000010 0.942433 0.006776 0.000010 0.000010 0.000010
0.000010 0.000010 0.000010 0.000010 0.000010 0.999940 0.000010
0.071543 0.000010 0.780347 0.148070 0.000010 0.000010 0.000010
0.088473 0.000010 0.892626 0.009036 0.000010 0.000010 0.009836
0.000010 0.000010 0.999940 0.000010 0.000010 0.000010 0.000010
0.000010 0.946957 0.052993 0.000010 0.000010 0.000010 0.000010
0.107959 0.891991 0.000010 0.000010 0.000010 0.000010 0.000010
0.000010 0.563855 0.000010 0.000010 0.000010 0.436095 0.000010
0.000010 0.409119 0.557196 0.033646 0.000010 0.000010 0.000010
0.999940 0.000010 0.000010 0.000010 0.000010 0.000010 0.000010
0.160075 0.839875 0.000010 0.000010 0.000010 0.000010 0.000010
0.000010 0.999940 0.000010 0.000010 0.000010 0.000010 0.000010
0.005107 0.882222 0.000010 0.000010 0.000010 0.112630 0.000010
0.000010 0.042309 0.957641 0.000010 0.000010 0.000010 0.000010
0.000010 0.999940 0.000010 0.000010 0.000010 0.000010 0.000010
0.000010 0.747996 0.212344 0.039621 0.000010 0.000010 0.000010
0.000010 0.796059 0.203891 0.000010 0.000010 0.000010 0.000010
0.000010 0.677907 0.167741 0.000010 0.000010 0.154312 0.000010
0.108245 0.734827 0.156888 0.000010 0.000010 0.000010 0.000010
0.000010 0.355681 0.048932 0.000010 0.595347 0.000010 0.000010
0.000010 0.504732 0.000015 0.495213 0.000010 0.000010 0.000010
0.055368 0.159253 0.785339 0.000010 0.000010 0.000010 0.000010
0.797567 0.202383 0.000010 0.000010 0.000010 0.000010 0.000010
0.950006 0.049944 0.000010 0.000010 0.000010 0.000010 0.000010
0.985329 0.014621 0.000010 0.000010 0.000010 0.000010 0.000010
0.000010 0.454868 0.000010 0.000010 0.000010 0.000010 0.545082
0.000013 0.240986 0.758961 0.000010 0.000010 0.000010 0.000010
0.028296 0.000010 0.971654 0.000010 0.000010 0.000010 0.000010
0.800576 0.187264 0.000010 0.000010 0.000015 0.000010 0.012115
0.107530 0.023996 0.849527 0.018918 0.000010 0.000010 0.000010
0.999940 0.000010 0.000010 0.000010 0.000010 0.000010 0.000010
0.000010 0.000010 0.000010 0.000010 0.000010 0.000010 0.999940
0.999940 0.000010 0.000010 0.000010 0.000010 0.000010 0.000010
0.893671 0.106279 0.000010 0.000010 0.000010 0.000010 0.000010
0.000010 0.000010 0.000012 0.000010 0.000010 0.000010 0.999938
0.000010 0.000010 0.000010 0.000010 0.000010 0.000010 0.999940
0.000010 0.000010 0.977030 0.018555 0.000010 0.000010 0.004374
0.999940 0.000010 0.000010 0.000010 0.000010 0.000010 0.000010
0.058476 0.000010 0.898669 0.011686 0.000010 0.000010 0.031139
0.999940 0.000010 0.000010 0.000010 0.000010 0.000010 0.000010
