0.000010 0.000010 0.000010 0.000010 0.940110 0.000010 0.000010 0.000010 0.000010 0.000010 0.059800
0.000010 0.000010 0.000010 0.000010 0.000010 0.683336 0.000010 0.000010 0.316574 0.000010 0.000010
0.000010 0.000010 0.000010 0.000010 0.000010 0.866845 0.000010 0.133065 0.000010 0.000010 0.000010
0.000010 0.000010 0.000010 0.000010 0.075369 0.404374 0.000010 0.043485 0.476702 0.000010 0.000010
0.000010 0.000010 0.437659 0.000010 0.025746 0.180763 0.000010 0.126568 0.229204 0.000010 0.000010
0.000010 0.000010 0.000010 0.000010 0.049547 0.000010 0.000010 0.000010 0.950363 0.000010 0.000010
0.000010 0.000010 0.000010 0.000010 0.000010 0.000010 0.037454 0.000010 0.000010 0.962456 0.000010
0.000010 0.000010 0.000010 0.999900 0.000010 0.000010 0.000010 0.000010 0.000010 0.000010 0.000010
0.000010 0.000010 0.000010 0.000010 0.000010 0.000010 0.000010 0.000010 0.999900 0.000010 0.000010
0.000010 0.000010 0.000010 0.000010 0.000010 0.000010 0.000010 0.000010 0.000010 0.999900 0.000010
0.000010 0.000010 0.000010 0.000010 0.000010 0.000010 0.008724 0.000010 0.000010 0.991186 0.000010
0.000010 0.023292 0.000010 0.000010 0.000010 0.000010 0.000010 0.000010 0.000010 0.976618 0.000010
0.000010 0.000010 0.000010 0.000010 0.000010 0.000010 0.999900 0.000010 0.000010 0.000010 0.000010
0.000010 0.285863 0.000010 0.000010 0.000010 0.000010 0.000010 0.000010 0.129720 0.526817 0.057531
0.000010 0.324753 0.000010 0.000010 0.675157 0.000010 0.000010 0.000010 0.000010 0.000010 0.000010
0.000010 0.044642 0.000010 0.000010 0.000010 0.000010 0.000010 0.000010 0.000010 0.955268 0.000010
0.000010 0.376953 0.000010 0.000010 0.000010 0.000010 0.000010 0.114758 0.000010 0.426184 0.082035
0.000010 0.378515 0.000010 0.000010 0.279162 0.000010 0.000010 0.342243 0.000010 0.000010 0.000010
0.000010 0.274557 0.000010 0.000010 0.000010 0.000010 0.000010 0.000010 0.000010 0.000010 0.725353
0.000010 0.484245 0.000010 0.000010 0.515665 0.000010 0.000010 0.000010 0.000010 0.000010 0.000010
0.000010 0.999900 0.000010 0.000010 0.000010 0.000010 0.000010 0.000010 0.000010 0.000010 0.000010
0.000010 0.000010 0.000010 0.000010 0.134329 0.000010 0.045181 0.000010 0.000010 0.820409 0.000010
0.000010 0.000010 0.000010 0.000010 0.000010 0.000010 0.000010 0.000010 0.000010 0.000010 0.999900
0.000010 0.000010 0.000010 0.000010 0.070915 0.928995 0.000010 0.000010 0.000010 0.000010 0.000010
0.000010 0.000010 0.000010 0.000010 0.000010 0.000010 0.036864 0.000010 0.000010 0.963046 0.000010
0.000010 0.028058 0.000010 0.000010 0.000010 0.000010 0.000010 0.000010 0.000010 0.971852 0.000010
0.000010 0.000010 0.000010 0.000010 0.007951 0.000010 0.991959 0.000010 0.000010 0.000010 0.000010
0.000010 0.000010 0.000010 0.000010 0.006794 0.993116 0.000010 0.000010 0.000010 0.000010 0.000010
0.000010 0.000010 0.000010 0.000010 0.000010 0.000010 0.000010 0.000010 0.999900 0.000010 0.000010
0.000010 0.000010 0.000010 0.000010 0.307097 0.000010 0.000010 0.000010 0.000010 0.692813 0.000010
0.000010 0.000839 0.000010 0.000010 0.537859 0.000010 0.000010 0.000010 0.000010 0.461222 0.000010
0.019758 0.052596 0.000010 0.000010 0.103685 0.000010 0.000010 0.000010 0.000010 0.823892 0.000010
0.000010 0.000010 0.266451 0.000010 0.039187 0.246452 0.073294 0.012924 0.361642 0.000010 0.000010
0.850802 0.000010 0.000010 0.000010 0.149108 0.000010 0.000010 0.000010 0.000010 0.000010 0.000010
0.000010 0.000010 0.000010 0.000010 0.999900 0.000010 0.000010 0.000010 0.000010 0.000010 0.000010
0.000010 0.000010 0.000010 0.000010 0.000010 0.000010 0.000010 0.000010 0.000010 0.994273 0.005637
0.000010 0.000010 0.000010 0.000010 0.000010 0.000010 0.000010 0.000010 0.000010 0.000010 0.999900
0.999900 0.000010 0.000010 0.000010 0.000010 0.000010 0.000010 0.000010 0.000010 0.000010 0.000010
0.000010 0.043737 0.000010 0.000010 0.000010 0.000010 0.000010 0.000010 0.000010 0.956173 0.000010
0.000010 0.000010 0.000010 0.000010 0.000010 0.000010 0.000010 0.000010 0.000010 0.993378 0.006532
0.000010 0.000010 0.000010 0.000010 0.000010 0.000010 0.069401 0.000010 0.000010 0.917415 0.013104
0.000010 0.000010 0.000010 0.761193 0.005073 0.000010 0.000010 0.233654 0.000010 0.000010 0.000010
0.000010 0.000010 0.000010 0.128332 0.642275 0.000010 0.000010 0.229312 0.000010 0.000010 0.000010
0.000010 0.000010 0.000010 0.000010 0.000010 0.000010 0.999900 0.000010 0.000010 0.000010 0.000010
0.000010 0.000010 0.000010 0.000010 0.000010 0.279331 0.484096 0.000010 0.236494 0.000010 0.000010
0.000010 0.000010 0.000010 0.528367 0.051839 0.000010 0.000010 0.419713 0.000010 0.000010 0.000010
0.026473 0.000010 0.000010 0.014320 0.000010 0.000010 0.022629 0.000010 0.000010 0.936508 0.000010
0.000010 0.000010 0.000010 0.951917 0.047993 0.000010 0.000010 0.000010 0.000010 0.000010 0.000010
0.000010 0.000010 0.000010 0.999900 0.000010 0.000010 0.000010 0.000010 0.000010 0.000010 0.000010
0.000010 0.000010 0.000010 0.999900 0.000010 0.000010 0.000010 0.000010 0.000010 0.000010 0.000010
0.026638 0.000010 0.373385 0.000010 0.000010 0.492002 0.000010 0.107906 0.000010 0.000010 0.000010
0.000010 0.000010 0.000010 0.974616 0.025294 0.000010 0.000010 0.000010 0.000010 0.000010 0.000010
0.000010 0.000010 0.000010 0.726565 0.000010 0.065431 0.000010 0.207925 0.000010 0.000010 0.000010
0.000010 0.032263 0.000010 0.000010 0.000010 0.000010 0.465007 0.000010 0.000010 0.502651 0.000010
0.000010 0.000010 0.219182 0.000010 0.278075 0.415056 0.000010 0.087616 0.000010 0.000010 0.000010
0.000010 0.000010 0.000010 0.000010 0.837728 0.000010 0.000010 0.162182 0.000010 0.000010 0.000010
0.000010 0.000010 0.000010 0.999900 0.000010 0.000010 0.000010 0.000010 0.000010 0.000010 0.000010
0.009976 0.000010 0.505940 0.000010 0.025134 0.222318 0.000010 0.000010 0.236572 0.000010 0.000010
0.000010 0.000010 0.000010 0.000010 0.000010 0.000010 0.000010 0.999900 0.000010 0.000010 0.000010
0.000010 0.000010 0.000010 0.000010 0.000010 0.999900 0.000010 0.000010 0.000010 0.000010 0.000010
0.000010 0.000010 0.000010 0.000010 0.001513 0.998397 0.000010 0.000010 0.000010 0.000010 0.000010
0.000010 0.000010 0.000010 0.398790 0.154276 0.045390 0.000010 0.401475 0.000010 0.000010 0.000010
0.000010 0.000010 0.000010 0.000010 0.000010 0.000010 0.000010 0.999900 0.000010 0.000010 0.000010
0.000010 0.000010 0.000010 0.000010 0.268824 0.000010 0.000010 0.000010 0.000010 0.052020 0.679076
0.000010 0.000010 0.200018 0.000010 0.000010 0.799892 0.000010 0.000010 0.000010 0.000010 0.000010
0.000010 0.000010 0.000010 0.000010 0.067661 0.000010 0.000010 0.932249 0.000010 0.000010 0.000010
0.000010 0.000010 0.000010 0.000010 0.000010 0.000010 0.000010 0.000010 0.000010 0.000010 0.999900
0.017501 0.000010 0.000010 0.000010 0.000010 0.000010 0.000501 0.000010 0.000010 0.980403 0.001526
0.000010 0.000010 0.318793 0.000010 0.000010 0.269093 0.000010 0.000010 0.412034 0.000010 0.000010
0.000010 0.000010 0.000010 0.000010 0.000010 0.000010 0.000010 0.000010 0.000010 0.000010 0.999900
0.000010 0.000010 0.000010 0.000010 0.000010 0.000010 0.049853 0.000010 0.000010 0.000010 0.950057
0.000010 0.000010 0.000010 0.000010 0.049346 0.000010 0.000010 0.000010 0.000010 0.014879 0.935695
0.000010 0.000010 0.000010 0.000010 0.000010 0.000010 0.999900 0.000010 0.000010 0.000010 0.000010
0.000010 0.000010 0.000010 0.000010 0.000010 0.000010 0.639529 0.000010 0.000010 0.000010 0.360381
0.000010 0.005606 0.000010 0.000010 0.679562 0.000010 0.192620 0.000010 0.000010 0.000010 0.122141
0.000010 0.000010 0.000010 0.000010 0.016822 0.000010 0.983088 0.000010 0.000010 0.000010 0.000010
0.000010 0.000010 0.000010 0.000010 0.000010 0.000010 0.000010 0.000010 0.000010 0.999900 0.000010
0.000010 0.000010 0.000010 0.000010 0.000010 0.000010 0.000010 0.000010 0.000010 0.000010 0.999900
0.007303 0.000010 0.000010 0.000010 0.000010 0.000010 0.649233 0.000010 0.000010 0.000010 0.343383
0.010156 0.000010 0.000010 0.000010 0.000010 0.000010 0.621460 0.000010 0.000010 0.000010 0.368304
0.042139 0.000010 0.030789 0.000010 0.051091 0.000010 0.029505 0.000010 0.000010 0.075029 0.771397
0.011210 0.089866 0.104928 0.000010 0.280169 0.000010 0.365203 0.000010 0.000010 0.123310 0.025275
0.000010 0.000010 0.000010 0.000010 0.524437 0.000010 0.000010 0.000010 0.000010 0.446068 0.029415
0.000010 0.000010 0.000010 0.000010 0.026241 0.000010 0.973669 0.000010 0.000010 0.000010 0.000010
0.006079 0.000010 0.000010 0.000010 0.048741 0.000010 0.000010 0.000010 0.000010 0.000010 0.945100
0.000010 0.000010 0.000010 0.000010 0.050438 0.000010 0.000010 0.000010 0.000010 0.949472 0.000010
0.000010 0.000010 0.000010 0.000010 0.779273 0.000010 0.000010 0.000010 0.000010 0.220637 0.000010
0.000010 0.000010 0.000010 0.000010 0.000010 0.000010 0.999900 0.000010 0.000010 0.000010 0.000010
0.000010 0.000010 0.000010 0.000010 0.000010 0.000010 0.017794 0.000010 0.000010 0.970856 0.011270
0.003446 0.000010 0.000010 0.000010 0.000010 0.000010 0.630545 0.000010 0.000010 0.000010 0.365929
0.000010 0.000010 0.000010 0.004857 0.061522 0.000010 0.933541 0.000010 0.000010 0.000010 0.000010
0.000010 0.015533 0.000010 0.000010 0.062779 0.000010 0.000010 0.000010 0.000010 0.055848 0.865770
0.000010 0.000010 0.000010 0.000010 0.035187 0.000010 0.964723 0.000010 0.000010 0.000010 0.000010
0.000010 0.000010 0.000010 0.000010 0.051963 0.000010 0.033355 0.000010 0.000010 0.862306 0.052306
0.000010 0.000010 0.000010 0.879738 0.120172 0.000010 0.000010 0.000010 0.000010 0.000010 0.000010
0.000010 0.000010 0.000010 0.563128 0.000010 0.000010 0.000010 0.436782 0.000010 0.000010 0.000010
0.000010 0.000010 0.981860 0.000010 0.018050 0.000010 0.000010 0.000010 0.000010 0.000010 0.000010
0.000010 0.000010 0.475645 0.000010 0.153079 0.371196 0.000010 0.000010 0.000010 0.000010 0.000010
0.039364 0.027916 0.000010 0.022007 0.060330 0.031817 0.000010 0.000010 0.000010 0.000010 0.818516
0.000010 0.000010 0.368657 0.036973 0.227650 0.067333 0.066602 0.000010 0.232735 0.000010 0.000010
0.000010 0.000010 0.000010 0.000010 0.022634 0.000010 0.000010 0.000010 0.977276 0.000010 0.000010
0.000010 0.000010 0.000010 0.000010 0.561267 0.000010 0.000010 0.000010 0.000010 0.000010 0.438643
0.017554 0.031343 0.324056 0.000010 0.109161 0.247768 0.000010 0.107931 0.063916 0.098240 0.000010
0.000010 0.000010 0.000010 0.000010 0.000010 0.000010 0.000010 0.999900 0.000010 0.000010 0.000010
0.000010 0.000010 0.000010 0.000010 0.671484 0.000010 0.000010 0.000010 0.000010 0.000010 0.328426
0.000010 0.092030 0.000010 0.000010 0.000010 0.000010 0.000010 0.000010 0.000010 0.868475 0.039415
0.000010 0.000010 0.000010 0.000010 0.015274 0.000010 0.000010 0.000010 0.000010 0.000010 0.984636
0.000010 0.165668 0.000010 0.000010 0.000010 0.000010 0.834242 0.000010 0.000010 0.000010 0.000010
0.000010 0.000010 0.000010 0.000010 0.208386 0.000010 0.000010 0.000010 0.000010 0.791524 0.000010
0.000010 0.000010 0.999900 0.000010 0.000010 0.000010 0.000010 0.000010 0.000010 0.000010 0.000010
0.000010 0.000010 0.000010 0.000010 0.999900 0.000010 0.000010 0.000010 0.000010 0.000010 0.000010
0.000010 0.000010 0.000010 0.000010 0.000014 0.714073 0.000010 0.000010 0.285833 0.000010 0.000010
0.000010 0.000010 0.423321 0.042733 0.105129 0.000010 0.000010 0.000010 0.428747 0.000010 0.000010
0.000010 0.000010 0.000010 0.000010 0.053546 0.946364 0.000010 0.000010 0.000010 0.000010 0.000010
0.000010 0.000010 0.999900 0.000010 0.000010 0.000010 0.000010 0.000010 0.000010 0.000010 0.000010
0.000010 0.010156 0.000010 0.000010 0.062249 0.000010 0.023718 0.000010 0.000010 0.887490 0.016328
0.000010 0.000010 0.000010 0.000010 0.021887 0.000010 0.978023 0.000010 0.000010 0.000010 0.000010
0.000010 0.000010 0.000010 0.000010 0.075733 0.000010 0.011263 0.000010 0.000010 0.892249 0.020685
0.000010 0.000010 0.000010 0.000010 0.246037 0.000010 0.000010 0.000010 0.000010 0.753873 0.000010
0.000010 0.000010 0.000010 0.000010 0.000010 0.000010 0.999900 0.000010 0.000010 0.000010 0.000010
0.000010 0.000010 0.000010 0.000010 0.000010 0.000010 0.000010 0.000010 0.000010 0.000010 0.999900
0.000010 0.000010 0.000010 0.000010 0.000010 0.000010 0.000010 0.000010 0.000010 0.000010 0.999900
0.000010 0.000760 0.000010 0.000010 0.000010 0.000010 0.000010 0.000010 0.000010 0.999150 0.000010
0.000010 0.028484 0.000010 0.000010 0.000010 0.000010 0.000010 0.000010 0.000010 0.971426 0.000010
0.000010 0.000010 0.000010 0.000010 0.000010 0.000010 0.000010 0.000010 0.000010 0.997680 0.002230
0.000010 0.000010 0.000010 0.000010 0.000010 0.000010 0.000010 0.000010 0.000010 0.000010 0.999900
0.000010 0.000010 0.000010 0.007163 0.015576 0.000010 0.000010 0.000010 0.000010 0.040107 0.937085
0.000010 0.000010 0.000010 0.000010 0.000010 0.000010 0.000010 0.000010 0.000010 0.999900 0.000010
0.000010 0.000010 0.000010 0.000010 0.000010 0.000010 0.999900 0.000010 0.000010 0.000010 0.000010
0.014581 0.022709 0.000010 0.000010 0.282405 0.000010 0.013590 0.000010 0.000010 0.652409 0.014255
0.000010 0.000010 0.000010 0.000010 0.000010 0.000010 0.000010 0.000010 0.000010 0.000010 0.999900
0.000010 0.014493 0.000010 0.000010 0.000010 0.000010 0.000010 0.000010 0.000010 0.985417 0.000010
0.008558 0.000010 0.311717 0.000010 0.066368 0.511392 0.030152 0.071763 0.000010 0.000010 0.000010
0.000010 0.000010 0.000010 0.000010 0.091207 0.000010 0.145365 0.000010 0.000010 0.026874 0.736485
0.000010 0.000010 0.562014 0.000010 0.405550 0.000010 0.000010 0.000010 0.000010 0.032356 0.000010
0.000010 0.000010 0.000010 0.000010 0.000010 0.000010 0.000010 0.000010 0.000010 0.000010 0.999900
0.000010 0.000010 0.000010 0.000010 0.000010 0.000010 0.008608 0.000010 0.000010 0.991302 0.000010
0.000010 0.000010 0.000010 0.000010 0.000010 0.000010 0.000010 0.000010 0.000010 0.999900 0.000010
0.000010 0.000010 0.000010 0.000010 0.000010 0.000010 0.000010 0.000010 0.000010 0.000010 0.999900
0.000010 0.000010 0.000010 0.000010 0.000010 0.000010 0.000010 0.000010 0.000010 0.999900 0.000010
0.000010 0.000010 0.000010 0.000010 0.834331 0.000010 0.000010 0.000010 0.000010 0.165579 0.000010
0.000010 0.000010 0.000010 0.000010 0.032382 0.000010 0.000010 0.000010 0.000010 0.000010 0.967528
0.000010 0.000010 0.000010 0.000010 0.173233 0.000010 0.000010 0.000010 0.000010 0.826677 0.000010
0.003471 0.000010 0.132906 0.455163 0.073153 0.000010 0.000010 0.335246 0.000010 0.000010 0.000010
0.999900 0.000010 0.000010 0.000010 0.000010 0.000010 0.000010 0.000010 0.000010 0.000010 0.000010
0.000010 0.000010 0.000010 0.000010 0.000010 0.999900 0.000010 0.000010 0.000010 0.000010 0.000010
0.000010 0.000010 0.999900 0.000010 0.000010 0.000010 0.000010 0.000010 0.000010 0.000010 0.000010
0.000010 0.000010 0.999900 0.000010 0.000010 0.000010 0.000010 0.000010 0.000010 0.000010 0.000010
0.000010 0.000010 0.996175 0.000010 0.003735 0.000010 0.000010 0.000010 0.000010 0.000010 0.000010
0.000010 0.000010 0.992395 0.000010 0.007515 0.000010 0.000010 0.000010 0.000010 0.000010 0.000010
0.007582 0.022427 0.418325 0.143777 0.215011 0.082685 0.000010 0.000010 0.044056 0.066107 0.000010
0.000010 0.000010 0.999900 0.000010 0.000010 0.000010 0.000010 0.000010 0.000010 0.000010 0.000010
0.000010 0.000010 0.000010 0.000010 0.000010 0.000010 0.000010 0.000010 0.000010 0.000010 0.999900
0.000010 0.000010 0.000010 0.000010 0.000010 0.999900 0.000010 0.000010 0.000010 0.000010 0.000010
0.999900 0.000010 0.000010 0.000010 0.000010 0.000010 0.000010 0.000010 0.000010 0.000010 0.000010
0.000010 0.000010 0.000010 0.000010 0.000010 0.999900 0.000010 0.000010 0.000010 0.000010 0.000010
0.000010 0.000010 0.000010 0.999900 0.000010 0.000010 0.000010 0.000010 0.000010 0.000010 0.000010
0.000010 0.004799 0.000010 0.000010 0.000010 0.000010 0.000010 0.000010 0.000010 0.995111 0.000010
0.000010 0.000010 0.000010 0.528462 0.000010 0.000010 0.000010 0.471448 0.000010 0.000010 0.000010
0.000010 0.000010 0.000010 0.999900 0.000010 0.000010 0.000010 0.000010 0.000010 0.000010 0.000010
0.000010 0.000010 0.000010 0.000010 0.009804 0.990106 0.000010 0.000010 0.000010 0.000010 0.000010
0.000010 0.000010 0.572721 0.000010 0.000010 0.337545 0.023309 0.066355 0.000010 0.000010 0.000010
0.000010 0.000010 0.000010 0.999900 0.000010 0.000010 0.000010 0.000010 0.000010 0.000010 0.000010
0.000010 0.000010 0.000010 0.632603 0.000010 0.000010 0.000010 0.367307 0.000010 0.000010 0.000010
0.000010 0.000010 0.932495 0.000010 0.000010 0.000010 0.000010 0.067415 0.000010 0.000010 0.000010
0.000010 0.000010 0.000010 0.000010 0.000010 0.000010 0.000010 0.000010 0.000010 0.999900 0.000010
0.011214 0.000010 0.208985 0.000010 0.143868 0.420746 0.000010 0.049130 0.153707 0.000010 0.012309
0.000010 0.000010 0.000010 0.000010 0.000010 0.000010 0.000010 0.999900 0.000010 0.000010 0.000010
0.000010 0.000010 0.999900 0.000010 0.000010 0.000010 0.000010 0.000010 0.000010 0.000010 0.000010
0.000010 0.000010 0.627281 0.000010 0.000010 0.342198 0.000010 0.030440 0.000010 0.000010 0.000010
0.000010 0.000010 0.000010 0.999900 0.000010 0.000010 0.000010 0.000010 0.000010 0.000010 0.000010
0.000010 0.000010 0.000010 0.000010 0.000010 0.000010 0.000010 0.000010 0.000010 0.999900 0.000010
0.000010 0.000010 0.000010 0.493846 0.034873 0.000010 0.000010 0.471201 0.000010 0.000010 0.000010
0.000010 0.000010 0.999900 0.000010 0.000010 0.000010 0.000010 0.000010 0.000010 0.000010 0.000010
0.000010 0.000010 0.000010 0.003098 0.065729 0.406102 0.022880 0.000010 0.502131 0.000010 0.000010
0.000010 0.000010 0.000010 0.000010 0.000010 0.999900 0.000010 0.000010 0.000010 0.000010 0.000010
0.000010 0.000010 0.000010 0.000010 0.000010 0.000010 0.000010 0.000010 0.000010 0.999900 0.000010
0.000010 0.000010 0.812148 0.037223 0.000010 0.000010 0.150549 0.000010 0.000010 0.000010 0.000010
0.000010 0.000010 0.000010 0.000010 0.000010 0.999900 0.000010 0.000010 0.000010 0.000010 0.000010
0.000010 0.000010 0.000010 0.000010 0.000010 0.440992 0.000010 0.000010 0.558918 0.000010 0.000010
0.000010 0.000010 0.000010 0.000010 0.903842 0.000010 0.000010 0.000010 0.096068 0.000010 0.000010
0.000010 0.000010 0.000010 0.123393 0.876517 0.000010 0.000010 0.000010 0.000010 0.000010 0.000010
0.000010 0.000010 0.000010 0.000010 0.560279 0.000010 0.000010 0.000010 0.000010 0.439631 0.000010
0.000010 0.000010 0.000010 0.000010 0.387787 0.000010 0.000010 0.000010 0.612123 0.000010 0.000010
0.000010 0.000010 0.000010 0.999900 0.000010 0.000010 0.000010 0.000010 0.000010 0.000010 0.000010
0.000010 0.000010 0.000010 0.168692 0.831218 0.000010 0.000010 0.000010 0.000010 0.000010 0.000010
0.000010 0.000010 0.000010 0.053374 0.946536 0.000010 0.000010 0.000010 0.000010 0.000010 0.000010
0.000010 0.000010 0.000010 0.056842 0.828548 0.000010 0.000010 0.000010 0.000010 0.114530 0.000010
0.000010 0.000010 0.446856 0.000010 0.000010 0.000010 0.000010 0.000010 0.553054 0.000010 0.000010
0.000010 0.000010 0.000010 0.000010 0.999900 0.000010 0.000010 0.000010 0.000010 0.000010 0.000010
0.000010 0.000010 0.000010 0.000010 0.734958 0.000010 0.044730 0.000010 0.220232 0.000010 0.000010
0.000010 0.000010 0.000010 0.000010 0.757536 0.000010 0.000010 0.000010 0.242374 0.000010 0.000010
0.000010 0.022184 0.123748 0.000010 0.651743 0.000010 0.000010 0.000010 0.056437 0.145829 0.000010
0.000010 0.000010 0.000010 0.000010 0.708510 0.000010 0.000010 0.193528 0.097882 0.000010 0.000010
0.000010 0.312482 0.000010 0.000010 0.306866 0.000010 0.000010 0.000010 0.000010 0.000010 0.380572
0.000010 0.611120 0.000010 0.000010 0.388790 0.000010 0.000010 0.000010 0.000010 0.000010 0.000010
0.000010 0.000010 0.000010 0.000010 0.089228 0.000010 0.000010 0.000010 0.910682 0.000010 0.000010
0.000010 0.000010 0.000010 0.813529 0.186381 0.000010 0.000010 0.000010 0.000010 0.000010 0.000010
0.000010 0.000010 0.000010 0.555018 0.044988 0.000010 0.000010 0.399914 0.000010 0.000010 0.000010
0.000010 0.000010 0.000010 0.987284 0.012626 0.000010 0.000010 0.000010 0.000010 0.000010 0.000010
0.543831 0.000010 0.000010 0.000010 0.456079 0.000010 0.000010 0.000010 0.000010 0.000010 0.000010
0.000010 0.000010 0.804144 0.000010 0.195766 0.000010 0.000010 0.000010 0.000010 0.000010 0.000010
0.000010 0.000010 0.000010 0.000010 0.000010 0.000010 0.000010 0.000010 0.999900 0.000010 0.000010
0.008469 0.000010 0.000010 0.442585 0.175402 0.000010 0.000010 0.373474 0.000010 0.000010 0.000010
0.000010 0.000010 0.507908 0.000010 0.000010 0.391044 0.000010 0.100969 0.000010 0.000010 0.000010
0.000010 0.000010 0.000010 0.000010 0.000010 0.000010 0.000010 0.999900 0.000010 0.000010 0.000010
0.999900 0.000010 0.000010 0.000010 0.000010 0.000010 0.000010 0.000010 0.000010 0.000010 0.000010
0.000010 0.000010 0.000010 0.999900 0.000010 0.000010 0.000010 0.000010 0.000010 0.000010 0.000010
0.000010 0.000010 0.000010 0.896637 0.103273 0.000010 0.000010 0.000010 0.000010 0.000010 0.000010
0.999900 0.000010 0.000010 0.000010 0.000010 0.000010 0.000010 0.000010 0.000010 0.000010 0.000010
0.999900 0.000010 0.000010 0.000010 0.000010 0.000010 0.000010 0.000010 0.000010 0.000010 0.000010
0.000010 0.000010 0.000010 0.000010 0.000010 0.000010 0.000010 0.000010 0.999900 0.000010 0.000010
0.000010 0.000010 0.000010 0.999900 0.000010 0.000010 0.000010 0.000010 0.000010 0.000010 0.000010
0.000010 0.000010 0.000010 0.000010 0.000010 0.000010 0.000010 0.000010 0.999900 0.000010 0.000010
0.000010 0.000010 0.000010 0.999900 0.000010 0.000010 0.000010 0.000010 0.000010 0.000010 0.000010
