0.000010 0.000010 0.000010 0.000010 0.933932 0.000010 0.000010 0.000010 0.065988 0.000010
0.000010 0.000010 0.394203 0.032508 0.000010 0.000010 0.573219 0.000010 0.000010 0.000010
0.000010 0.000010 0.999910 0.000010 0.000010 0.000010 0.000010 0.000010 0.000010 0.000010
0.000010 0.000010 0.908881 0.000010 0.091039 0.000010 0.000010 0.000010 0.000010 0.000010
0.000010 0.000010 0.411587 0.000010 0.053851 0.075094 0.459408 0.000010 0.000010 0.000010
0.000010 0.000010 0.190315 0.000010 0.096637 0.000010 0.712978 0.000010 0.000010 0.000010
0.000010 0.000010 0.000010 0.000010 0.000010 0.000010 0.000010 0.999910 0.000010 0.000010
0.000010 0.000010 0.000010 0.000010 0.000010 0.999910 0.000010 0.000010 0.000010 0.000010
0.016329 0.000010 0.303727 0.000010 0.000010 0.049255 0.630629 0.000010 0.000010 0.000010
0.000010 0.000010 0.000010 0.000010 0.000010 0.000010 0.000010 0.635011 0.000010 0.364909
0.000010 0.000010 0.000010 0.000010 0.000010 0.000010 0.000010 0.753210 0.000010 0.246710
0.000010 0.000010 0.000010 0.000010 0.000010 0.000010 0.000010 0.562933 0.000010 0.436987
0.000010 0.000010 0.000010 0.999910 0.000010 0.000010 0.000010 0.000010 0.000010 0.000010
0.000010 0.000010 0.011686 0.137953 0.000010 0.000010 0.125077 0.186604 0.168406 0.370235
0.000010 0.000010 0.000010 0.098169 0.750229 0.000010 0.000010 0.000010 0.151531 0.000010
0.000010 0.000010 0.000010 0.000010 0.000010 0.000010 0.000010 0.999910 0.000010 0.000010
0.000010 0.000010 0.000010 0.197355 0.000010 0.110076 0.016105 0.131762 0.216521 0.328141
0.000010 0.000010 0.000010 0.140222 0.299306 0.357701 0.000010 0.000010 0.177930 0.024790
0.000010 0.000010 0.000010 0.000010 0.000010 0.000010 0.000010 0.000010 0.999910 0.000010
0.000010 0.082005 0.000010 0.157207 0.509333 0.000010 0.000010 0.000010 0.232272 0.019134
0.000010 0.000010 0.000011 0.999909 0.000010 0.000010 0.000010 0.000010 0.000010 0.000010
0.000010 0.000010 0.000010 0.000010 0.000010 0.000010 0.000010 0.000010 0.000010 0.999910
0.000010 0.000010 0.000010 0.000010 0.000010 0.000010 0.000010 0.000010 0.999910 0.000010
0.000010 0.000010 0.447113 0.051078 0.047241 0.077125 0.377393 0.000010 0.000010 0.000010
0.000010 0.000010 0.000010 0.007520 0.000010 0.000010 0.000010 0.618433 0.000010 0.373977
0.000010 0.000010 0.000010 0.000010 0.000010 0.000010 0.000010 0.999910 0.000010 0.000010
0.000010 0.000010 0.000010 0.999910 0.000010 0.000010 0.000010 0.000010 0.000010 0.000010
0.000010 0.033405 0.468631 0.000010 0.016949 0.000010 0.480955 0.000010 0.000010 0.000010
0.000010 0.000010 0.447552 0.000010 0.016690 0.057741 0.477956 0.000010 0.000010 0.000010
0.000010 0.000010 0.000010 0.000010 0.091710 0.000010 0.000010 0.000010 0.000010 0.908210
0.000010 0.000010 0.000010 0.000010 0.386823 0.000010 0.000010 0.000010 0.000010 0.613097
0.000010 0.000010 0.000010 0.000010 0.000010 0.000010 0.000010 0.000010 0.000010 0.999910
0.002876 0.012788 0.315696 0.041917 0.041824 0.002622 0.559718 0.000010 0.000010 0.022538
0.857675 0.000010 0.000010 0.000010 0.142245 0.000010 0.000010 0.000010 0.000010 0.000010
0.000010 0.000010 0.000010 0.000010 0.999910 0.000010 0.000010 0.000010 0.000010 0.000010
0.000010 0.000010 0.000010 0.000010 0.000010 0.000010 0.000010 0.711654 0.000010 0.288266
0.000010 0.000010 0.000010 0.000010 0.000010 0.000010 0.000010 0.000010 0.999910 0.000010
0.999910 0.000010 0.000010 0.000010 0.000010 0.000010 0.000010 0.000010 0.000010 0.000010
0.000010 0.000010 0.000010 0.000010 0.000010 0.000010 0.000010 0.724484 0.000938 0.274507
0.000010 0.000010 0.000010 0.000010 0.000010 0.000010 0.000010 0.505555 0.000010 0.494365
0.000010 0.043084 0.000010 0.000010 0.000010 0.000010 0.000010 0.511582 0.000010 0.445264
0.000010 0.000010 0.000010 0.000010 0.014686 0.985234 0.000010 0.000010 0.000010 0.000010
0.000010 0.000010 0.000010 0.000010 0.660937 0.338983 0.000010 0.000010 0.000010 0.000010
0.000010 0.000010 0.000010 0.999910 0.000010 0.000010 0.000010 0.000010 0.000010 0.000010
0.000010 0.007226 0.236625 0.479102 0.000010 0.002600 0.274397 0.000010 0.000010 0.000010
0.000010 0.000010 0.000010 0.000010 0.067542 0.932094 0.000295 0.000010 0.000010 0.000010
0.024629 0.000010 0.000010 0.000010 0.000010 0.000010 0.000010 0.975291 0.000010 0.000010
0.000010 0.000010 0.000010 0.000010 0.055613 0.944307 0.000010 0.000010 0.000010 0.000010
0.000010 0.000010 0.000010 0.000010 0.023228 0.976692 0.000010 0.000010 0.000010 0.000010
0.000010 0.000010 0.000010 0.000010 0.000010 0.999910 0.000010 0.000010 0.000010 0.000010
0.030905 0.000010 0.612523 0.000010 0.003386 0.104481 0.248655 0.000010 0.000010 0.000010
0.000010 0.000010 0.000010 0.000010 0.047881 0.952039 0.000010 0.000010 0.000010 0.000010
0.000010 0.000010 0.094821 0.000010 0.000010 0.905099 0.000010 0.000010 0.000010 0.000010
0.000010 0.066600 0.000010 0.421291 0.000010 0.000010 0.000010 0.512039 0.000010 0.000010
0.000010 0.023882 0.391150 0.000010 0.278648 0.086224 0.220046 0.000010 0.000010 0.000010
0.000010 0.000010 0.045121 0.000010 0.853646 0.101162 0.000010 0.000010 0.000010 0.000010
0.000010 0.000010 0.000010 0.000010 0.000010 0.999910 0.000010 0.000010 0.000010 0.000010
0.011039 0.000010 0.388408 0.000010 0.032090 0.000010 0.568404 0.000010 0.000010 0.000010
0.000010 0.000010 0.038406 0.000010 0.000010 0.961514 0.000010 0.000010 0.000010 0.000010
0.000010 0.000010 0.999910 0.000010 0.000010 0.000010 0.000010 0.000010 0.000010 0.000010
0.000010 0.000010 0.995290 0.000010 0.004630 0.000010 0.000010 0.000010 0.000010 0.000010
0.000010 0.000010 0.068405 0.000010 0.173231 0.758295 0.000010 0.000010 0.000010 0.000010
0.000010 0.000010 0.000014 0.000010 0.021849 0.978067 0.000010 0.000010 0.000010 0.000010
0.000010 0.000010 0.000010 0.000010 0.237973 0.000010 0.000010 0.000010 0.680995 0.080961
0.000010 0.000010 0.999910 0.000010 0.000010 0.000010 0.000010 0.000010 0.000010 0.000010
0.015214 0.000010 0.012825 0.000010 0.113263 0.852812 0.000010 0.000010 0.005837 0.000010
0.000010 0.000010 0.000010 0.000010 0.000010 0.000010 0.000010 0.000010 0.999910 0.000010
0.020908 0.000010 0.000010 0.000010 0.001243 0.000010 0.000010 0.977778 0.000010 0.000010
0.000010 0.000010 0.442887 0.000010 0.000010 0.000010 0.557033 0.000010 0.000010 0.000010
0.000010 0.064749 0.000010 0.000010 0.000010 0.000010 0.000010 0.000010 0.935171 0.000010
0.000010 0.000010 0.000010 0.049423 0.000010 0.000010 0.000010 0.000010 0.950497 0.000010
0.000010 0.000010 0.000010 0.000010 0.000010 0.000010 0.000010 0.000010 0.907391 0.092529
0.000010 0.000010 0.000010 0.999910 0.000010 0.000010 0.000010 0.000010 0.000010 0.000010
0.000010 0.999910 0.000010 0.000010 0.000010 0.000010 0.000010 0.000010 0.000010 0.000010
0.000010 0.329910 0.000010 0.000010 0.670010 0.000010 0.000010 0.000010 0.000010 0.000010
0.000012 0.000010 0.000010 0.989996 0.009922 0.000010 0.000010 0.000010 0.000010 0.000010
0.000010 0.000010 0.000010 0.000010 0.000010 0.000010 0.000010 0.999910 0.000010 0.000010
0.000010 0.000010 0.000010 0.000010 0.000010 0.000010 0.000010 0.000010 0.999910 0.000010
0.000010 0.999910 0.000010 0.000010 0.000010 0.000010 0.000010 0.000010 0.000010 0.000010
0.000010 0.999910 0.000010 0.000010 0.000010 0.000010 0.000010 0.000010 0.000010 0.000010
0.046600 0.001339 0.026009 0.034886 0.041717 0.000010 0.000010 0.044244 0.775279 0.029905
0.005563 0.092710 0.000010 0.338867 0.225559 0.000010 0.130891 0.000010 0.029996 0.176384
0.000010 0.000010 0.000010 0.000010 0.396524 0.000010 0.000010 0.000010 0.000010 0.603396
0.000010 0.000010 0.000010 0.995287 0.004633 0.000010 0.000010 0.000010 0.000010 0.000010
0.003985 0.101776 0.000010 0.000010 0.018182 0.000010 0.000010 0.000010 0.875997 0.000010
0.000010 0.000010 0.000010 0.000010 0.000010 0.000010 0.000010 0.406676 0.000010 0.593244
0.000010 0.000010 0.000010 0.000010 0.706503 0.000010 0.000010 0.000010 0.000010 0.293417
0.000010 0.000010 0.000010 0.999910 0.000010 0.000010 0.000010 0.000010 0.000010 0.000010
0.000010 0.000010 0.000010 0.000010 0.008113 0.000010 0.000010 0.991807 0.000010 0.000010
0.000010 0.999910 0.000010 0.000010 0.000010 0.000010 0.000010 0.000010 0.000010 0.000010
0.000010 0.092819 0.000010 0.838845 0.039539 0.028737 0.000010 0.000010 0.000010 0.000010
0.000010 0.000010 0.000010 0.000010 0.019969 0.000010 0.000010 0.000010 0.868953 0.111009
0.000010 0.000010 0.000010 0.968902 0.031018 0.000010 0.000010 0.000010 0.000010 0.000010
0.000010 0.023351 0.000010 0.003376 0.000010 0.000010 0.000010 0.529525 0.038015 0.405684
0.000010 0.000010 0.000010 0.000010 0.144608 0.855312 0.000010 0.000010 0.000010 0.000010
0.000010 0.000010 0.000010 0.000010 0.000010 0.999910 0.000010 0.000010 0.000010 0.000010
0.026787 0.000010 0.338556 0.000010 0.045498 0.000010 0.589098 0.000010 0.000010 0.000010
0.000010 0.000010 0.000010 0.000010 0.156513 0.000010 0.843407 0.000010 0.000010 0.000010
0.042263 0.000010 0.045771 0.006446 0.061978 0.006952 0.000010 0.015691 0.820870 0.000010
0.000010 0.000010 0.126568 0.071287 0.232932 0.025672 0.543491 0.000010 0.000010 0.000010
0.000010 0.000010 0.000010 0.000010 0.062669 0.000010 0.937251 0.000010 0.000010 0.000010
0.000010 0.000010 0.000010 0.000010 0.542835 0.000010 0.000010 0.000010 0.450476 0.006618
0.017021 0.000010 0.221098 0.034087 0.098434 0.077381 0.433604 0.000010 0.000010 0.118345
0.000010 0.000010 0.000010 0.000010 0.000010 0.999910 0.000010 0.000010 0.000010 0.000010
0.000010 0.000010 0.000010 0.000010 0.659035 0.000010 0.000012 0.000010 0.340883 0.000010
0.000010 0.000010 0.000010 0.030361 0.000010 0.000010 0.000010 0.749112 0.080808 0.139659
0.000010 0.000010 0.000010 0.000010 0.006068 0.000010 0.000010 0.000010 0.993852 0.000010
0.000010 0.000010 0.000010 0.999910 0.000010 0.000010 0.000010 0.000010 0.000010 0.000010
0.000010 0.000010 0.000010 0.000011 0.000010 0.000010 0.000010 0.000010 0.000010 0.999909
0.000010 0.000010 0.000010 0.000010 0.025103 0.000010 0.974817 0.000010 0.000010 0.000010
0.000010 0.000010 0.000010 0.000010 0.999910 0.000010 0.000010 0.000010 0.000010 0.000010
0.000011 0.000010 0.999909 0.000010 0.000010 0.000010 0.000010 0.000010 0.000010 0.000010
0.000010 0.000010 0.000010 0.000010 0.134235 0.019099 0.846596 0.000010 0.000010 0.000010
0.000010 0.000010 0.948448 0.000010 0.051472 0.000010 0.000010 0.000010 0.000010 0.000010
0.000010 0.000010 0.000010 0.000010 0.014867 0.062250 0.922813 0.000010 0.000010 0.000010
0.000010 0.049312 0.000010 0.000010 0.000010 0.000010 0.000010 0.510894 0.000010 0.439724
0.000010 0.068034 0.000010 0.913495 0.018401 0.000010 0.000010 0.000010 0.000010 0.000010
0.000010 0.000010 0.000010 0.000010 0.000010 0.000010 0.000010 0.415635 0.000010 0.584285
0.000010 0.000010 0.000010 0.000010 0.000010 0.000010 0.000010 0.000010 0.000010 0.999910
0.000010 0.000010 0.000010 0.999910 0.000010 0.000010 0.000010 0.000010 0.000010 0.000010
0.000010 0.000010 0.000010 0.000010 0.000010 0.000010 0.000010 0.000010 0.999910 0.000010
0.000010 0.047063 0.000010 0.000010 0.000010 0.000010 0.000010 0.000010 0.952857 0.000010
0.000010 0.000010 0.000010 0.000010 0.000010 0.000010 0.000010 0.681719 0.000010 0.318201
0.000010 0.000010 0.000010 0.000010 0.000010 0.000010 0.000010 0.513026 0.000010 0.486894
0.000010 0.000010 0.000010 0.000010 0.000010 0.000010 0.000010 0.999910 0.000010 0.000010
0.000010 0.000010 0.000010 0.000010 0.000010 0.000010 0.000010 0.001156 0.998764 0.000010
0.000859 0.000010 0.000010 0.000010 0.000010 0.000010 0.000010 0.000010 0.933185 0.065887
0.000010 0.000010 0.000010 0.000010 0.000010 0.000010 0.000010 0.999910 0.000010 0.000010
0.000010 0.000010 0.000010 0.999910 0.000010 0.000010 0.000010 0.000010 0.000010 0.000010
0.019547 0.010685 0.000010 0.022006 0.184526 0.000010 0.000010 0.199748 0.015097 0.548360
0.000010 0.000010 0.000010 0.000010 0.000010 0.000010 0.000010 0.000010 0.999910 0.000010
0.000010 0.000010 0.000010 0.000010 0.000010 0.000010 0.000010 0.648964 0.000010 0.350956
0.014488 0.000010 0.259828 0.035983 0.070374 0.077713 0.541574 0.000010 0.000010 0.000010
0.000010 0.087170 0.000010 0.060086 0.057098 0.000010 0.000010 0.000010 0.689325 0.106271
0.000010 0.000010 0.000010 0.000010 0.402338 0.000010 0.543700 0.023823 0.000010 0.030079
0.000010 0.000010 0.000010 0.000010 0.000010 0.000010 0.000010 0.000010 0.999910 0.000010
0.000010 0.000010 0.000010 0.000010 0.000010 0.000010 0.000010 0.999910 0.000010 0.000010
0.000010 0.000010 0.000010 0.000010 0.000010 0.000010 0.000010 0.671236 0.000010 0.328684
0.000010 0.000010 0.000010 0.000010 0.000010 0.000010 0.000010 0.000010 0.999910 0.000010
0.000010 0.000010 0.000010 0.000010 0.000010 0.000010 0.000010 0.999910 0.000010 0.000010
0.000010 0.000010 0.000010 0.000010 0.756097 0.000010 0.000010 0.000010 0.000010 0.243823
0.000010 0.000010 0.000010 0.000010 0.017726 0.000010 0.000010 0.000010 0.982194 0.000010
0.000010 0.000010 0.000010 0.000010 0.000010 0.000010 0.000010 0.000010 0.000010 0.999910
0.015005 0.000010 0.000010 0.000010 0.080429 0.768311 0.136195 0.000010 0.000010 0.000010
0.999910 0.000010 0.000010 0.000010 0.000010 0.000010 0.000010 0.000010 0.000010 0.000010
0.000010 0.000010 0.999910 0.000010 0.000010 0.000010 0.000010 0.000010 0.000010 0.000010
0.000010 0.000010 0.000010 0.000010 0.000010 0.000010 0.999910 0.000010 0.000010 0.000010
0.000679 0.000010 0.314953 0.000010 0.000254 0.000010 0.684054 0.000010 0.000010 0.000010
0.000010 0.000010 0.000010 0.000010 0.023292 0.000010 0.976628 0.000010 0.000010 0.000010
0.000010 0.000010 0.326971 0.000010 0.049615 0.000010 0.621168 0.000010 0.002186 0.000010
0.007788 0.000010 0.148251 0.000010 0.205223 0.127738 0.402696 0.000010 0.012636 0.095638
0.000010 0.000010 0.375505 0.000010 0.000010 0.000010 0.624415 0.000010 0.000010 0.000010
0.000010 0.000010 0.000010 0.000010 0.000010 0.000010 0.000010 0.000010 0.999910 0.000010
0.011160 0.000010 0.566356 0.000010 0.000010 0.021851 0.400572 0.000010 0.000010 0.000010
0.999910 0.000010 0.000010 0.000010 0.000010 0.000010 0.000010 0.000010 0.000010 0.000010
0.000010 0.000010 0.300788 0.000010 0.000010 0.024770 0.674372 0.000010 0.000010 0.000010
0.000010 0.000010 0.000010 0.000010 0.000010 0.991527 0.008393 0.000010 0.000010 0.000010
0.000010 0.000010 0.000010 0.000010 0.000010 0.000010 0.000010 0.999910 0.000010 0.000010
0.000010 0.000010 0.000010 0.000010 0.000010 0.999910 0.000010 0.000010 0.000010 0.000010
0.000010 0.000014 0.000010 0.000010 0.000010 0.999906 0.000010 0.000010 0.000010 0.000010
0.000010 0.000010 0.998868 0.000010 0.001052 0.000010 0.000010 0.000010 0.000010 0.000010
0.000010 0.000010 0.290864 0.027256 0.003945 0.068960 0.608926 0.000010 0.000010 0.000010
0.000010 0.000010 0.000010 0.000010 0.000010 0.999910 0.000010 0.000010 0.000010 0.000010
0.000010 0.000010 0.000010 0.000010 0.000010 0.999910 0.000010 0.000010 0.000010 0.000010
0.000010 0.000010 0.445015 0.000010 0.006308 0.052784 0.495834 0.000010 0.000010 0.000010
0.000010 0.000010 0.000010 0.000010 0.000010 0.000010 0.000010 0.721994 0.000010 0.277926
0.011437 0.019746 0.399832 0.000010 0.156036 0.040307 0.370055 0.000010 0.002558 0.000010
0.000010 0.000010 0.000010 0.000010 0.000010 0.999910 0.000010 0.000010 0.000010 0.000010
0.000020 0.038020 0.326789 0.000010 0.000010 0.013528 0.621593 0.000010 0.000010 0.000010
0.000010 0.000010 0.999910 0.000010 0.000010 0.000010 0.000010 0.000010 0.000010 0.000010
0.000010 0.000010 0.000010 0.000010 0.000221 0.999699 0.000010 0.000010 0.000010 0.000010
0.000010 0.000010 0.000010 0.000010 0.000010 0.000010 0.000010 0.999910 0.000010 0.000010
0.000010 0.000010 0.000010 0.000010 0.060944 0.938976 0.000010 0.000010 0.000010 0.000010
0.000010 0.000010 0.000010 0.000010 0.000010 0.000010 0.999910 0.000010 0.000010 0.000010
0.000010 0.059345 0.344670 0.000010 0.060988 0.018281 0.516666 0.000010 0.000010 0.000010
0.000010 0.000010 0.999910 0.000010 0.000010 0.000010 0.000010 0.000010 0.000010 0.000010
0.000010 0.000010 0.000010 0.000010 0.000010 0.000010 0.000010 0.767580 0.000010 0.232340
0.000010 0.054519 0.000010 0.082906 0.000010 0.046877 0.815638 0.000010 0.000010 0.000010
0.000010 0.000010 0.999910 0.000010 0.000010 0.000010 0.000010 0.000010 0.000010 0.000010
0.000010 0.000010 0.367848 0.000010 0.000010 0.000010 0.632072 0.000010 0.000010 0.000010
0.000010 0.000010 0.000010 0.000010 0.999910 0.000010 0.000010 0.000010 0.000010 0.000010
0.000010 0.000010 0.000010 0.000010 0.907546 0.092374 0.000010 0.000010 0.000010 0.000010
0.000010 0.000010 0.000010 0.000010 0.440622 0.000010 0.000010 0.000010 0.000010 0.559298
0.000010 0.026057 0.000010 0.000010 0.396062 0.000010 0.577811 0.000010 0.000010 0.000010
0.000010 0.000010 0.000010 0.000010 0.000010 0.999910 0.000010 0.000010 0.000010 0.000010
0.000010 0.000012 0.000014 0.000010 0.849968 0.149946 0.000010 0.000010 0.000010 0.000010
0.000010 0.000010 0.000010 0.000010 0.999910 0.000010 0.000010 0.000010 0.000010 0.000010
0.000010 0.000010 0.000010 0.000010 0.882100 0.000010 0.000010 0.117820 0.000010 0.000010
0.000010 0.000010 0.496909 0.000010 0.025807 0.000010 0.477214 0.000010 0.000010 0.000010
0.000010 0.000010 0.000012 0.000010 0.999908 0.000010 0.000010 0.000010 0.000010 0.000010
0.000010 0.000010 0.000010 0.051000 0.735805 0.000010 0.213125 0.000010 0.000010 0.000010
0.000010 0.000010 0.000012 0.000010 0.787619 0.000010 0.212299 0.000010 0.000010 0.000010
0.000010 0.000010 0.029177 0.000010 0.643268 0.000010 0.135642 0.000011 0.000010 0.191853
0.000010 0.000010 0.000010 0.000010 0.739943 0.086406 0.173581 0.000010 0.000010 0.000010
0.000010 0.000010 0.000010 0.000010 0.344148 0.000010 0.055401 0.000010 0.600382 0.000010
0.000010 0.000010 0.000010 0.509745 0.490175 0.000010 0.000010 0.000010 0.000010 0.000010
0.000010 0.000010 0.215070 0.000010 0.144213 0.032196 0.608461 0.000010 0.000010 0.000010
0.000010 0.000010 0.000010 0.000010 0.209244 0.790676 0.000010 0.000010 0.000010 0.000010
0.000010 0.000010 0.000010 0.000010 0.058078 0.941842 0.000010 0.000010 0.000010 0.000010
0.000010 0.000010 0.000010 0.000010 0.026435 0.973485 0.000010 0.000010 0.000010 0.000010
0.549400 0.000010 0.000010 0.000010 0.450514 0.000010 0.000010 0.000015 0.000010 0.000010
0.000010 0.000010 0.000010 0.000010 0.216093 0.000010 0.783827 0.000010 0.000010 0.000010
0.000010 0.000010 0.000010 0.000010 0.000010 0.000010 0.999910 0.000010 0.000010 0.000010
0.012426 0.000010 0.000010 0.000010 0.196438 0.791066 0.000010 0.000010 0.000010 0.000010
0.000010 0.000010 0.597061 0.000010 0.010832 0.057081 0.334967 0.000010 0.000010 0.000010
0.000010 0.000010 0.000010 0.000010 0.000010 0.999910 0.000010 0.000010 0.000010 0.000010
0.999910 0.000010 0.000010 0.000010 0.000010 0.000010 0.000010 0.000010 0.000010 0.000010
0.000010 0.000010 0.013387 0.000010 0.003747 0.982795 0.000010 0.000010 0.000010 0.000010
0.000010 0.000010 0.000010 0.000010 0.116695 0.883225 0.000010 0.000010 0.000010 0.000010
0.999902 0.000010 0.000010 0.000010 0.000010 0.000018 0.000010 0.000010 0.000010 0.000010
0.999910 0.000010 0.000010 0.000010 0.000010 0.000010 0.000010 0.000010 0.000010 0.000010
0.000010 0.000010 0.249783 0.016718 0.000010 0.000010 0.733429 0.000010 0.000010 0.000010
0.000010 0.000010 0.000010 0.000010 0.000010 0.999910 0.000010 0.000010 0.000010 0.000010
0.000010 0.000010 0.000010 0.000010 0.000010 0.000010 0.999910 0.000010 0.000010 0.000010
0.000010 0.000010 0.000010 0.000010 0.000010 0.999910 0.000010 0.000010 0.000010 0.000010
