0.000010 0.000010 0.955448 0.000010 0.000010 0.044512
0.976681 0.015739 0.007550 0.000010 0.000010 0.000010
0.804685 0.019788 0.000012 0.000010 0.160414 0.015091
0.831643 0.000010 0.108930 0.000010 0.059397 0.000010
0.838420 0.000010 0.059451 0.000010 0.102099 0.000010
0.893943 0.000010 0.106017 0.000010 0.000010 0.000010
0.000010 0.999950 0.000010 0.000010 0.000010 0.000010
0.000010 0.000010 0.000010 0.000010 0.999950 0.000010
0.901133 0.000010 0.000010 0.018779 0.080058 0.000010
0.000010 0.999950 0.000010 0.000010 0.000010 0.000010
0.000010 0.999950 0.000010 0.000010 0.000010 0.000010
0.000010 0.999950 0.000010 0.000010 0.000010 0.000010
0.128483 0.665425 0.060360 0.017292 0.000010 0.128429
0.158903 0.618749 0.016737 0.000010 0.003805 0.201795
0.000010 0.000010 0.822040 0.000010 0.000010 0.177920
0.000010 0.999950 0.000010 0.000010 0.000010 0.000010
0.026672 0.558080 0.028678 0.000010 0.128494 0.258066
0.003752 0.073117 0.350871 0.000010 0.362496 0.209754
0.000010 0.000010 0.000010 0.000010 0.000010 0.999950
0.000010 0.085719 0.597053 0.000010 0.000010 0.317198
0.080401 0.625599 0.135074 0.000481 0.000010 0.158435
0.000010 0.867566 0.132394 0.000010 0.000010 0.000010
0.000010 0.000015 0.000010 0.000010 0.000010 0.999945
0.798540 0.028272 0.063739 0.000010 0.109430 0.000010
0.000010 0.999950 0.000010 0.000010 0.000010 0.000010
0.000010 0.999950 0.000010 0.000010 0.000010 0.000010
0.125911 0.644805 0.073640 0.031376 0.000010 0.124257
0.930703 0.000010 0.027998 0.005844 0.019543 0.015903
0.895788 0.000010 0.018350 0.000010 0.085832 0.000010
0.000010 0.693327 0.306633 0.000010 0.000010 0.000010
0.000010 0.451038 0.548922 0.000010 0.000010 0.000010
0.000010 0.842607 0.120881 0.018737 0.000010 0.017754
0.842912 0.054800 0.061107 0.010510 0.030660 0.000010
0.000010 0.000010 0.143130 0.856830 0.000010 0.000010
0.000010 0.000010 0.999950 0.000010 0.000010 0.000010
0.000010 0.999950 0.000010 0.000010 0.000010 0.000010
0.000010 0.000010 0.000010 0.000010 0.000010 0.999950
0.000010 0.000010 0.000010 0.999950 0.000010 0.000010
0.000010 0.987702 0.000010 0.000010 0.000010 0.012258
0.000010 0.990008 0.000010 0.000010 0.000010 0.009952
0.000010 0.975994 0.000010 0.000010 0.000010 0.023966
0.000010 0.000010 0.000010 0.000010 0.999950 0.000010
0.000010 0.000010 0.648654 0.000010 0.351306 0.000010
0.117230 0.666130 0.062486 0.030274 0.000010 0.123870
0.599608 0.315041 0.000010 0.016412 0.018313 0.050616
0.000010 0.000010 0.057938 0.000010 0.942022 0.000010
0.000010 0.965548 0.000010 0.029178 0.005244 0.000010
0.000010 0.000010 0.036435 0.000010 0.963525 0.000010
0.000010 0.000010 0.007304 0.000010 0.992656 0.000010
0.000010 0.000010 0.000010 0.000010 0.999950 0.000010
0.816996 0.000010 0.009884 0.033265 0.139836 0.000010
0.000010 0.000010 0.026802 0.000010 0.973158 0.000010
0.015095 0.000010 0.000010 0.000010 0.984865 0.000010
0.000767 0.869784 0.028458 0.013786 0.000010 0.087194
0.581444 0.005872 0.295227 0.000010 0.117437 0.000010
0.011498 0.000010 0.836239 0.000010 0.152233 0.000010
0.000010 0.000010 0.000010 0.000010 0.999950 0.000010
0.942488 0.000010 0.047114 0.010367 0.000010 0.000010
0.011346 0.000010 0.000010 0.000010 0.988614 0.000010
0.999950 0.000010 0.000010 0.000010 0.000010 0.000010
0.923589 0.000010 0.040431 0.000010 0.035950 0.000010
0.042586 0.000010 0.171390 0.000010 0.785994 0.000010
0.000010 0.000010 0.001134 0.000010 0.998826 0.000010
0.000010 0.042709 0.266358 0.000010 0.000010 0.690903
0.961250 0.000010 0.000010 0.000010 0.038710 0.000010
0.000010 0.000010 0.110321 0.014930 0.868786 0.005943
0.000010 0.000010 0.000010 0.000010 0.000010 0.999950
0.000010 0.985105 0.000010 0.014307 0.000010 0.000558
0.999950 0.000010 0.000010 0.000010 0.000010 0.000010
0.000010 0.000010 0.000010 0.000010 0.000010 0.999950
0.000010 0.000011 0.000010 0.000010 0.000010 0.999949
0.000010 0.015359 0.038896 0.000010 0.000010 0.945715
0.123767 0.655752 0.059919 0.000010 0.000010 0.160542
0.045962 0.340080 0.058266 0.046914 0.000010 0.508769
0.000010 0.041219 0.752084 0.000010 0.000010 0.206667
0.092420 0.588945 0.132473 0.025652 0.000010 0.160500
0.000010 0.999950 0.000010 0.000010 0.000010 0.000010
0.000010 0.000010 0.000010 0.000010 0.000010 0.999950
0.019993 0.383179 0.000010 0.078553 0.000010 0.518255
0.056127 0.347743 0.000010 0.058141 0.000010 0.537968
0.024978 0.082993 0.054808 0.046446 0.000010 0.790765
0.158381 0.356776 0.338118 0.020404 0.000010 0.126311
0.000010 0.438438 0.528583 0.000010 0.000010 0.032949
0.139611 0.630747 0.117255 0.004666 0.000010 0.107711
0.000010 0.000010 0.032892 0.015331 0.000010 0.951747
0.000010 0.961043 0.038917 0.000010 0.000010 0.000010
0.000010 0.203621 0.796339 0.000010 0.000010 0.000010
0.121676 0.708936 0.029441 0.015818 0.000010 0.124119
0.000010 0.993465 0.000010 0.000010 0.000010 0.006495
0.049536 0.357682 0.022995 0.045239 0.000010 0.524539
0.140068 0.584359 0.089791 0.000010 0.043517 0.142256
0.000010 0.052393 0.065270 0.000010 0.000010 0.882307
0.129501 0.643899 0.072549 0.030822 0.020064 0.103165
0.000010 0.900646 0.046759 0.000010 0.000010 0.052565
0.000010 0.000010 0.138860 0.000010 0.861100 0.000010
0.000010 0.000010 0.000010 0.000010 0.999950 0.000010
0.916676 0.000010 0.053016 0.030278 0.000010 0.000010
0.821414 0.000010 0.171206 0.000010 0.007350 0.000010
0.023215 0.005739 0.061781 0.042263 0.029503 0.837499
0.687314 0.000010 0.291260 0.000010 0.021396 0.000010
0.914623 0.000010 0.085337 0.000010 0.000010 0.000010
0.000010 0.000010 0.562764 0.000010 0.000010 0.437196
0.624486 0.117698 0.141153 0.020517 0.096136 0.000010
0.000010 0.000010 0.000010 0.000010 0.999950 0.000010
0.000010 0.000010 0.678577 0.000010 0.000010 0.321383
0.000010 0.911286 0.000010 0.000010 0.000010 0.088674
0.000010 0.000010 0.005995 0.000010 0.000010 0.993965
0.113453 0.636147 0.071216 0.014463 0.000010 0.164712
0.000010 0.793242 0.206718 0.000010 0.000010 0.000010
0.940517 0.000010 0.059443 0.000010 0.000010 0.000010
0.000010 0.000010 0.999950 0.000010 0.000010 0.000010
0.943058 0.000010 0.011586 0.000010 0.045326 0.000010
0.807150 0.000010 0.131713 0.000010 0.061108 0.000010
0.850172 0.000010 0.084068 0.000010 0.065730 0.000010
0.876409 0.000010 0.030113 0.000010 0.093448 0.000010
0.000010 0.912837 0.067491 0.000010 0.000010 0.019642
0.116549 0.614541 0.086238 0.022592 0.007820 0.152260
0.000010 0.902540 0.073274 0.000010 0.000010 0.024156
0.000010 0.759340 0.240620 0.000010 0.000010 0.000010
0.111139 0.703251 0.030776 0.007099 0.000010 0.147725
0.000010 0.000010 0.000010 0.000010 0.000010 0.999950
0.000010 0.000010 0.000010 0.000010 0.000010 0.999950
0.000010 0.999950 0.000010 0.000010 0.000010 0.000010
0.000010 0.999950 0.000010 0.000010 0.000010 0.000010
0.000010 0.999950 0.000010 0.000010 0.000010 0.000010
0.000010 0.000010 0.000010 0.000010 0.000010 0.999950
0.000010 0.042992 0.005327 0.000010 0.002927 0.948734
0.000010 0.999950 0.000010 0.000010 0.000010 0.000010
0.111337 0.690860 0.046790 0.011491 0.000010 0.139512
0.000010 0.668857 0.291524 0.012176 0.000010 0.027423
0.000010 0.000010 0.000010 0.000010 0.000010 0.999950
0.000010 0.999950 0.000010 0.000010 0.000010 0.000010
0.779749 0.017049 0.091898 0.019245 0.092049 0.000010
0.000010 0.116069 0.112902 0.002121 0.000010 0.768889
0.541335 0.027981 0.429388 0.001275 0.000010 0.000010
0.000010 0.000010 0.000010 0.000010 0.000010 0.999950
0.000010 0.999950 0.000010 0.000010 0.000010 0.000010
0.000010 0.999950 0.000010 0.000010 0.000010 0.000010
0.000010 0.000010 0.000010 0.000010 0.000010 0.999950
0.000010 0.999950 0.000010 0.000010 0.000010 0.000010
0.000010 0.143210 0.856750 0.000010 0.000010 0.000010
0.000010 0.000010 0.024226 0.000010 0.000010 0.975734
0.000010 0.822757 0.173446 0.000010 0.000010 0.003766
0.126243 0.000010 0.075285 0.013712 0.784739 0.000010
0.000010 0.000010 0.000010 0.999950 0.000010 0.000010
0.982768 0.000010 0.000010 0.000010 0.017192 0.000010
0.963361 0.000010 0.000012 0.000010 0.036597 0.000010
0.987761 0.000010 0.007796 0.003092 0.001331 0.000010
0.923067 0.000010 0.054784 0.000010 0.022119 0.000010
0.910280 0.000010 0.042366 0.000010 0.034009 0.013325
0.525209 0.064453 0.240045 0.009923 0.144292 0.016078
0.999950 0.000010 0.000010 0.000010 0.000010 0.000010
0.000010 0.000010 0.000010 0.000010 0.000010 0.999950
0.923299 0.000010 0.000010 0.012901 0.063770 0.000010
0.000010 0.000010 0.000010 0.999950 0.000010 0.000010
0.940185 0.000010 0.000010 0.000010 0.059775 0.000010
0.000010 0.000010 0.000010 0.000010 0.999950 0.000010
0.000010 0.999950 0.000010 0.000010 0.000010 0.000010
0.000010 0.000010 0.000010 0.000010 0.999950 0.000010
0.000010 0.000010 0.000010 0.000010 0.999950 0.000010
0.856642 0.040931 0.000010 0.003875 0.088125 0.010416
0.883031 0.000010 0.018975 0.000010 0.097964 0.000010
0.000010 0.000010 0.000010 0.000010 0.999950 0.000010
0.000010 0.000010 0.000010 0.000010 0.999950 0.000010
0.902906 0.000010 0.010909 0.000010 0.086155 0.000010
0.000010 0.999950 0.000010 0.000010 0.000010 0.000010
0.739934 0.000010 0.154233 0.014926 0.071006 0.019890
0.000010 0.000010 0.000010 0.000010 0.999950 0.000010
0.947191 0.005938 0.000010 0.014871 0.031980 0.000010
0.909780 0.008074 0.000017 0.000010 0.082108 0.000010
0.000010 0.000010 0.000010 0.000010 0.999950 0.000010
0.000010 0.999950 0.000010 0.000010 0.000010 0.000010
0.000010 0.000010 0.039968 0.000010 0.959992 0.000010
0.931939 0.000010 0.004490 0.000010 0.043168 0.020384
0.849321 0.020127 0.080482 0.000010 0.039771 0.010289
0.943547 0.000010 0.000010 0.000010 0.056413 0.000010
0.000010 0.999950 0.000010 0.000010 0.000010 0.000010
0.826155 0.062613 0.018696 0.000010 0.065286 0.027241
0.898029 0.000010 0.000010 0.010712 0.091229 0.000010
0.999950 0.000010 0.000010 0.000010 0.000010 0.000010
0.074374 0.000010 0.925586 0.000010 0.000010 0.000010
0.000010 0.000010 0.880948 0.000010 0.119012 0.000010
0.000010 0.427224 0.572736 0.000010 0.000010 0.000010
0.573393 0.000010 0.426567 0.000010 0.000010 0.000010
0.000010 0.000010 0.000010 0.000010 0.999950 0.000010
0.000010 0.000010 0.832959 0.000010 0.167001 0.000010
0.000010 0.000010 0.959835 0.000010 0.040125 0.000010
0.000010 0.106290 0.869415 0.000010 0.024265 0.000010
0.962333 0.000010 0.037627 0.000010 0.000010 0.000010
0.000010 0.000010 0.999937 0.000017 0.000016 0.000010
0.224701 0.000010 0.775259 0.000010 0.000010 0.000010
0.207799 0.000010 0.792161 0.000010 0.000010 0.000010
0.166305 0.147867 0.685798 0.000010 0.000010 0.000010
0.153403 0.000010 0.728910 0.000010 0.117656 0.000010
0.048202 0.000010 0.359328 0.000010 0.000010 0.592440
0.000010 0.279752 0.682314 0.000010 0.000010 0.037904
0.788197 0.000010 0.151278 0.000010 0.060496 0.000010
0.000010 0.000010 0.197016 0.000010 0.802944 0.000010
0.000010 0.000010 0.044079 0.000010 0.955881 0.000010
0.000010 0.000010 0.010130 0.000010 0.989830 0.000010
0.000010 0.000010 0.456902 0.543058 0.000010 0.000010
0.760433 0.000010 0.232310 0.000010 0.007227 0.000010
0.966945 0.000010 0.000010 0.000010 0.033015 0.000010
0.000010 0.000010 0.182610 0.010254 0.807106 0.000010
0.860852 0.005133 0.024404 0.000988 0.108613 0.000010
0.000010 0.000010 0.000010 0.000010 0.999950 0.000010
0.000010 0.000010 0.000010 0.999950 0.000010 0.000010
0.000010 0.000010 0.000010 0.000010 0.999950 0.000010
0.000010 0.000010 0.102726 0.000010 0.897234 0.000010
0.000010 0.000010 0.000010 0.999950 0.000010 0.000010
0.000010 0.000010 0.000010 0.999950 0.000010 0.000010
0.991395 0.000010 0.000461 0.008115 0.000010 0.000010
0.000010 0.000010 0.000010 0.000010 0.999950 0.000010
0.908367 0.000010 0.000010 0.031688 0.059914 0.000010
0.000010 0.000010 0.000010 0.000010 0.999950 0.000010
